54.000,98.000,23.000,2.000,34.000,6.000,28.000,37.000,99.000,78.000,25.000,14.000,36.000,9.000,90.000,65.000,51.000,91.000,89.000,97.000,17.000,6.000,24.000,60.000,40.000,45.000,33.000,60.000,90.000,83.000,24.000,77.000,58.000,4.000,18.000,91.000,26.000,5.000,62.000,19.000,28.000,31.000,59.000,36.000,49.000,2.000,96.000,55.000,38.000,20.000,91.000,76.000,73.000,69.000,26.000,5.000,76.000,86.000,10.092,47.000,94.000,72.000,59.000,39.000,4.000,68.000,21.000,61.000,16.000,83.000,46.000,57.000,36.000,74.000,21.000,16.000,47.000,5.000,34.000,4.000
75.000,24.000,90.000,13.000,1.000,22.000,58.000,38.000,10.000,20.000,60.000,35.000,33.000,58.000,49.000,11.000,11.000,74.000,93.000,47.000,36.000,97.000,8.000,82.000,88.000,9.000,27.000,72.000,17.000,8.000,84.000,16.000,29.000,49.000,35.000,17.000,6.000,62.000,55.000,74.000,52.000,99.000,88.000,94.000,72.000,14.000,34.000,13.000,47.000,16.000,40.000,66.000,55.000,86.000,78.000,24.000,64.000,24.000,40.000,26.000,58.000,79.000,45.000,100.000,20.000,32.000,74.000,46.000,50.000,5.000,25.000,11.000,75.000,36.000,85.000,87.000,57.000,94.000,34.000,16.000
46.000,23.000,88.000,61.000,16.000,88.000,55.000,14.000,77.000,43.000,92.000,18.000,61.000,25.000,96.000,45.000,10.000,52.000,72.000,71.000,80.000,19.000,21.000,75.000,21.000,75.000,88.000,14.000,28.000,84.000,33.000,78.000,97.000,95.000,70.000,57.000,72.000,5.000,11.000,23.000,64.000,38.000,99.000,10.000,51.000,65.000,40.000,70.000,20.000,27.000,32.000,70.000,21.000,47.000,16.000,72.000,98.000,21.000,22.000,97.000,92.000,61.000,16.000,31.000,27.000,42.000,72.000,62.000,20.000,35.000,42.000,97.000,33.000,55.000,50.000,12.000,15.000,57.000,9.000,43.000
67.000,63.000,38.000,95.000,36.000,72.000,32.000,65.000,8.000,62.000,37.000,77.000,48.000,98.000,1.000,93.000,72.000,22.000,20.000,38.000,26.000,69.000,40.000,3.000,50.000,16.000,80.000,69.000,65.000,4.000,82.000,72.000,3.000,99.000,43.000,2.000,30.000,20.000,53.000,21.000,64.000,64.000,42.000,10.000,54.000,15.000,55.000,62.000,40.000,13.000,7.000,80.000,46.000,31.000,75.000,40.000,84.000,41.000,63.000,8.000,16.000,29.000,15.000,26.000,28.000,70.000,13.000,71.000,27.000,31.000,83.000,22.000,97.000,72.000,46.000,93.000,91.000,4.000,51.000,31.000
83.000,73.000,96.000,32.000,71.000,93.000,96.000,97.000,70.000,47.000,94.000,55.000,80.000,95.000,38.000,54.000,77.000,12.000,81.000,92.000,12.000,24.000,16.000,78.000,5.000,55.000,30.000,29.000,45.000,39.000,25.000,52.000,93.000,52.000,32.000,2.000,66.000,78.000,77.000,16.000,6.000,18.000,55.000,96.000,8.000,96.000,2.000,63.000,49.000,78.000,57.000,68.000,24.000,14.000,23.000,60.000,81.000,73.000,33.000,54.000,11.000,23.000,40.000,95.000,10.000,62.000,45.000,74.000,82.000,53.000,97.000,66.000,46.000,90.000,18.000,22.000,54.000,71.000,22.000,94.000
81.000,16.000,49.000,28.000,2.000,39.000,64.000,81.000,12.000,47.000,95.000,9.000,8.000,85.000,35.000,52.000,24.000,87.000,68.000,100.000,7.000,16.000,64.000,55.000,99.000,78.000,100.000,79.000,76.000,30.000,29.000,81.000,49.000,33.000,19.000,70.000,60.000,34.000,61.000,86.000,92.000,1.000,54.000,87.000,10.000,95.000,18.000,68.000,74.000,46.000,67.000,25.000,51.000,88.000,62.000,43.000,10.000,37.000,72.000,2.000,71.000,13.000,78.000,31.000,32.000,20.000,9.000,14.000,21.000,93.000,18.000,42.000,9.000,13.000,100.000,34.000,17.000,27.000,10.000,77.000
23.000,54.000,78.000,45.000,8.000,43.000,42.000,16.000,87.000,65.000,40.000,33.000,5.000,29.000,94.000,14.000,59.000,89.000,29.000,61.000,38.000,1.000,36.000,14.000,84.000,76.000,59.000,75.000,89.000,16.000,9.000,54.000,67.000,74.000,53.000,63.000,15.000,85.000,77.000,48.000,17.000,79.000,39.000,89.000,28.000,62.000,61.000,70.000,85.000,51.000,61.000,46.000,75.000,100.000,89.000,67.000,15.000,54.000,88.000,30.000,2.000,92.000,90.000,38.000,98.000,46.000,12.000,91.000,60.000,58.000,25.000,99.000,7.000,32.000,60.000,88.000,77.000,36.000,32.000,62.000
56.000,55.000,48.000,15.000,86.000,88.000,61.000,7.000,83.000,48.000,59.000,46.000,75.000,54.000,63.000,5.000,1.000,1.000,90.000,98.000,84.000,49.000,6.000,54.000,60.000,29.000,99.000,31.000,99.000,61.000,59.000,86.000,82.000,19.000,25.000,57.000,39.000,18.000,59.000,7.000,22.000,31.000,88.000,59.000,37.000,7.000,48.000,16.000,32.000,21.000,29.000,91.000,62.000,39.000,100.000,85.000,51.000,89.000,44.000,72.000,77.000,71.000,85.000,15.000,35.000,53.000,52.000,74.000,76.000,12.000,69.000,3.000,26.000,43.000,44.000,6.000,36.000,30.000,15.000,90.000
72.000,100.000,85.000,61.000,96.000,70.000,39.000,48.000,18.000,90.000,10.000,14.000,8.000,60.000,62.000,89.000,65.000,90.000,91.000,80.000,71.000,12.000,85.000,70.000,37.000,6.000,78.000,70.000,84.000,39.000,71.000,69.000,47.000,58.000,37.000,30.000,61.000,42.000,16.000,82.000,27.000,56.000,4.000,12.000,8.000,30.000,95.000,47.000,2.000,30.000,13.000,58.000,75.000,85.000,100.000,20.000,46.000,24.000,27.000,82.000,31.000,49.000,14.000,89.000,90.000,11.000,75.000,6.000,14.000,49.000,90.000,56.000,19.000,9.000,11.000,62.000,68.000,98.000,51.000,21.000
18.000,57.000,5.000,25.000,86.000,60.000,30.000,94.000,72.000,45.000,53.000,100.000,98.000,94.000,77.000,88.000,99.000,33.000,46.000,62.000,69.000,90.000,5.000,2.000,49.000,3.000,85.000,98.000,10.000,69.000,47.000,88.000,9.000,56.000,76.000,28.000,48.000,90.000,6.000,46.000,77.000,97.000,80.000,57.000,98.000,73.000,71.000,63.000,66.000,85.000,96.000,62.000,10.000,74.000,85.000,79.000,37.000,29.000,18.000,79.000,5.000,81.000,66.000,81.000,24.000,96.000,82.000,21.000,32.000,61.000,30.000,16.000,87.000,76.000,93.000,98.000,2.000,72.000,58.000,69.000
20.000,39.000,55.000,78.000,29.000,12.000,22.000,10.000,14.000,93.000,17.000,41.000,83.000,17.000,90.000,1.000,89.000,52.000,68.000,66.000,5.000,35.000,3.000,99.000,39.000,49.000,80.000,93.000,79.000,98.000,36.000,16.000,10.000,58.000,18.000,71.000,16.000,13.000,31.000,19.000,66.000,68.000,4.000,2.000,65.000,83.000,82.000,46.000,2.000,31.173,27.000,74.000,57.000,94.000,89.000,90.000,80.000,46.000,11.000,16.000,39.000,10.000,15.000,71.000,98.000,18.254,3.330,67.000,47.000,68.000,29.000,9.000,50.000,84.000,72.000,63.000,54.000,98.000,25.000,8.000
12.000,35.000,3.000,35.000,2.000,55.000,16.000,90.000,5.000,96.000,92.000,81.000,43.000,81.000,7.000,38.000,71.000,99.000,55.000,26.000,84.000,85.000,59.000,69.000,34.000,54.000,24.000,38.000,51.000,65.000,66.000,76.000,57.000,34.000,20.000,13.000,26.000,2.000,27.000,22.000,5.000,27.000,20.000,70.000,54.000,17.000,29.000,24.000,67.000,91.000,6.000,46.000,79.000,59.000,66.000,26.000,71.000,84.000,3.000,99.000,22.000,40.000,44.000,18.000,48.000,52.000,26.000,77.000,23.000,64.000,1.000,78.000,65.000,63.000,34.000,41.000,79.000,89.000,2.000,30.000
100.000,47.000,92.000,100.000,66.000,68.000,23.000,28.000,99.000,43.000,100.000,70.000,74.000,62.000,24.000,94.000,89.000,1.000,47.000,30.000,5.000,23.000,21.000,79.000,46.000,42.000,63.000,31.000,31.000,29.000,81.000,6.000,7.000,83.000,42.000,42.000,52.000,54.000,48.000,28.000,17.000,30.000,28.000,1.000,44.000,97.000,7.000,62.000,14.000,77.000,58.000,41.000,8.000,90.000,39.000,2.000,68.000,88.000,7.000,21.000,16.000,6.000,47.000,85.000,87.000,84.000,53.000,67.000,45.000,11.000,46.000,12.000,39.000,81.000,75.000,54.000,19.000,64.000,7.000,87.000
58.000,66.000,53.000,90.000,92.000,100.000,30.000,63.000,68.000,22.000,3.000,55.000,31.000,68.000,10.000,62.000,15.000,92.000,29.000,67.000,52.000,24.000,49.000,87.000,58.000,26.000,59.000,64.000,32.000,24.000,77.000,28.000,19.000,10.000,88.000,48.000,48.000,21.000,64.000,8.000,10.000,27.000,28.000,14.000,51.000,91.000,23.000,95.000,72.000,56.000,61.000,16.000,64.000,87.000,12.000,99.000,28.000,98.000,81.000,40.000,64.000,22.000,12.000,63.000,5.000,17.000,8.000,97.000,77.000,31.000,83.000,61.000,4.000,55.000,80.000,94.000,20.000,75.000,1.000,52.000
62.000,74.000,2.000,20.000,2.000,15.000,64.000,68.000,68.000,50.000,3.000,22.000,56.000,29.000,35.000,21.000,76.000,20.000,70.000,42.000,35.000,10.000,87.000,44.000,93.000,66.000,99.000,18.000,63.000,37.000,96.000,86.000,86.000,41.000,36.000,46.000,72.000,96.000,19.000,62.000,10.000,63.000,24.000,72.000,19.000,85.000,16.000,57.000,93.000,43.000,62.000,7.000,87.000,83.000,14.000,91.000,84.000,44.000,68.000,69.000,23.000,26.000,68.000,74.000,30.000,94.000,1.000,97.000,55.000,35.000,50.000,58.000,62.000,4.000,99.000,52.000,51.000,75.000,4.000,27.000
38.000,29.000,50.000,80.000,43.000,96.000,68.000,98.000,99.000,45.000,89.000,2.000,69.000,18.000,72.000,38.000,49.000,57.000,67.000,43.000,7.000,81.000,80.000,1.000,90.000,74.000,95.000,76.000,4.000,29.000,54.000,88.000,54.000,90.000,52.000,75.000,24.000,54.000,8.000,67.000,6.000,89.000,23.000,36.000,90.000,17.000,48.000,40.000,21.000,96.000,15.000,42.000,1.000,73.000,72.000,75.000,13.000,83.000,12.000,16.000,15.000,39.000,95.000,56.000,20.000,46.000,23.000,43.000,85.000,69.000,59.000,75.000,94.000,56.000,3.000,50.000,93.000,90.000,80.000,88.000
12.000,31.000,74.000,57.000,84.000,72.000,61.000,2.000,94.000,42.000,94.000,52.000,15.000,53.000,65.000,43.000,23.000,20.000,91.000,7.000,22.000,48.000,86.000,54.000,51.000,1.000,38.000,84.000,40.000,14.000,94.000,29.000,7.000,74.000,31.000,65.000,13.000,52.000,91.000,34.000,56.000,13.000,85.000,52.000,43.000,32.000,31.000,33.000,76.000,41.000,78.000,6.000,14.000,74.000,95.000,56.000,20.000,33.000,61.000,56.000,30.000,83.000,82.000,100.000,45.000,94.000,62.000,47.000,74.000,5.000,87.000,7.000,60.000,70.000,96.000,21.000,93.000,92.000,35.000,2.000
45.000,28.000,79.000,74.000,12.000,5.000,60.000,74.000,44.000,83.000,98.000,31.000,54.000,33.000,89.000,43.000,4.000,72.000,94.000,10.000,91.000,25.000,9.000,3.000,49.000,83.000,70.000,21.000,22.000,91.000,44.000,67.000,66.000,41.000,56.000,90.000,66.000,72.000,92.000,60.000,15.000,45.000,49.000,97.000,38.000,88.000,7.000,76.000,94.000,81.000,39.000,59.000,70.000,74.000,64.000,67.000,2.000,17.000,99.000,77.000,73.000,74.000,96.000,30.000,27.000,88.000,68.000,95.000,56.000,5.000,81.000,100.000,42.000,83.000,96.000,72.000,51.000,56.000,69.000,42.000
71.000,74.000,3.000,44.000,42.000,97.000,90.000,80.000,24.000,88.000,87.000,6.000,16.000,8.000,66.000,16.000,51.000,1.000,49.000,77.000,69.000,28.000,61.000,75.000,35.000,2.000,10.000,71.000,73.000,50.000,15.000,26.000,22.000,81.000,21.000,74.000,37.000,34.000,84.000,86.000,100.000,12.000,79.000,24.000,75.000,51.000,28.000,60.000,8.000,49.000,70.000,41.000,42.000,72.000,21.000,23.000,29.000,85.000,79.000,74.000,2.000,8.000,88.000,74.000,32.000,65.000,48.000,58.000,60.000,47.000,16.000,10.000,100.000,68.000,38.000,11.000,74.000,98.000,83.000,88.000
41.000,22.000,64.000,31.000,100.000,74.000,41.000,77.000,71.000,69.000,51.000,27.000,74.000,35.000,33.000,67.000,83.000,55.000,81.000,3.000,17.000,81.000,17.000,24.000,15.374,3.000,97.000,6.000,19.332,60.000,7.000,97.000,50.000,52.000,84.000,1.000,2.000,20.000,26.000,38.000,64.000,100.000,62.000,30.000,13.000,44.000,17.000,7.000,35.000,99.000,54.000,20.000,12.000,15.000,5.000,100.000,13.000,62.000,23.000,80.000,45.000,80.000,81.000,87.000,63.000,87.000,43.000,90.000,39.000,82.000,80.000,41.000,93.000,99.000,92.000,57.000,9.000,46.000,39.000,91.000
41.000,43.000,33.000,77.000,67.000,68.000,55.000,88.000,14.000,42.000,57.000,37.000,90.000,63.000,65.000,20.000,8.000,5.000,32.000,66.000,4.000,32.000,91.000,63.000,34.000,57.000,100.000,30.000,85.000,23.000,30.000,31.000,12.000,61.000,18.000,64.000,57.000,17.000,51.000,67.000,60.000,16.000,3.000,29.000,8.000,23.000,34.000,36.000,55.000,2.000,54.000,69.000,67.000,92.000,79.000,84.000,12.000,71.000,2.000,86.000,38.000,54.000,64.000,31.000,58.000,42.000,70.000,67.000,96.000,41.000,63.000,78.000,77.000,79.000,24.000,35.000,46.000,71.000,67.000,84.000
47.000,57.000,44.000,51.000,55.000,70.000,74.000,63.000,46.000,14.000,39.000,7.000,23.000,54.000,64.000,29.000,54.000,20.000,51.000,4.000,37.000,97.000,5.000,25.000,24.000,17.000,52.000,50.000,10.000,48.000,100.000,53.000,50.000,78.000,13.000,81.000,25.000,10.000,33.000,26.000,4.000,22.000,21.000,73.000,86.000,64.000,87.000,16.000,65.000,81.000,17.000,20.000,95.000,97.000,12.000,61.000,44.000,55.000,48.000,15.000,13.000,95.000,29.000,32.000,100.000,27.000,91.000,10.000,10.000,99.000,28.000,94.000,79.000,69.000,68.000,70.000,59.000,9.000,39.000,35.000
100.000,13.000,5.000,12.000,98.000,50.000,79.000,90.000,30.000,52.000,89.000,93.000,42.000,81.000,41.000,81.000,5.000,64.000,43.000,40.000,29.000,97.000,40.000,11.000,53.000,92.000,52.000,74.000,81.000,1.000,41.000,37.000,27.000,48.000,56.000,17.000,49.000,73.000,31.000,88.000,63.000,44.000,84.000,93.000,27.000,38.000,19.000,11.922,23.000,66.000,21.000,59.000,95.000,41.000,19.000,33.000,97.000,51.000,6.000,66.000,52.000,70.000,68.000,80.000,36.000,6.000,43.000,35.000,18.000,29.000,4.000,26.000,91.000,62.000,25.000,93.000,52.000,11.000,25.000,21.000
59.000,25.000,70.000,43.000,75.000,94.000,87.000,49.000,51.000,11.000,29.000,55.000,17.000,73.000,70.000,20.000,55.000,10.000,31.000,54.000,59.000,22.000,37.000,93.000,10.000,73.000,84.000,58.000,13.000,76.000,37.000,100.000,21.000,51.000,35.000,35.000,68.000,71.000,20.000,38.000,96.000,61.000,71.000,44.000,17.000,6.000,61.000,67.000,31.000,62.000,61.000,77.000,48.000,57.000,94.000,71.000,38.000,6.000,77.000,85.000,18.000,33.000,14.000,19.000,20.000,21.000,35.000,18.000,30.000,22.000,68.000,14.000,51.000,15.000,84.000,64.000,96.000,63.000,51.000,69.000
4.000,85.000,40.000,87.000,18.000,50.000,42.000,75.000,57.000,80.000,81.000,43.000,16.000,85.000,39.000,74.000,53.000,4.000,47.000,50.000,62.000,12.000,24.000,5.000,19.000,46.000,20.466,58.000,42.000,11.073,76.000,26.000,63.000,69.000,1.000,84.000,31.000,27.000,1.000,97.000,94.000,59.000,20.000,96.000,65.000,43.000,17.000,63.000,50.000,47.000,24.000,31.000,69.000,24.000,91.000,45.000,97.000,65.000,99.000,36.000,22.000,40.000,4.000,8.000,60.000,35.000,24.000,18.000,93.000,2.000,32.000,52.000,18.000,2.000,85.000,83.000,93.000,56.000,59.000,74.000
9.000,10.000,44.000,97.000,57.000,41.000,21.000,68.000,18.000,3.000,18.000,31.000,44.000,95.000,95.000,72.000,85.000,88.000,46.000,9.000,51.000,71.000,28.000,8.000,44.000,30.000,38.000,9.000,54.000,68.000,30.000,27.000,46.000,50.000,21.000,4.000,7.000,82.000,69.000,89.000,27.000,51.000,93.000,5.000,18.000,31.000,40.000,43.000,90.000,80.000,1.000,29.000,8.511,39.000,64.000,94.000,84.000,63.000,7.000,49.000,7.000,93.000,3.000,72.000,88.000,3.000,97.000,19.000,52.000,63.000,95.000,21.000,75.000,13.000,80.000,94.000,9.000,91.000,58.000,61.000
35.000,27.000,79.000,29.000,87.000,66.000,41.000,99.000,40.000,1.000,2.000,42.000,25.000,21.000,56.000,69.000,97.000,69.000,71.000,29.000,47.000,7.000,8.000,30.000,94.000,89.000,43.000,47.000,69.000,6.000,38.000,34.000,80.000,39.000,71.000,56.000,16.000,82.000,16.000,75.000,1.000,83.000,50.000,63.000,71.000,96.000,27.000,59.000,26.000,95.000,81.000,74.000,84.000,74.000,56.000,11.000,41.000,65.000,85.000,71.000,47.000,60.000,48.000,67.000,25.000,57.000,14.000,19.000,87.000,76.000,75.000,68.000,61.000,16.000,53.000,5.000,61.000,81.000,29.000,78.000
92.000,80.000,59.000,60.000,17.000,72.000,92.000,76.000,81.000,27.000,38.000,24.000,83.000,80.000,64.000,96.000,25.000,47.000,27.000,46.000,21.000,98.000,76.000,71.000,34.000,47.000,39.000,68.000,59.000,10.000,95.000,6.000,77.000,69.000,38.000,44.000,76.000,47.000,14.000,76.000,80.000,12.000,81.000,62.000,28.000,38.000,12.000,55.000,26.000,61.000,12.000,25.000,67.000,96.000,6.000,58.000,30.000,88.000,73.000,68.000,12.000,36.000,7.000,30.000,79.000,61.000,32.000,47.000,19.000,20.000,20.000,83.000,57.000,31.000,89.000,6.000,15.000,14.000,81.000,22.000
80.000,23.000,65.000,14.000,30.000,89.000,23.000,55.000,34.000,96.000,6.000,24.000,69.000,89.000,53.000,8.000,94.000,11.000,40.000,77.000,41.000,42.000,15.000,5.000,14.000,35.000,53.000,23.000,52.000,78.000,21.000,89.000,93.000,13.000,23.000,3.000,27.000,63.000,75.000,67.000,77.000,63.000,55.000,61.000,3.000,67.000,18.000,60.000,44.000,45.000,80.000,78.000,46.000,62.000,62.000,34.000,72.000,67.000,1.000,19.000,81.000,18.000,78.000,66.000,31.000,48.000,50.000,84.000,37.000,37.000,39.000,44.000,58.000,46.000,22.000,13.000,69.000,25.000,10.000,36.000
6.000,53.000,76.000,100.000,20.000,11.000,71.000,14.000,83.000,16.000,45.000,38.000,5.000,78.000,61.000,38.000,33.000,66.000,50.000,50.000,66.000,16.000,80.000,8.000,39.000,9.000,38.000,48.000,23.000,35.000,2.000,17.000,61.000,49.000,15.000,31.000,93.000,85.000,72.000,16.257,92.000,95.000,41.000,28.000,54.000,5.000,57.000,67.000,45.000,47.000,2.000,28.000,9.000,68.000,62.000,92.000,58.000,90.000,82.000,49.000,80.000,49.000,91.000,98.000,1.000,37.000,1.000,81.000,8.000,33.000,68.000,30.000,35.000,71.000,18.000,44.000,13.000,43.000,6.000,14.000
72.000,64.000,63.000,93.000,44.000,11.000,55.000,30.000,34.000,25.000,47.000,96.000,82.000,12.000,73.000,93.000,42.000,55.000,39.000,40.000,96.000,92.000,54.000,20.000,74.000,80.000,98.000,13.000,23.000,9.000,37.000,29.000,76.000,49.000,60.000,38.000,29.000,26.000,66.000,1.000,58.000,10.000,20.000,75.000,43.000,99.000,30.000,50.000,9.000,75.000,69.000,85.000,92.000,26.000,46.000,50.000,76.000,98.000,28.000,17.000,63.000,14.000,97.000,59.000,59.000,67.000,91.000,16.000,92.000,9.000,69.000,29.000,34.000,47.000,29.000,23.000,50.000,7.000,2.000,15.000
95.000,45.000,62.000,87.000,22.000,85.000,24.000,99.000,89.000,72.000,54.000,51.000,63.000,35.000,42.000,27.000,27.000,39.000,36.000,16.000,12.000,23.000,75.000,5.000,21.000,93.000,69.000,3.000,1.000,76.000,63.000,58.000,96.000,65.000,54.000,42.000,89.000,39.000,81.000,68.000,70.000,69.000,62.000,90.000,40.000,73.000,100.000,6.000,41.000,36.000,47.000,77.000,85.000,76.000,47.000,65.000,100.000,32.000,30.000,48.000,12.000,1.000,77.000,59.000,42.000,100.000,38.000,70.000,12.000,57.000,74.000,64.000,92.000,47.000,68.000,14.000,32.000,45.000,34.000,42.000
88.000,46.000,96.000,23.000,44.000,49.000,89.000,78.000,32.000,89.000,37.000,96.000,60.000,13.000,98.000,17.000,50.000,76.000,90.000,80.000,58.000,10.000,90.000,21.000,78.000,30.000,89.000,17.000,59.000,94.000,28.000,78.000,11.000,47.000,78.000,59.000,20.000,83.000,79.000,67.000,83.000,13.000,42.000,29.000,5.000,25.000,53.000,8.000,41.000,13.000,33.000,62.000,89.000,100.000,34.000,35.000,16.000,35.000,12.000,46.000,26.000,47.000,41.000,13.000,39.000,61.000,46.000,39.000,93.000,75.000,1.000,76.000,87.000,93.000,7.000,5.000,55.000,26.000,68.000,49.000
88.000,80.000,72.000,28.000,99.000,72.000,86.000,2.000,8.000,26.000,86.000,86.000,56.000,91.000,26.000,33.000,61.000,63.000,87.000,22.844,69.000,49.000,94.000,85.000,78.000,34.000,21.000,66.000,50.000,57.000,20.000,46.000,84.000,1.000,32.000,54.000,25.000,83.000,36.000,3.000,38.000,76.000,7.000,73.000,69.000,59.000,50.000,11.922,9.000,89.000,72.000,40.000,66.000,48.000,2.000,73.000,57.000,99.000,41.000,62.000,88.000,62.000,59.000,50.000,19.000,27.000,75.000,21.000,85.000,20.000,85.000,44.000,48.000,56.000,72.000,48.000,11.000,1.000,55.000,40.000
90.000,31.000,99.000,72.000,98.000,7.000,55.000,56.000,47.000,72.000,63.000,69.000,19.000,54.000,76.000,21.000,21.000,40.000,60.000,7.000,50.000,36.000,61.000,10.000,22.000,15.000,30.000,74.000,49.000,86.000,79.000,75.000,60.000,46.000,91.000,88.000,32.000,44.000,64.000,95.000,63.000,5.000,28.000,15.000,52.000,13.000,97.000,15.000,13.000,93.000,11.000,84.000,15.000,98.000,1.000,72.000,90.000,36.000,72.000,85.000,91.000,24.000,20.000,42.000,49.000,97.000,63.000,51.000,64.000,22.000,19.000,46.000,55.000,6.000,38.000,61.000,2.000,42.000,51.000,6.000
44.000,63.000,84.000,97.000,50.000,32.000,96.000,65.000,82.000,6.000,87.000,42.000,8.000,1.000,3.000,28.000,38.000,59.000,3.000,26.000,63.000,56.000,32.000,31.000,3.000,68.000,6.000,76.000,73.000,24.000,50.000,66.000,48.000,1.000,72.000,16.000,90.000,15.000,58.000,67.000,26.684,37.000,85.000,100.000,49.000,8.000,15.000,77.000,18.000,57.000,90.000,10.000,94.000,22.000,67.000,5.489,67.000,11.000,79.000,96.000,51.000,21.000,58.000,80.000,19.000,25.000,45.000,29.000,97.000,20.000,30.000,97.000,39.000,13.000,21.000,37.000,95.000,65.000,61.000,94.000
61.000,38.000,32.000,52.000,27.000,18.000,18.000,93.000,62.000,78.000,81.000,42.000,88.000,14.000,4.000,75.000,43.000,41.000,59.000,42.000,44.000,14.000,6.000,87.000,33.000,99.000,17.000,40.000,7.000,33.000,95.000,9.000,1.000,80.000,94.000,41.000,15.000,95.000,77.000,59.000,67.000,71.000,82.000,11.000,43.000,39.000,82.000,80.000,3.000,98.000,62.000,75.000,14.000,12.000,91.000,78.000,22.000,7.000,24.000,25.000,12.000,86.000,41.000,1.000,45.000,91.000,39.000,49.000,61.000,84.000,99.000,84.000,34.000,58.000,63.000,94.000,9.000,3.000,2.000,4.000
26.000,30.000,73.000,52.000,93.000,69.000,80.000,73.000,71.000,84.000,48.000,3.000,24.000,86.000,21.000,82.000,89.000,5.000,3.000,41.000,29.000,58.000,24.000,82.000,67.000,76.000,95.000,52.000,62.000,92.000,5.000,82.000,15.000,45.000,85.000,7.000,99.000,20.000,73.000,53.000,97.000,37.000,14.000,31.000,88.000,47.000,33.000,34.000,19.000,29.000,69.000,68.000,65.000,14.000,47.000,67.000,46.000,42.000,39.000,21.000,81.000,7.000,17.000,81.000,7.000,39.000,29.000,95.000,91.000,19.000,28.000,54.000,1.000,64.000,70.000,51.000,96.000,51.000,6.000,15.000
22.000,38.000,1.000,44.000,41.000,99.000,27.000,24.000,41.000,72.000,23.000,59.000,64.000,21.000,75.000,2.000,59.000,9.000,54.000,52.000,29.000,32.000,57.000,60.000,3.000,96.000,76.000,69.000,64.000,92.000,87.000,77.000,18.000,41.000,44.000,57.000,30.000,40.000,45.000,4.000,90.000,95.000,89.000,44.000,79.000,34.000,66.000,10.000,30.000,90.000,47.000,98.000,73.000,60.000,73.000,21.000,86.000,59.000,33.000,14.000,93.000,5.000,16.000,63.000,88.000,79.000,94.000,99.000,57.000,60.000,21.000,58.000,84.000,58.000,34.000,91.000,79.000,71.000,6.000,95.000
8.000,78.000,9.000,28.000,52.000,11.000,71.000,74.000,60.000,66.000,82.000,20.000,36.000,28.000,21.000,41.000,16.000,78.000,55.000,29.000,86.000,97.000,46.000,53.000,2.000,83.000,15.000,20.000,96.000,81.000,7.000,18.000,36.000,53.000,92.000,98.000,27.000,50.000,79.000,21.000,54.000,64.000,80.000,63.000,21.000,24.000,68.000,59.000,91.000,84.000,28.000,72.000,58.000,79.000,81.000,7.000,76.000,56.000,71.000,25.000,45.000,90.000,66.000,29.000,98.000,26.000,9.000,80.000,88.000,83.000,40.000,25.000,28.000,82.000,60.000,85.000,38.000,66.000,4.000,90.000
82.000,69.000,24.000,89.000,71.000,16.000,75.000,23.000,58.000,35.000,22.000,77.000,84.000,22.000,66.000,89.000,79.000,100.000,56.000,95.000,68.000,29.000,42.000,75.000,27.000,85.000,63.000,29.000,88.000,71.000,32.000,80.000,89.000,63.000,93.000,61.000,49.000,41.000,25.000,48.000,82.000,33.000,39.000,39.000,52.000,71.000,3.000,75.000,26.000,7.000,7.000,47.000,29.000,33.000,34.000,67.000,35.000,83.000,63.000,77.000,50.000,90.000,71.000,78.000,55.000,84.000,38.000,96.000,30.000,29.000,2.000,24.000,22.000,87.000,86.000,22.000,59.000,82.000,91.000,3.000
80.000,70.000,89.000,81.000,7.000,37.000,40.000,79.000,29.000,49.000,31.000,76.000,19.000,72.000,20.000,25.000,12.000,98.000,14.000,33.000,8.000,70.000,65.000,4.000,2.000,67.000,23.000,60.000,36.000,23.000,83.000,4.000,63.000,87.000,67.000,37.000,55.000,17.000,52.000,47.000,92.000,9.000,91.000,43.000,89.000,37.000,92.000,31.000,91.000,24.000,90.000,19.000,64.000,92.000,10.000,26.000,79.000,66.000,15.000,15.000,80.000,49.000,19.000,92.000,88.000,57.000,55.000,96.000,2.000,77.000,22.000,7.000,75.000,55.000,2.000,7.000,10.000,9.000,36.000,4.000
82.000,48.000,29.000,61.000,97.000,99.000,17.000,53.000,92.000,21.000,25.000,83.000,20.000,95.000,64.000,83.000,38.000,90.000,92.000,74.000,84.000,60.000,46.000,66.000,39.000,85.000,96.000,18.000,80.000,52.000,24.000,66.000,43.000,98.000,94.000,93.000,64.000,51.000,4.000,36.000,82.000,48.000,49.000,56.000,7.000,56.000,12.000,73.000,78.000,83.000,66.000,85.000,87.000,88.000,21.000,19.000,96.000,38.000,4.000,44.000,12.000,46.000,5.000,29.000,94.000,3.000,17.000,64.000,80.000,1.000,13.000,67.000,54.000,15.000,54.000,67.000,70.000,92.000,17.000,75.000
72.000,48.000,22.000,90.000,59.000,62.000,56.000,7.000,4.000,77.000,69.000,43.000,86.000,7.000,14.000,93.000,91.000,61.000,36.000,78.000,69.000,8.000,26.000,57.000,96.000,99.000,75.000,49.000,88.000,56.000,56.000,56.000,52.000,15.000,49.000,11.000,13.000,2.000,67.000,60.000,22.000,61.000,88.000,49.000,95.000,92.000,3.000,63.000,44.000,79.000,44.000,60.000,96.000,55.000,20.000,76.000,39.000,19.000,75.000,23.000,92.000,61.000,32.000,89.000,12.000,82.000,67.000,40.000,59.000,74.000,5.000,13.000,62.000,32.000,26.000,9.000,35.000,15.000,60.000,8.000
67.000,25.000,1.000,51.000,34.000,8.000,41.000,2.000,15.000,47.000,31.000,20.000,69.000,28.000,6.000,56.000,75.000,40.000,86.000,52.000,64.000,16.000,16.000,92.000,95.000,29.000,85.000,67.000,54.000,73.000,69.000,71.000,15.000,43.000,8.000,61.000,51.000,65.000,71.000,98.000,2.000,82.000,83.000,16.000,79.000,6.000,81.000,33.000,85.000,50.000,67.000,91.000,98.000,96.000,56.000,27.000,56.000,47.000,90.000,27.000,82.000,86.000,43.000,81.000,74.000,74.000,4.000,88.000,29.000,99.000,79.000,80.000,32.000,30.000,50.000,26.000,47.000,86.000,92.000,90.000
86.000,94.000,49.000,88.000,57.000,38.000,6.000,83.000,27.000,35.000,77.000,46.000,82.000,99.000,87.000,57.000,44.000,79.000,23.000,38.000,50.000,41.000,77.000,63.000,82.000,50.000,36.000,62.000,93.000,84.000,57.000,78.000,87.000,87.000,6.000,85.000,44.000,10.000,92.000,44.000,21.000,91.000,49.000,32.000,43.000,99.000,38.000,69.000,43.000,62.000,52.000,71.000,40.000,48.000,43.000,45.000,8.000,93.000,62.000,53.000,4.000,35.000,21.000,50.000,21.000,28.000,63.000,10.000,85.000,62.000,78.000,70.000,15.000,81.000,37.000,51.000,31.000,96.000,43.000,89.000
31.000,16.000,50.000,2.000,30.000,74.000,91.000,31.000,55.000,26.000,73.000,5.000,1.000,79.000,79.000,30.000,67.000,45.000,94.000,51.000,79.000,45.000,74.000,79.000,43.000,88.000,97.000,39.000,49.000,1.000,6.000,4.000,60.000,6.000,22.000,4.000,2.000,20.000,16.000,34.000,19.000,16.000,19.000,20.000,72.000,4.000,84.000,78.000,67.000,89.000,73.000,1.000,94.000,93.000,70.000,22.000,53.000,18.000,16.000,56.000,92.000,45.000,70.000,8.000,8.000,65.000,53.000,81.000,87.000,43.000,81.000,59.000,73.000,39.000,35.000,53.000,57.000,21.000,55.000,34.000
97.000,91.000,88.000,100.000,10.000,67.000,41.000,38.000,90.000,27.000,3.000,56.000,56.000,69.000,87.000,53.000,14.000,51.000,53.000,82.000,36.000,81.000,80.000,30.000,82.000,28.000,37.000,54.000,45.000,90.000,17.000,94.000,88.000,5.000,55.000,19.000,35.000,50.000,19.000,81.000,35.000,66.000,81.000,76.000,38.000,98.000,44.000,67.000,24.000,75.000,30.000,71.000,29.000,77.000,89.000,85.000,9.000,21.000,12.000,30.000,11.000,6.000,15.000,1.000,11.000,24.000,82.000,61.000,61.000,26.000,56.000,5.000,75.000,84.000,11.000,38.000,57.000,24.000,61.000,25.000
9.000,8.000,64.000,48.000,99.000,26.000,93.000,44.000,22.000,83.000,43.000,62.000,91.000,75.000,67.000,69.000,1.000,43.000,75.000,73.000,15.000,47.000,64.000,86.000,67.000,29.000,50.000,5.000,14.000,39.000,44.000,73.000,97.000,96.000,35.000,98.000,79.000,40.000,39.000,45.000,48.000,52.000,34.000,43.000,37.000,42.000,91.000,89.000,45.000,100.000,60.000,38.000,40.000,3.000,68.000,63.000,40.000,59.000,33.000,20.000,93.000,90.000,76.000,13.000,26.000,46.000,73.000,47.000,98.000,17.000,87.000,9.285,72.000,67.000,10.000,26.000,75.000,61.000,8.849,1.000
30.000,30.000,22.000,85.000,35.000,63.000,64.000,48.000,56.000,59.000,49.000,86.000,21.000,84.000,81.000,24.000,82.000,77.000,56.000,77.000,12.000,19.000,58.000,24.000,47.000,67.000,35.000,4.000,87.000,61.000,11.000,81.000,85.000,28.000,71.000,8.000,15.000,92.000,59.000,67.000,47.000,35.000,84.000,33.000,95.000,11.000,10.000,85.000,71.000,89.000,93.000,44.000,62.000,61.000,76.000,58.000,53.000,82.000,14.000,31.000,85.000,91.000,38.000,47.000,16.000,72.000,85.000,55.000,7.000,26.000,20.000,3.000,72.000,97.000,18.000,48.000,63.000,39.000,87.000,45.000
44.000,78.000,37.000,47.000,64.000,13.000,53.000,12.000,69.000,51.000,56.000,87.000,41.000,11.000,73.000,17.000,20.000,19.000,16.000,6.000,9.000,22.000,77.000,33.000,81.000,15.000,1.000,72.000,54.000,41.000,72.000,2.000,67.000,31.000,24.000,31.000,52.000,33.000,61.000,82.000,78.000,100.000,57.000,56.000,95.000,16.000,74.000,30.000,45.000,95.000,33.000,29.000,37.000,65.000,73.000,69.000,80.000,51.000,2.000,23.000,3.000,29.000,73.000,50.000,61.000,37.000,58.000,11.000,67.000,80.000,34.000,94.000,58.000,7.000,39.000,78.000,47.000,38.000,55.000,75.000
83.000,41.000,97.000,37.000,7.000,7.000,51.000,60.000,60.000,56.000,16.000,88.000,21.000,22.000,41.000,26.000,95.000,64.000,2.000,93.000,33.000,29.000,48.000,54.000,42.000,25.000,39.000,56.000,24.000,56.000,71.000,95.000,48.000,91.000,87.000,25.000,49.000,5.000,8.000,9.000,25.000,92.000,59.000,25.000,18.000,87.000,12.000,9.000,85.000,27.000,6.000,1.000,96.000,33.000,25.000,86.000,53.000,19.000,71.000,89.000,41.000,70.000,68.000,23.000,79.000,54.000,90.000,42.000,81.000,82.000,60.000,59.000,18.000,90.000,51.000,46.000,12.000,98.000,33.000,30.000
98.000,74.000,5.000,2.000,73.000,84.000,26.000,31.000,47.000,59.000,72.000,5.000,24.000,94.000,27.000,70.000,91.000,6.000,48.000,73.000,61.000,75.000,63.000,59.000,4.000,14.000,71.000,78.000,54.000,24.000,99.000,3.000,67.000,34.000,81.000,85.000,66.000,59.000,82.000,59.000,14.000,53.000,7.000,8.000,74.000,8.000,56.000,60.000,97.000,54.000,30.000,24.000,71.000,34.000,64.000,43.000,88.000,88.000,100.000,8.000,84.000,100.000,60.000,33.000,29.000,32.000,89.000,15.000,97.000,98.000,16.000,53.000,87.000,89.000,51.000,90.000,53.000,81.000,91.000,93.000
79.000,77.000,77.000,19.000,32.000,39.000,81.000,38.000,56.000,87.000,4.000,64.000,95.000,16.000,17.000,52.000,96.000,56.000,54.000,13.000,71.000,46.000,22.000,90.000,83.000,86.000,72.000,24.000,97.000,42.000,89.000,66.000,85.000,25.000,24.000,2.000,36.000,24.000,47.000,49.000,57.000,19.000,65.000,92.000,32.000,35.000,55.000,53.000,100.000,59.000,83.000,7.000,73.000,89.000,29.000,58.000,22.000,18.000,65.000,58.000,96.000,84.000,79.000,35.000,18.000,70.000,39.000,92.000,97.000,8.000,67.000,84.000,13.000,32.000,64.000,56.000,94.000,79.000,97.000,5.000
97.000,52.000,14.000,31.000,72.000,46.000,66.000,94.000,70.000,65.000,81.000,29.000,62.000,26.000,11.000,3.000,80.000,21.000,11.000,58.000,52.000,43.000,66.000,11.000,9.000,70.000,28.000,74.000,100.000,83.000,86.000,65.000,23.000,53.000,62.000,17.000,78.000,98.000,28.000,37.000,11.000,91.000,12.000,37.000,72.000,39.000,58.000,31.000,63.000,62.000,43.000,90.000,82.000,53.000,62.000,17.000,47.000,50.000,36.000,92.000,76.000,46.000,75.000,36.000,50.000,3.000,70.000,35.000,37.000,27.000,63.000,34.000,11.000,18.000,45.000,9.000,19.000,7.000,94.000,31.000
47.000,32.000,81.000,80.000,53.000,66.000,84.000,43.000,32.000,14.000,64.000,62.000,98.000,24.000,41.000,17.000,50.000,41.000,97.000,39.000,90.000,43.000,24.000,57.000,29.000,64.000,61.000,26.000,96.000,33.000,60.000,18.000,41.000,45.000,95.000,84.000,69.000,78.000,80.000,71.000,62.000,13.000,93.000,31.000,75.000,69.000,39.000,92.000,69.000,31.000,36.000,87.000,48.000,33.000,64.000,51.000,97.000,49.000,69.000,91.000,24.000,91.000,14.000,23.000,99.000,64.000,27.000,4.000,72.000,43.000,95.000,55.000,34.000,4.000,11.000,61.000,82.000,46.000,81.000,56.000
8.000,40.000,29.000,57.000,64.000,48.000,82.000,52.000,74.000,26.000,22.000,35.000,74.000,38.000,26.000,78.000,4.000,82.000,6.000,42.000,24.000,42.000,7.000,54.000,54.000,79.000,32.000,50.000,69.000,81.000,28.000,30.000,98.000,35.000,65.000,50.000,73.000,95.000,5.000,65.000,96.000,96.000,95.000,31.000,83.000,43.000,67.000,73.000,20.000,53.000,39.000,22.000,34.000,83.000,82.000,22.000,90.000,94.000,13.000,52.000,19.000,17.000,54.000,33.000,94.000,13.000,61.000,73.000,79.000,73.000,62.000,55.000,21.000,76.000,27.000,74.000,14.000,22.000,4.000,44.000
86.000,80.000,56.000,58.000,35.000,14.000,40.000,46.000,34.000,22.000,67.000,100.000,15.000,37.000,55.000,81.000,1.000,50.000,53.000,41.000,83.000,13.000,40.000,73.000,72.000,59.000,72.000,93.000,81.000,72.000,89.000,24.000,79.000,40.000,9.000,46.000,92.000,83.000,52.000,89.000,11.000,84.000,85.000,46.000,22.000,77.000,95.000,24.000,41.000,59.000,2.000,25.000,88.000,99.000,28.000,71.000,1.000,89.000,21.000,93.000,75.000,52.000,66.000,53.000,26.000,46.000,37.000,30.000,85.000,46.000,12.000,74.000,3.000,28.000,33.000,83.000,73.000,17.000,66.000,45.000
95.000,25.000,99.000,36.000,77.000,12.000,78.000,48.000,60.000,4.000,34.000,89.000,67.000,37.000,37.000,42.000,35.000,30.000,24.000,22.000,4.000,59.000,80.000,17.000,7.000,81.000,58.000,33.000,92.000,23.000,55.000,88.000,59.000,27.000,71.000,53.000,18.000,56.000,12.000,73.000,6.000,54.000,77.000,36.000,69.000,22.000,9.000,23.000,25.000,76.000,71.000,56.000,4.000,54.000,32.000,18.000,25.000,45.000,2.000,83.000,84.000,89.000,46.000,5.000,13.000,83.000,36.000,37.000,87.000,21.000,44.000,66.000,34.000,49.000,89.000,23.000,88.000,93.000,78.000,59.000
30.000,70.000,39.000,11.000,29.000,13.000,19.000,93.000,94.000,91.000,53.000,16.000,26.000,70.000,81.000,45.000,79.000,12.000,67.000,82.000,7.000,79.000,58.000,88.000,41.000,88.000,15.000,87.000,1.000,85.000,58.000,38.000,60.000,78.000,40.000,45.000,8.000,26.000,85.000,10.000,26.000,14.000,79.000,94.000,19.000,2.000,66.000,52.000,63.000,52.000,9.000,21.000,49.000,52.000,60.000,31.000,77.000,33.000,89.000,47.000,83.000,3.000,95.000,18.000,90.000,66.000,41.000,56.000,49.000,76.000,86.000,93.000,76.000,61.000,98.000,59.000,89.000,56.000,34.000,80.000
52.000,11.000,10.000,34.000,40.000,34.000,21.000,65.000,36.000,41.000,3.000,58.000,71.000,4.000,6.000,65.000,61.000,75.000,95.000,25.000,54.000,39.000,38.000,65.000,41.000,52.000,99.000,80.000,73.000,46.000,73.000,46.000,12.000,2.000,47.000,39.000,84.000,52.000,17.000,44.000,98.000,9.000,15.000,15.000,34.000,90.000,1.000,85.000,73.000,28.000,97.000,6.000,79.000,61.000,77.000,34.000,34.000,60.000,94.000,71.000,99.000,74.000,40.000,56.000,42.000,60.000,64.000,67.000,88.000,63.000,35.000,72.000,31.000,20.000,55.000,78.000,46.000,35.000,54.000,81.000
89.000,49.000,97.000,44.000,11.000,67.000,26.000,23.000,2.000,45.000,22.000,58.000,57.000,100.000,45.000,88.000,7.000,76.000,80.000,76.000,73.000,9.000,75.000,44.000,4.000,37.000,94.000,23.000,35.000,2.000,75.000,47.000,71.000,4.000,87.000,16.000,67.000,70.000,96.000,44.000,3.000,55.000,51.000,63.000,92.000,68.000,13.000,91.000,71.000,34.000,42.000,80.000,10.000,17.000,13.000,90.000,50.000,35.000,87.000,9.000,36.000,37.000,72.000,5.000,29.000,86.000,94.000,75.000,3.000,82.000,74.000,49.000,83.000,21.000,99.000,86.000,61.000,84.000,30.000,94.000
60.000,4.000,41.000,16.000,79.000,13.000,14.000,16.000,23.000,81.000,67.000,47.000,89.000,67.000,64.000,2.000,22.000,97.000,87.000,66.000,12.000,99.000,100.000,83.000,42.000,34.000,57.000,57.000,49.000,28.000,68.000,54.000,88.000,22.000,39.000,99.000,7.000,47.000,85.000,92.000,63.000,25.000,85.000,3.000,71.000,19.000,42.000,86.000,27.000,90.000,10.000,44.000,82.000,38.000,73.000,63.000,72.000,71.000,35.000,74.000,63.000,36.000,29.000,20.000,32.000,86.000,67.000,58.000,6.000,4.000,37.000,99.000,82.000,25.000,38.000,9.000,75.000,32.000,73.000,89.000
70.000,22.000,5.000,15.000,29.000,21.000,55.000,66.000,50.000,8.000,38.000,98.000,47.000,54.000,34.000,70.000,99.000,96.000,4.000,90.000,16.000,44.000,67.000,93.000,91.000,20.000,79.000,39.000,80.000,64.000,76.000,80.000,49.000,52.000,81.000,62.000,64.000,13.000,94.000,2.000,57.000,70.000,69.000,6.000,22.000,11.000,9.000,26.000,32.000,51.000,39.000,71.000,37.000,15.000,64.000,86.000,49.000,23.000,97.000,71.000,38.000,21.000,10.000,17.000,60.000,52.000,2.000,48.000,13.000,91.000,37.000,74.000,95.000,89.000,16.000,96.000,9.000,48.000,36.000,36.000
47.000,18.000,78.000,90.000,86.000,74.000,2.000,40.000,20.000,83.000,13.260,54.000,69.000,82.000,1.000,3.000,72.000,22.000,30.000,25.000,97.000,56.000,52.000,69.000,16.000,79.000,83.000,19.000,43.000,44.000,20.000,16.000,50.000,18.000,50.000,12.000,22.000,94.000,21.000,57.000,61.000,96.000,58.000,38.000,3.000,22.000,79.000,38.000,17.000,4.000,52.000,13.000,96.000,59.000,19.000,84.000,1.000,5.000,99.000,37.000,73.000,73.000,90.000,90.000,45.000,3.000,48.000,100.000,3.000,26.000,47.000,48.000,33.000,13.000,13.000,86.000,11.000,17.000,100.000,41.000
58.000,80.000,62.000,77.000,37.000,78.000,66.000,97.000,53.000,83.000,58.000,9.000,91.000,96.000,46.000,50.000,86.000,17.000,28.000,89.000,69.000,76.000,71.000,33.000,5.000,29.000,15.000,96.000,28.000,65.000,15.000,2.000,65.000,68.000,10.000,33.000,70.000,13.000,93.000,74.000,5.000,1.000,67.000,99.000,43.000,27.000,35.000,4.000,75.000,48.000,80.000,15.000,89.000,31.000,63.000,77.000,84.000,55.000,96.000,67.000,63.000,83.000,31.000,100.000,30.000,44.000,8.000,87.000,41.000,43.000,32.000,9.000,13.000,64.000,32.000,84.000,50.000,40.000,5.000,2.000
54.000,21.000,54.000,92.000,66.000,86.000,82.000,2.000,60.000,74.000,45.000,61.000,88.000,63.000,83.000,82.000,97.000,71.000,77.000,9.000,5.000,68.000,90.000,36.000,61.000,49.000,48.000,27.000,59.000,79.000,41.000,85.000,36.000,15.000,39.000,89.000,66.000,79.000,53.000,95.000,35.000,21.000,89.000,26.000,83.000,65.000,77.000,3.000,6.000,12.000,62.000,31.000,45.000,74.000,91.000,5.000,48.000,83.000,48.000,86.000,64.000,77.000,84.000,58.000,97.000,73.000,1.000,68.000,5.000,45.000,22.000,85.000,75.000,67.000,8.000,99.000,33.000,51.000,8.000,76.000
82.000,94.000,17.000,62.000,63.000,61.000,46.000,57.000,10.000,41.000,42.000,45.000,49.000,39.000,68.000,86.000,43.000,5.000,85.000,24.000,91.000,10.000,30.000,59.000,93.000,91.000,89.000,66.000,79.000,59.000,80.000,97.000,67.000,72.000,67.000,9.000,86.000,66.000,38.000,12.000,19.000,2.000,97.000,4.000,78.000,30.000,4.000,100.000,2.000,87.000,86.000,6.000,29.000,26.000,73.000,80.000,19.000,23.000,46.000,7.000,94.000,59.000,10.000,72.000,97.000,15.000,31.000,87.000,40.000,59.000,55.000,80.000,88.000,27.000,28.000,55.000,68.000,37.000,64.000,73.000
30.000,37.000,94.000,26.000,15.000,96.000,61.000,90.000,87.000,41.000,32.000,78.000,53.000,26.000,51.000,61.000,20.000,5.000,9.000,57.000,6.000,40.000,32.000,40.000,48.000,55.000,78.000,50.000,34.000,99.000,26.000,24.000,11.000,81.000,95.000,85.000,86.000,70.000,4.000,26.000,3.000,41.000,90.000,14.000,83.000,61.000,4.000,90.000,59.000,92.000,12.000,37.000,76.000,70.000,23.000,98.000,42.000,2.000,44.000,20.000,1.000,73.000,10.000,84.000,74.000,94.000,7.000,26.000,8.000,74.000,59.000,70.000,87.000,57.000,54.000,1.000,58.000,15.469,31.000,80.000
31.000,86.000,45.000,52.000,31.000,70.000,65.000,35.000,31.000,40.000,97.000,93.000,22.000,23.000,81.000,98.000,48.000,37.000,8.000,29.000,65.000,64.000,92.000,27.000,9.000,33.000,40.000,9.000,5.000,39.000,19.000,24.000,8.000,5.000,42.000,81.000,28.000,83.000,12.000,56.000,65.000,98.000,24.000,9.000,3.000,85.000,80.000,92.000,14.000,8.000,91.000,43.000,42.000,48.000,30.000,38.000,36.000,55.000,99.000,70.000,90.000,7.000,38.000,47.000,48.000,21.000,55.000,84.000,34.000,80.000,42.000,55.000,32.000,24.000,35.000,38.000,38.000,7.000,86.000,80.000
34.000,6.000,73.000,80.000,66.000,41.000,82.000,81.000,47.000,94.000,52.000,83.000,86.000,100.000,51.000,29.000,34.000,46.000,3.000,97.000,35.000,67.000,89.000,50.000,66.000,35.000,47.000,49.000,7.000,52.000,77.000,23.000,20.000,23.000,49.000,5.000,29.000,31.000,49.000,4.000,3.000,69.000,19.000,40.000,45.000,43.000,72.000,70.000,54.000,36.000,79.000,28.000,22.000,16.000,58.000,74.000,31.000,51.000,86.000,84.000,92.000,60.000,96.000,44.000,97.000,88.000,87.000,33.000,79.000,32.000,1.000,30.000,23.000,53.000,85.000,69.000,80.000,30.000,52.000,23.000
15.000,27.000,100.000,66.000,25.000,88.000,14.000,78.000,48.000,94.000,38.000,84.000,84.000,91.000,82.000,85.000,41.000,2.000,100.000,68.000,20.000,66.000,3.000,41.000,84.000,98.000,51.000,82.000,32.000,99.000,70.000,91.000,30.000,47.000,72.000,56.000,58.000,66.000,73.000,69.000,40.000,13.000,100.000,39.000,23.000,6.000,99.000,30.000,19.000,86.000,92.000,30.000,43.000,79.000,60.000,65.000,25.000,45.000,67.000,59.000,18.000,38.000,90.000,24.000,29.000,54.000,39.000,36.000,38.000,7.000,90.000,84.000,5.000,69.000,6.000,20.000,85.000,89.000,96.000,77.000
96.000,28.000,46.000,80.000,8.000,34.000,8.000,65.000,88.000,81.000,73.000,4.000,16.000,33.000,93.000,92.000,82.000,28.000,77.000,74.000,6.000,47.000,17.000,98.000,47.000,53.000,20.466,94.000,12.000,11.073,37.000,9.000,81.000,41.000,65.000,45.000,82.000,1.000,92.000,84.000,51.000,7.000,35.000,42.000,14.000,8.000,7.324,81.000,54.000,83.000,10.000,74.000,70.000,49.000,35.000,24.000,83.000,65.000,20.000,26.000,61.000,23.000,69.000,20.000,31.000,93.000,17.000,50.000,2.000,56.000,25.416,42.000,24.237,42.000,74.000,8.000,84.000,19.000,1.000,81.000
50.000,75.000,75.000,4.000,47.000,90.000,30.000,18.000,12.000,49.000,66.000,73.000,81.000,53.000,62.000,49.000,99.000,43.000,54.000,36.000,75.000,93.000,20.000,41.000,15.000,1.000,100.000,89.000,44.000,63.000,47.000,2.000,78.000,68.000,57.000,60.000,35.000,90.000,97.000,18.000,44.000,90.000,67.000,1.000,82.000,96.000,8.000,63.000,67.000,96.000,89.000,65.000,61.000,59.000,74.000,68.000,58.000,51.000,91.000,23.000,16.000,62.000,96.000,44.000,33.000,7.000,20.000,51.000,33.000,35.000,13.000,7.000,8.000,32.000,91.000,48.000,36.000,21.000,59.000,100.000
64.000,14.000,70.000,16.000,18.000,34.000,95.000,30.000,88.000,49.000,47.000,14.000,50.000,4.000,96.000,23.000,9.000,41.000,26.000,52.000,28.000,54.000,17.000,11.000,61.000,81.000,73.000,82.000,34.000,3.000,8.000,30.000,63.000,55.000,9.000,93.000,16.000,87.000,2.000,29.000,71.000,76.000,27.000,19.000,18.000,63.000,6.000,67.000,83.000,28.000,44.000,65.000,52.000,17.000,32.000,3.000,45.000,76.000,32.000,73.000,64.000,9.000,80.000,31.000,13.000,76.000,40.000,36.000,6.000,6.000,24.000,89.000,7.000,47.000,27.000,93.000,78.000,3.000,49.000,35.000
39.000,27.000,83.000,87.000,44.000,47.000,43.000,75.000,65.000,33.000,82.000,43.000,21.000,5.000,89.000,19.000,7.000,81.000,55.000,26.000,26.000,38.000,79.000,58.000,22.000,79.000,79.000,47.000,4.000,69.000,56.000,13.000,63.000,85.000,74.000,28.000,70.000,33.000,67.000,59.000,17.000,45.000,66.000,85.000,14.000,60.000,46.000,67.000,22.000,64.000,7.000,59.000,59.000,2.000,77.000,2.000,18.000,35.000,37.000,97.000,36.000,28.000,6.000,13.000,19.000,34.000,5.000,14.000,38.000,30.000,96.000,48.000,11.000,10.000,98.000,74.000,72.000,53.000,95.000,91.000
4.000,73.000,70.000,29.000,86.000,21.000,94.000,98.000,52.000,35.000,63.000,3.000,14.000,70.000,1.000,57.000,33.000,20.000,54.000,100.000,27.000,67.000,28.000,35.000,74.000,13.000,12.000,2.000,83.000,1.000,25.000,70.000,10.000,3.000,74.000,90.000,30.000,100.000,33.000,68.000,100.000,93.000,32.000,69.000,11.000,92.000,84.000,92.000,2.000,29.000,56.000,49.000,78.000,87.000,29.000,35.000,100.000,46.000,96.000,70.000,32.000,33.000,43.000,67.000,32.000,98.000,91.000,55.000,48.000,28.000,98.000,15.000,88.000,30.000,82.000,39.000,97.000,51.000,77.000,45.000
98.000,7.000,26.000,11.000,54.000,59.000,28.000,91.000,72.000,43.000,53.000,91.000,93.000,96.000,79.000,53.000,45.000,81.000,86.000,21.000,8.000,65.000,71.000,10.000,12.000,96.000,84.000,60.000,21.000,31.000,14.000,41.000,53.000,42.000,52.000,37.000,85.000,30.000,88.000,4.000,57.000,64.000,31.000,13.000,93.000,25.000,24.000,47.000,46.000,31.000,55.000,92.000,26.000,28.000,25.000,1.000,14.000,76.000,60.000,8.000,93.000,100.000,80.000,92.000,30.000,38.000,84.000,7.000,70.000,78.000,40.000,9.000,66.000,88.000,71.000,37.000,98.000,20.000,91.000,4.000
56.000,42.000,7.000,64.000,76.000,83.000,37.000,52.000,10.000,83.000,92.000,94.000,89.000,21.000,19.000,51.000,70.000,29.000,27.000,72.000,52.000,75.000,41.000,74.000,26.000,93.000,97.000,4.000,21.000,69.000,86.000,43.000,43.000,65.000,88.000,23.000,6.000,26.000,34.000,83.000,2.000,61.000,76.000,56.000,84.000,28.000,35.000,28.000,57.000,21.000,8.000,46.000,57.000,86.000,39.000,5.000,68.000,22.000,36.000,80.000,32.000,91.000,27.000,3.000,11.000,55.000,48.000,83.000,97.000,6.000,60.000,89.000,45.000,97.000,21.000,47.000,70.000,79.000,73.000,68.000
65.000,66.000,80.000,60.000,72.000,45.000,71.000,30.000,7.000,10.000,98.000,59.000,66.000,18.000,67.000,64.000,11.000,42.000,86.000,4.000,34.000,14.000,99.000,61.000,91.000,65.000,31.000,2.000,74.000,3.000,69.000,91.000,89.000,67.000,88.000,82.000,19.000,41.000,76.000,57.000,15.000,28.000,88.000,97.000,79.000,62.000,85.000,90.000,98.000,60.000,4.000,67.000,53.000,84.000,99.000,89.000,22.000,53.000,70.000,69.000,91.000,95.000,81.000,25.000,98.000,32.000,82.000,70.000,27.000,59.000,84.000,37.000,71.000,34.000,5.000,77.000,74.000,95.000,22.000,34.000
0.000,0.000,0.000,0.000,0.000,0.000,0.000,0.000,0.000,0.000,0.000,0.000,0.000,0.000,0.000,0.000,0.000,0.000,0.000,0.000,0.000,0.000,0.000,0.000,0.000,0.000,0.000,0.000,0.000,0.000,0.000,0.000,0.000,0.000,0.000,0.000,0.000,0.000,0.000,0.000,0.000,0.000,0.000,0.000,0.000,0.000,0.000,0.000,0.000,0.000,0.000,0.000,0.000,0.000,0.000,0.000,0.000,0.000,1.000,0.000,0.000,0.000,0.000,0.000,0.000,0.000,0.000,0.000,0.000,0.000,0.000,0.000,0.000,0.000,0.000,0.000,0.000,0.000,0.000,0.000
0.000,0.000,0.000,0.000,0.000,0.000,0.000,0.000,0.000,0.000,0.000,0.000,0.000,0.000,0.000,0.000,0.000,0.000,0.000,0.000,0.000,0.000,0.000,0.000,0.000,0.000,0.000,0.000,0.000,0.000,0.000,0.000,0.000,0.000,0.000,0.000,0.000,0.000,0.000,0.000,0.000,0.000,0.000,0.000,0.000,0.000,0.000,0.000,0.000,0.000,0.000,0.000,0.000,0.000,0.000,0.000,0.000,0.000,0.000,0.000,0.000,0.000,0.000,0.000,0.000,0.000,0.000,0.000,0.000,0.000,0.000,0.000,0.000,0.000,0.000,0.000,0.000,0.000,0.000,0.000
0.000,0.000,0.000,0.000,0.000,0.000,0.000,0.000,0.000,0.000,0.000,0.000,0.000,0.000,0.000,0.000,0.000,0.000,0.000,0.000,0.000,0.000,0.000,0.000,0.000,0.000,0.000,0.000,0.000,0.000,0.000,0.000,0.000,0.000,0.000,0.000,0.000,0.000,0.000,0.000,0.000,0.000,0.000,0.000,0.000,0.000,0.000,0.000,0.000,0.000,0.000,0.000,0.000,0.000,0.000,0.000,0.000,0.000,0.000,0.000,0.000,0.000,0.000,0.000,0.000,0.000,0.000,0.000,0.000,0.000,0.000,0.000,0.000,0.000,0.000,0.000,0.000,0.000,0.000,0.000
0.000,0.000,0.000,0.000,0.000,0.000,0.000,0.000,0.000,0.000,0.000,0.000,0.000,0.000,0.000,0.000,0.000,0.000,0.000,0.000,0.000,0.000,0.000,0.000,0.000,0.000,0.000,0.000,0.000,0.000,0.000,0.000,0.000,0.000,0.000,0.000,0.000,0.000,0.000,0.000,0.000,0.000,0.000,0.000,0.000,0.000,0.000,0.000,0.000,0.000,0.000,0.000,0.000,0.000,0.000,0.000,0.000,0.000,0.000,0.000,0.000,0.000,0.000,0.000,0.000,0.000,0.000,0.000,0.000,0.000,0.000,0.000,0.000,0.000,0.000,0.000,0.000,0.000,0.000,0.000
0.000,0.000,0.000,0.000,0.000,0.000,0.000,0.000,0.000,0.000,0.000,0.000,0.000,0.000,0.000,0.000,0.000,0.000,0.000,0.000,0.000,0.000,0.000,0.000,0.000,0.000,0.000,0.000,0.000,0.000,0.000,0.000,0.000,0.000,0.000,0.000,0.000,0.000,0.000,0.000,0.000,0.000,0.000,0.000,0.000,0.000,0.000,0.000,0.000,0.000,0.000,0.000,0.000,0.000,0.000,0.000,0.000,0.000,0.000,0.000,0.000,0.000,0.000,0.000,0.000,0.000,0.000,0.000,0.000,0.000,0.000,0.000,0.000,0.000,0.000,0.000,0.000,0.000,0.000,0.000
0.000,0.000,0.000,0.000,0.000,0.000,0.000,0.000,0.000,0.000,0.000,0.000,0.000,0.000,0.000,0.000,0.000,0.000,0.000,0.000,0.000,0.000,0.000,0.000,0.000,0.000,0.000,0.000,0.000,0.000,0.000,0.000,0.000,0.000,0.000,0.000,0.000,0.000,0.000,0.000,0.000,0.000,0.000,0.000,0.000,0.000,0.000,0.000,0.000,0.000,0.000,0.000,0.000,0.000,0.000,0.000,0.000,0.000,0.000,0.000,0.000,0.000,0.000,0.000,0.000,0.000,0.000,0.000,0.000,0.000,0.000,0.000,0.000,0.000,0.000,0.000,0.000,0.000,0.000,0.000
0.000,0.000,0.000,0.000,0.000,0.000,0.000,0.000,0.000,0.000,0.000,0.000,0.000,0.000,0.000,0.000,0.000,0.000,0.000,0.000,0.000,0.000,0.000,0.000,0.000,0.000,0.000,0.000,0.000,0.000,0.000,0.000,0.000,0.000,0.000,0.000,0.000,0.000,0.000,0.000,0.000,0.000,0.000,0.000,0.000,0.000,0.000,0.000,0.000,0.000,0.000,0.000,0.000,0.000,0.000,0.000,0.000,0.000,0.000,0.000,0.000,0.000,0.000,0.000,0.000,0.000,0.000,0.000,0.000,0.000,0.000,0.000,0.000,0.000,0.000,0.000,0.000,0.000,0.000,0.000
0.000,0.000,0.000,0.000,0.000,0.000,0.000,0.000,0.000,0.000,0.000,0.000,0.000,0.000,0.000,0.000,0.000,0.000,0.000,0.000,0.000,0.000,0.000,0.000,0.000,0.000,0.000,0.000,0.000,0.000,0.000,0.000,0.000,0.000,0.000,0.000,0.000,0.000,0.000,0.000,0.000,0.000,0.000,0.000,0.000,0.000,0.000,0.000,0.000,0.000,0.000,0.000,0.000,0.000,0.000,0.000,0.000,0.000,0.000,0.000,0.000,0.000,0.000,0.000,0.000,0.000,0.000,0.000,0.000,0.000,0.000,0.000,0.000,0.000,0.000,0.000,0.000,0.000,0.000,0.000
0.000,0.000,0.000,0.000,0.000,0.000,0.000,0.000,0.000,0.000,0.000,0.000,0.000,0.000,0.000,0.000,0.000,0.000,0.000,0.000,0.000,0.000,0.000,0.000,0.000,0.000,0.000,0.000,0.000,0.000,0.000,0.000,0.000,0.000,0.000,0.000,0.000,0.000,0.000,0.000,0.000,0.000,0.000,0.000,0.000,0.000,0.000,0.000,0.000,0.000,0.000,0.000,0.000,0.000,0.000,0.000,0.000,0.000,0.000,0.000,0.000,0.000,0.000,0.000,0.000,0.000,0.000,0.000,0.000,0.000,0.000,0.000,0.000,0.000,0.000,0.000,0.000,0.000,0.000,0.000
0.000,0.000,0.000,0.000,0.000,0.000,0.000,0.000,0.000,0.000,0.000,0.000,0.000,0.000,0.000,0.000,0.000,0.000,0.000,0.000,0.000,0.000,0.000,0.000,0.000,0.000,0.000,0.000,0.000,0.000,0.000,0.000,0.000,0.000,0.000,0.000,0.000,0.000,0.000,0.000,0.000,0.000,0.000,0.000,0.000,0.000,0.000,0.000,0.000,0.000,0.000,0.000,0.000,0.000,0.000,0.000,0.000,0.000,0.000,0.000,0.000,0.000,0.000,0.000,0.000,0.000,0.000,0.000,0.000,0.000,0.000,0.000,0.000,0.000,0.000,0.000,0.000,0.000,0.000,0.000
0.000,0.000,0.000,0.000,0.000,1.000,0.000,0.000,0.000,0.000,0.000,0.000,0.000,0.000,0.000,0.000,0.000,0.000,0.000,0.000,0.000,0.000,0.000,0.000,0.000,0.000,0.000,0.000,0.000,0.000,0.000,0.000,0.000,0.000,0.000,0.000,1.000,1.000,0.000,1.000,0.000,0.000,0.000,0.000,0.000,0.000,0.000,0.000,0.000,1.000,0.000,0.000,0.000,0.000,0.000,0.000,0.000,0.000,0.000,0.000,0.000,0.000,0.000,0.000,0.000,1.000,1.000,0.000,0.000,0.000,0.000,0.000,0.000,0.000,0.000,0.000,0.000,0.000,0.000,0.000
0.000,0.000,0.000,0.000,0.000,0.000,0.000,0.000,0.000,0.000,0.000,0.000,0.000,0.000,0.000,0.000,0.000,0.000,0.000,0.000,0.000,0.000,0.000,0.000,0.000,0.000,0.000,0.000,0.000,0.000,0.000,0.000,0.000,0.000,0.000,0.000,0.000,0.000,0.000,0.000,0.000,0.000,0.000,0.000,0.000,0.000,0.000,0.000,0.000,0.000,0.000,0.000,0.000,0.000,0.000,0.000,0.000,0.000,0.000,0.000,0.000,0.000,0.000,0.000,0.000,0.000,0.000,0.000,0.000,0.000,0.000,0.000,0.000,0.000,0.000,0.000,0.000,0.000,0.000,0.000
0.000,0.000,0.000,0.000,0.000,0.000,0.000,0.000,0.000,0.000,0.000,0.000,0.000,0.000,0.000,0.000,0.000,0.000,0.000,0.000,0.000,0.000,0.000,0.000,0.000,0.000,0.000,0.000,0.000,0.000,0.000,0.000,0.000,0.000,0.000,0.000,0.000,0.000,0.000,0.000,0.000,0.000,0.000,0.000,0.000,0.000,0.000,0.000,0.000,0.000,0.000,0.000,0.000,0.000,0.000,0.000,0.000,0.000,0.000,0.000,0.000,0.000,0.000,0.000,0.000,0.000,0.000,0.000,0.000,0.000,0.000,0.000,0.000,0.000,0.000,0.000,0.000,0.000,0.000,0.000
0.000,0.000,0.000,0.000,0.000,0.000,0.000,0.000,0.000,0.000,0.000,0.000,0.000,0.000,0.000,0.000,0.000,0.000,0.000,0.000,0.000,0.000,0.000,0.000,0.000,0.000,0.000,0.000,0.000,0.000,0.000,0.000,0.000,0.000,0.000,0.000,0.000,0.000,0.000,0.000,0.000,0.000,0.000,0.000,0.000,0.000,0.000,0.000,0.000,0.000,0.000,0.000,0.000,0.000,0.000,0.000,0.000,0.000,0.000,0.000,0.000,0.000,0.000,0.000,0.000,0.000,0.000,0.000,0.000,0.000,0.000,0.000,0.000,0.000,0.000,0.000,0.000,0.000,0.000,0.000
0.000,0.000,0.000,0.000,0.000,0.000,0.000,0.000,0.000,0.000,0.000,0.000,0.000,0.000,0.000,0.000,0.000,0.000,0.000,0.000,0.000,0.000,0.000,0.000,0.000,0.000,0.000,0.000,0.000,0.000,0.000,0.000,0.000,0.000,0.000,0.000,0.000,0.000,0.000,0.000,0.000,0.000,0.000,0.000,0.000,0.000,0.000,0.000,0.000,0.000,0.000,0.000,0.000,0.000,0.000,0.000,0.000,0.000,0.000,0.000,0.000,0.000,0.000,0.000,0.000,0.000,0.000,0.000,0.000,0.000,0.000,0.000,0.000,0.000,0.000,0.000,0.000,0.000,0.000,0.000
0.000,0.000,0.000,0.000,0.000,0.000,0.000,0.000,0.000,0.000,0.000,0.000,0.000,0.000,0.000,0.000,0.000,0.000,0.000,0.000,0.000,0.000,0.000,0.000,0.000,0.000,0.000,0.000,0.000,0.000,0.000,0.000,0.000,0.000,0.000,0.000,0.000,0.000,0.000,0.000,0.000,0.000,0.000,0.000,0.000,0.000,0.000,0.000,0.000,0.000,0.000,0.000,0.000,0.000,0.000,0.000,0.000,0.000,0.000,0.000,0.000,0.000,0.000,0.000,0.000,0.000,0.000,0.000,0.000,0.000,0.000,0.000,0.000,0.000,0.000,0.000,0.000,0.000,0.000,0.000
0.000,0.000,0.000,0.000,0.000,0.000,0.000,0.000,0.000,0.000,0.000,0.000,0.000,0.000,0.000,0.000,0.000,0.000,0.000,0.000,0.000,0.000,0.000,0.000,0.000,0.000,0.000,0.000,0.000,0.000,0.000,0.000,0.000,0.000,0.000,0.000,0.000,0.000,0.000,0.000,0.000,0.000,0.000,0.000,0.000,0.000,0.000,0.000,0.000,0.000,0.000,0.000,0.000,0.000,0.000,0.000,0.000,0.000,0.000,0.000,0.000,0.000,0.000,0.000,0.000,0.000,0.000,0.000,0.000,0.000,0.000,0.000,0.000,0.000,0.000,0.000,0.000,0.000,0.000,0.000
0.000,0.000,0.000,0.000,0.000,0.000,0.000,0.000,0.000,0.000,0.000,0.000,0.000,0.000,0.000,0.000,0.000,0.000,0.000,0.000,0.000,0.000,0.000,0.000,0.000,0.000,0.000,0.000,0.000,0.000,0.000,0.000,0.000,0.000,0.000,0.000,0.000,0.000,0.000,0.000,0.000,0.000,0.000,0.000,0.000,0.000,0.000,0.000,0.000,0.000,0.000,0.000,0.000,0.000,0.000,0.000,0.000,0.000,0.000,0.000,0.000,0.000,0.000,0.000,0.000,0.000,0.000,0.000,0.000,0.000,0.000,0.000,0.000,0.000,0.000,0.000,0.000,0.000,0.000,0.000
0.000,0.000,0.000,0.000,0.000,0.000,0.000,0.000,0.000,0.000,0.000,0.000,0.000,0.000,0.000,0.000,0.000,0.000,0.000,0.000,0.000,0.000,0.000,0.000,0.000,0.000,0.000,0.000,0.000,0.000,0.000,0.000,0.000,0.000,0.000,0.000,0.000,0.000,0.000,0.000,0.000,0.000,0.000,0.000,0.000,0.000,0.000,0.000,0.000,0.000,0.000,0.000,0.000,0.000,0.000,0.000,0.000,0.000,0.000,0.000,0.000,0.000,0.000,0.000,0.000,0.000,0.000,0.000,0.000,0.000,0.000,0.000,0.000,0.000,0.000,0.000,0.000,0.000,0.000,0.000
0.000,0.000,0.000,0.000,0.000,0.000,0.000,0.000,0.000,0.000,0.000,0.000,0.000,0.000,0.000,0.000,0.000,0.000,0.000,0.000,0.000,0.000,1.000,0.000,1.000,0.000,0.000,0.000,1.000,0.000,0.000,0.000,0.000,0.000,0.000,0.000,0.000,0.000,0.000,0.000,0.000,0.000,0.000,0.000,0.000,0.000,0.000,0.000,0.000,0.000,0.000,1.000,0.000,0.000,0.000,0.000,0.000,0.000,0.000,0.000,0.000,0.000,0.000,0.000,0.000,0.000,0.000,0.000,0.000,0.000,0.000,0.000,0.000,0.000,0.000,0.000,0.000,0.000,0.000,0.000
0.000,0.000,0.000,0.000,0.000,0.000,0.000,0.000,0.000,0.000,0.000,0.000,0.000,0.000,0.000,0.000,0.000,0.000,0.000,0.000,0.000,0.000,0.000,0.000,0.000,0.000,0.000,0.000,0.000,0.000,0.000,0.000,0.000,0.000,0.000,0.000,0.000,0.000,0.000,0.000,0.000,0.000,0.000,0.000,0.000,0.000,0.000,0.000,0.000,0.000,0.000,0.000,0.000,0.000,0.000,0.000,0.000,0.000,0.000,0.000,0.000,0.000,0.000,0.000,0.000,0.000,0.000,0.000,0.000,0.000,0.000,0.000,0.000,0.000,0.000,0.000,0.000,0.000,0.000,0.000
0.000,0.000,0.000,0.000,0.000,0.000,0.000,0.000,0.000,0.000,0.000,0.000,0.000,0.000,0.000,0.000,0.000,0.000,0.000,0.000,0.000,0.000,0.000,0.000,0.000,0.000,0.000,0.000,0.000,0.000,0.000,0.000,0.000,0.000,0.000,0.000,0.000,0.000,0.000,0.000,0.000,0.000,0.000,0.000,0.000,0.000,0.000,0.000,0.000,0.000,0.000,0.000,0.000,0.000,0.000,0.000,0.000,0.000,0.000,0.000,0.000,0.000,0.000,0.000,0.000,0.000,0.000,0.000,0.000,0.000,0.000,0.000,0.000,0.000,0.000,0.000,0.000,0.000,0.000,0.000
0.000,0.000,0.000,0.000,0.000,0.000,0.000,0.000,0.000,0.000,0.000,0.000,0.000,0.000,0.000,0.000,0.000,0.000,0.000,0.000,0.000,0.000,0.000,1.000,0.000,0.000,0.000,0.000,0.000,0.000,0.000,0.000,0.000,0.000,0.000,0.000,0.000,0.000,0.000,0.000,0.000,0.000,0.000,0.000,0.000,0.000,0.000,1.000,0.000,0.000,0.000,0.000,0.000,0.000,1.000,0.000,0.000,0.000,0.000,0.000,0.000,0.000,0.000,0.000,0.000,0.000,0.000,0.000,0.000,0.000,0.000,0.000,0.000,0.000,0.000,0.000,0.000,0.000,0.000,0.000
0.000,0.000,0.000,0.000,0.000,0.000,0.000,0.000,0.000,0.000,0.000,0.000,0.000,0.000,0.000,0.000,0.000,0.000,0.000,0.000,0.000,0.000,0.000,0.000,0.000,0.000,0.000,0.000,0.000,0.000,0.000,0.000,0.000,0.000,0.000,0.000,0.000,0.000,0.000,0.000,0.000,0.000,0.000,0.000,0.000,0.000,0.000,0.000,0.000,0.000,0.000,0.000,0.000,0.000,0.000,0.000,0.000,0.000,0.000,0.000,0.000,0.000,0.000,0.000,0.000,0.000,0.000,0.000,0.000,0.000,0.000,0.000,0.000,0.000,0.000,0.000,0.000,0.000,0.000,0.000
0.000,0.000,0.000,0.000,1.000,0.000,0.000,0.000,0.000,0.000,0.000,0.000,0.000,0.000,0.000,0.000,0.000,0.000,0.000,0.000,0.000,0.000,0.000,0.000,0.000,0.000,1.000,0.000,0.000,1.000,0.000,0.000,0.000,0.000,0.000,0.000,0.000,0.000,0.000,0.000,0.000,0.000,1.000,0.000,0.000,0.000,0.000,0.000,0.000,0.000,0.000,0.000,0.000,0.000,0.000,0.000,0.000,0.000,0.000,0.000,0.000,0.000,0.000,0.000,0.000,0.000,0.000,0.000,0.000,0.000,0.000,0.000,0.000,0.000,0.000,0.000,0.000,0.000,0.000,0.000
0.000,0.000,0.000,0.000,0.000,0.000,0.000,0.000,0.000,0.000,0.000,0.000,0.000,0.000,0.000,0.000,0.000,0.000,0.000,0.000,0.000,0.000,0.000,0.000,0.000,0.000,0.000,0.000,0.000,0.000,0.000,0.000,0.000,0.000,0.000,0.000,0.000,0.000,0.000,0.000,0.000,0.000,0.000,0.000,0.000,0.000,0.000,0.000,0.000,0.000,0.000,0.000,1.000,0.000,0.000,0.000,0.000,0.000,0.000,0.000,0.000,0.000,0.000,0.000,0.000,0.000,0.000,0.000,0.000,0.000,0.000,0.000,0.000,0.000,0.000,0.000,0.000,0.000,0.000,0.000
0.000,0.000,0.000,0.000,0.000,0.000,0.000,0.000,0.000,0.000,0.000,0.000,0.000,0.000,0.000,0.000,0.000,0.000,0.000,0.000,0.000,0.000,0.000,0.000,0.000,0.000,0.000,0.000,0.000,0.000,0.000,0.000,0.000,0.000,0.000,0.000,0.000,0.000,0.000,0.000,0.000,0.000,0.000,0.000,0.000,0.000,0.000,0.000,0.000,0.000,0.000,0.000,0.000,0.000,0.000,0.000,0.000,0.000,0.000,0.000,0.000,0.000,0.000,0.000,0.000,0.000,0.000,0.000,0.000,0.000,0.000,0.000,0.000,0.000,0.000,0.000,0.000,0.000,0.000,0.000
0.000,0.000,0.000,0.000,0.000,0.000,0.000,0.000,0.000,0.000,0.000,0.000,0.000,0.000,0.000,0.000,0.000,0.000,0.000,0.000,0.000,0.000,0.000,0.000,0.000,0.000,0.000,0.000,0.000,0.000,0.000,0.000,0.000,0.000,0.000,0.000,0.000,0.000,0.000,0.000,0.000,0.000,0.000,0.000,0.000,0.000,0.000,0.000,0.000,0.000,0.000,0.000,0.000,0.000,0.000,0.000,0.000,0.000,0.000,0.000,0.000,0.000,0.000,0.000,0.000,0.000,0.000,0.000,0.000,0.000,0.000,0.000,0.000,0.000,0.000,0.000,0.000,0.000,0.000,0.000
0.000,0.000,0.000,0.000,0.000,0.000,0.000,0.000,0.000,0.000,0.000,0.000,0.000,0.000,0.000,0.000,0.000,0.000,0.000,0.000,0.000,0.000,0.000,0.000,0.000,0.000,0.000,0.000,0.000,0.000,0.000,0.000,0.000,0.000,0.000,0.000,0.000,0.000,0.000,0.000,0.000,0.000,0.000,0.000,0.000,0.000,0.000,0.000,0.000,0.000,0.000,0.000,0.000,0.000,0.000,0.000,0.000,0.000,0.000,0.000,0.000,0.000,0.000,0.000,0.000,0.000,0.000,0.000,0.000,0.000,0.000,0.000,0.000,0.000,0.000,0.000,0.000,0.000,0.000,0.000
0.000,0.000,0.000,0.000,0.000,0.000,0.000,0.000,0.000,0.000,0.000,0.000,0.000,0.000,0.000,0.000,0.000,0.000,0.000,0.000,0.000,0.000,0.000,0.000,0.000,0.000,0.000,0.000,0.000,0.000,0.000,0.000,0.000,0.000,0.000,0.000,0.000,0.000,0.000,1.000,0.000,0.000,0.000,0.000,0.000,0.000,0.000,0.000,0.000,0.000,0.000,0.000,0.000,0.000,0.000,0.000,0.000,0.000,0.000,0.000,0.000,0.000,0.000,0.000,0.000,0.000,0.000,0.000,0.000,0.000,0.000,0.000,0.000,0.000,0.000,0.000,0.000,0.000,0.000,0.000
0.000,0.000,0.000,0.000,0.000,0.000,0.000,0.000,0.000,0.000,0.000,0.000,0.000,0.000,0.000,0.000,0.000,0.000,0.000,0.000,0.000,0.000,0.000,0.000,0.000,0.000,0.000,0.000,0.000,0.000,0.000,0.000,0.000,0.000,0.000,0.000,0.000,0.000,0.000,0.000,0.000,0.000,0.000,0.000,0.000,0.000,0.000,0.000,0.000,0.000,0.000,0.000,0.000,0.000,0.000,0.000,0.000,0.000,0.000,0.000,0.000,0.000,0.000,0.000,0.000,0.000,0.000,0.000,0.000,0.000,0.000,0.000,0.000,0.000,0.000,0.000,0.000,0.000,0.000,0.000
0.000,0.000,0.000,0.000,0.000,0.000,0.000,0.000,0.000,0.000,0.000,0.000,0.000,0.000,0.000,0.000,0.000,0.000,0.000,0.000,0.000,0.000,0.000,0.000,0.000,0.000,0.000,0.000,0.000,0.000,0.000,0.000,0.000,0.000,0.000,0.000,0.000,0.000,0.000,0.000,0.000,0.000,0.000,0.000,0.000,0.000,0.000,0.000,0.000,0.000,0.000,0.000,0.000,0.000,0.000,0.000,0.000,0.000,0.000,0.000,0.000,0.000,0.000,0.000,0.000,0.000,0.000,0.000,0.000,0.000,0.000,0.000,0.000,0.000,0.000,0.000,0.000,0.000,0.000,0.000
0.000,0.000,0.000,0.000,0.000,0.000,0.000,0.000,0.000,0.000,0.000,0.000,0.000,0.000,0.000,0.000,0.000,0.000,0.000,0.000,0.000,0.000,0.000,0.000,0.000,0.000,0.000,0.000,0.000,0.000,0.000,0.000,0.000,0.000,0.000,0.000,0.000,0.000,0.000,0.000,0.000,0.000,0.000,0.000,0.000,0.000,0.000,0.000,0.000,0.000,0.000,0.000,0.000,0.000,0.000,0.000,0.000,0.000,0.000,0.000,0.000,0.000,0.000,0.000,0.000,0.000,0.000,0.000,0.000,0.000,0.000,0.000,0.000,0.000,0.000,0.000,0.000,0.000,0.000,0.000
0.000,0.000,0.000,0.000,0.000,0.000,0.000,0.000,0.000,0.000,0.000,0.000,0.000,0.000,0.000,0.000,0.000,0.000,0.000,1.000,0.000,0.000,0.000,0.000,0.000,0.000,0.000,0.000,0.000,0.000,0.000,0.000,0.000,0.000,0.000,0.000,0.000,0.000,0.000,0.000,0.000,0.000,0.000,0.000,0.000,0.000,0.000,1.000,0.000,0.000,0.000,0.000,0.000,0.000,0.000,0.000,0.000,0.000,0.000,0.000,0.000,0.000,0.000,0.000,0.000,0.000,0.000,0.000,0.000,1.000,0.000,0.000,0.000,0.000,0.000,0.000,1.000,0.000,0.000,0.000
0.000,0.000,0.000,0.000,0.000,0.000,0.000,0.000,0.000,0.000,0.000,0.000,0.000,0.000,0.000,0.000,0.000,0.000,0.000,0.000,0.000,0.000,0.000,0.000,0.000,0.000,0.000,0.000,0.000,0.000,0.000,0.000,0.000,0.000,0.000,0.000,0.000,0.000,0.000,0.000,0.000,0.000,0.000,0.000,0.000,0.000,0.000,0.000,0.000,0.000,0.000,0.000,0.000,0.000,0.000,0.000,0.000,0.000,0.000,0.000,0.000,0.000,0.000,0.000,0.000,0.000,0.000,0.000,0.000,0.000,0.000,0.000,0.000,0.000,0.000,0.000,0.000,0.000,0.000,0.000
0.000,0.000,0.000,0.000,0.000,0.000,0.000,0.000,0.000,0.000,0.000,0.000,0.000,0.000,0.000,0.000,0.000,0.000,0.000,0.000,0.000,0.000,0.000,0.000,0.000,0.000,0.000,0.000,0.000,0.000,0.000,0.000,0.000,0.000,0.000,0.000,0.000,0.000,0.000,0.000,1.000,0.000,0.000,0.000,0.000,1.000,0.000,0.000,0.000,0.000,0.000,0.000,0.000,0.000,0.000,1.000,0.000,0.000,0.000,0.000,0.000,0.000,0.000,0.000,0.000,0.000,0.000,0.000,0.000,0.000,0.000,0.000,0.000,1.000,0.000,0.000,0.000,0.000,0.000,0.000
0.000,0.000,0.000,0.000,0.000,0.000,0.000,0.000,0.000,0.000,0.000,0.000,0.000,0.000,0.000,0.000,0.000,0.000,0.000,0.000,0.000,0.000,0.000,0.000,0.000,0.000,0.000,0.000,0.000,0.000,0.000,0.000,0.000,0.000,0.000,0.000,0.000,0.000,0.000,0.000,0.000,0.000,0.000,0.000,0.000,0.000,0.000,0.000,0.000,0.000,0.000,0.000,0.000,0.000,0.000,0.000,0.000,0.000,0.000,0.000,0.000,0.000,0.000,0.000,0.000,0.000,0.000,0.000,0.000,0.000,0.000,0.000,0.000,0.000,0.000,0.000,0.000,0.000,0.000,0.000
0.000,0.000,0.000,0.000,0.000,0.000,0.000,0.000,0.000,0.000,0.000,0.000,0.000,0.000,0.000,0.000,0.000,0.000,0.000,0.000,0.000,0.000,0.000,0.000,0.000,0.000,0.000,0.000,0.000,0.000,0.000,0.000,0.000,0.000,0.000,0.000,0.000,0.000,0.000,0.000,0.000,0.000,0.000,0.000,0.000,0.000,0.000,0.000,0.000,0.000,0.000,0.000,0.000,0.000,0.000,0.000,0.000,0.000,0.000,0.000,0.000,0.000,0.000,0.000,0.000,0.000,0.000,0.000,0.000,0.000,0.000,0.000,0.000,0.000,0.000,0.000,0.000,0.000,0.000,0.000
0.000,0.000,0.000,0.000,0.000,0.000,0.000,0.000,0.000,0.000,0.000,0.000,0.000,0.000,0.000,0.000,0.000,0.000,0.000,0.000,0.000,0.000,0.000,0.000,0.000,0.000,0.000,0.000,0.000,0.000,0.000,0.000,0.000,0.000,0.000,0.000,0.000,0.000,0.000,0.000,0.000,0.000,0.000,0.000,0.000,0.000,0.000,0.000,0.000,0.000,0.000,0.000,0.000,0.000,0.000,0.000,0.000,0.000,0.000,0.000,0.000,0.000,0.000,0.000,0.000,0.000,0.000,0.000,0.000,0.000,0.000,0.000,0.000,0.000,0.000,0.000,0.000,0.000,0.000,0.000
0.000,0.000,0.000,0.000,0.000,0.000,0.000,0.000,0.000,0.000,0.000,0.000,0.000,0.000,0.000,0.000,0.000,0.000,0.000,0.000,0.000,0.000,0.000,0.000,0.000,0.000,0.000,0.000,0.000,0.000,0.000,0.000,0.000,0.000,0.000,0.000,0.000,0.000,0.000,0.000,0.000,0.000,0.000,0.000,0.000,0.000,0.000,0.000,0.000,0.000,0.000,0.000,0.000,0.000,0.000,0.000,0.000,0.000,0.000,0.000,0.000,0.000,0.000,0.000,0.000,0.000,0.000,0.000,0.000,0.000,0.000,0.000,0.000,0.000,0.000,0.000,0.000,0.000,0.000,0.000
0.000,0.000,0.000,0.000,0.000,0.000,0.000,0.000,0.000,0.000,0.000,0.000,0.000,0.000,0.000,0.000,0.000,0.000,0.000,0.000,0.000,0.000,0.000,0.000,0.000,0.000,0.000,0.000,0.000,0.000,0.000,0.000,0.000,0.000,0.000,0.000,0.000,0.000,0.000,0.000,0.000,0.000,0.000,0.000,0.000,0.000,0.000,0.000,0.000,0.000,0.000,0.000,0.000,0.000,0.000,0.000,0.000,0.000,0.000,0.000,0.000,0.000,0.000,0.000,0.000,0.000,0.000,0.000,0.000,0.000,0.000,0.000,0.000,0.000,0.000,0.000,0.000,0.000,0.000,0.000
0.000,0.000,0.000,0.000,0.000,0.000,0.000,0.000,0.000,0.000,0.000,0.000,0.000,0.000,0.000,0.000,0.000,0.000,0.000,0.000,0.000,0.000,0.000,0.000,0.000,0.000,0.000,0.000,0.000,0.000,0.000,0.000,0.000,0.000,0.000,0.000,0.000,0.000,0.000,0.000,0.000,0.000,0.000,0.000,0.000,0.000,0.000,0.000,0.000,0.000,0.000,0.000,0.000,0.000,0.000,0.000,0.000,0.000,0.000,0.000,0.000,0.000,0.000,0.000,0.000,0.000,0.000,0.000,0.000,0.000,0.000,0.000,0.000,0.000,0.000,0.000,0.000,0.000,0.000,0.000
0.000,0.000,0.000,0.000,0.000,0.000,0.000,0.000,0.000,0.000,0.000,0.000,0.000,0.000,0.000,0.000,0.000,0.000,0.000,0.000,0.000,0.000,0.000,0.000,0.000,0.000,0.000,0.000,0.000,0.000,0.000,0.000,0.000,0.000,0.000,0.000,0.000,0.000,0.000,0.000,0.000,0.000,0.000,0.000,0.000,0.000,0.000,0.000,0.000,0.000,0.000,0.000,0.000,0.000,0.000,0.000,0.000,0.000,0.000,0.000,0.000,0.000,0.000,0.000,0.000,0.000,0.000,0.000,0.000,0.000,0.000,0.000,0.000,0.000,0.000,0.000,0.000,0.000,0.000,0.000
0.000,0.000,0.000,0.000,0.000,0.000,0.000,0.000,0.000,0.000,0.000,0.000,0.000,0.000,0.000,0.000,0.000,0.000,0.000,0.000,0.000,0.000,0.000,0.000,0.000,0.000,0.000,0.000,0.000,0.000,0.000,0.000,0.000,0.000,0.000,0.000,0.000,0.000,0.000,0.000,0.000,0.000,0.000,0.000,0.000,0.000,0.000,0.000,0.000,0.000,0.000,0.000,0.000,0.000,0.000,0.000,0.000,0.000,0.000,0.000,0.000,0.000,0.000,0.000,0.000,0.000,0.000,0.000,0.000,0.000,0.000,0.000,0.000,0.000,0.000,0.000,0.000,0.000,0.000,0.000
0.000,0.000,0.000,0.000,0.000,0.000,0.000,0.000,0.000,0.000,0.000,0.000,0.000,0.000,0.000,0.000,0.000,0.000,0.000,0.000,0.000,0.000,0.000,0.000,0.000,0.000,0.000,0.000,0.000,0.000,0.000,0.000,0.000,0.000,0.000,0.000,0.000,0.000,0.000,0.000,0.000,0.000,0.000,0.000,0.000,0.000,0.000,0.000,0.000,0.000,0.000,0.000,0.000,0.000,0.000,0.000,0.000,0.000,0.000,0.000,0.000,0.000,0.000,0.000,0.000,0.000,0.000,0.000,0.000,0.000,0.000,0.000,0.000,0.000,0.000,0.000,0.000,0.000,0.000,0.000
0.000,0.000,0.000,0.000,0.000,0.000,0.000,0.000,0.000,0.000,0.000,0.000,0.000,0.000,0.000,0.000,0.000,0.000,0.000,0.000,0.000,0.000,0.000,0.000,0.000,0.000,0.000,0.000,0.000,0.000,0.000,0.000,0.000,0.000,0.000,0.000,0.000,0.000,0.000,0.000,0.000,0.000,0.000,0.000,0.000,0.000,0.000,0.000,0.000,0.000,0.000,0.000,0.000,0.000,0.000,0.000,0.000,0.000,0.000,0.000,0.000,0.000,0.000,0.000,0.000,0.000,0.000,0.000,0.000,0.000,0.000,0.000,0.000,0.000,0.000,0.000,0.000,0.000,0.000,0.000
0.000,0.000,0.000,0.000,0.000,0.000,0.000,0.000,0.000,0.000,0.000,0.000,0.000,0.000,0.000,0.000,0.000,0.000,0.000,0.000,0.000,0.000,0.000,0.000,0.000,0.000,0.000,0.000,0.000,0.000,0.000,0.000,0.000,0.000,0.000,0.000,0.000,0.000,0.000,0.000,0.000,0.000,0.000,0.000,0.000,0.000,0.000,0.000,0.000,0.000,0.000,0.000,0.000,0.000,0.000,0.000,0.000,0.000,0.000,0.000,0.000,0.000,0.000,0.000,0.000,0.000,0.000,0.000,0.000,0.000,0.000,0.000,0.000,0.000,0.000,0.000,0.000,0.000,0.000,0.000
0.000,0.000,0.000,0.000,0.000,0.000,0.000,0.000,0.000,0.000,0.000,0.000,0.000,0.000,0.000,0.000,0.000,0.000,0.000,0.000,0.000,0.000,0.000,0.000,0.000,0.000,0.000,0.000,0.000,0.000,0.000,0.000,0.000,0.000,0.000,0.000,0.000,0.000,0.000,0.000,0.000,0.000,0.000,0.000,0.000,0.000,0.000,0.000,0.000,0.000,0.000,0.000,0.000,0.000,0.000,0.000,0.000,0.000,0.000,0.000,0.000,0.000,0.000,0.000,0.000,0.000,0.000,0.000,0.000,0.000,0.000,0.000,0.000,0.000,0.000,0.000,0.000,0.000,0.000,0.000
1.000,0.000,0.000,0.000,0.000,0.000,0.000,0.000,0.000,0.000,0.000,0.000,0.000,0.000,0.000,0.000,0.000,0.000,0.000,0.000,0.000,0.000,0.000,0.000,0.000,0.000,0.000,0.000,0.000,0.000,0.000,0.000,0.000,0.000,0.000,0.000,0.000,0.000,0.000,0.000,0.000,0.000,0.000,0.000,0.000,0.000,0.000,0.000,0.000,0.000,0.000,0.000,0.000,0.000,0.000,0.000,0.000,0.000,0.000,0.000,0.000,0.000,0.000,1.000,0.000,0.000,0.000,0.000,0.000,0.000,0.000,1.000,0.000,0.000,0.000,0.000,0.000,0.000,1.000,0.000
0.000,0.000,0.000,0.000,0.000,0.000,0.000,0.000,0.000,0.000,0.000,0.000,0.000,0.000,0.000,0.000,0.000,0.000,0.000,0.000,0.000,0.000,0.000,0.000,0.000,0.000,0.000,0.000,0.000,0.000,0.000,0.000,0.000,0.000,0.000,0.000,0.000,0.000,0.000,0.000,0.000,0.000,0.000,0.000,0.000,0.000,0.000,0.000,0.000,0.000,0.000,0.000,0.000,0.000,0.000,0.000,0.000,0.000,0.000,0.000,0.000,0.000,0.000,0.000,0.000,0.000,0.000,0.000,0.000,0.000,0.000,0.000,0.000,0.000,0.000,0.000,0.000,0.000,0.000,0.000
0.000,0.000,0.000,0.000,0.000,0.000,0.000,0.000,0.000,0.000,0.000,0.000,0.000,0.000,0.000,0.000,0.000,0.000,0.000,0.000,0.000,0.000,0.000,0.000,0.000,0.000,0.000,0.000,0.000,0.000,0.000,0.000,0.000,0.000,0.000,0.000,0.000,0.000,0.000,0.000,0.000,0.000,0.000,0.000,0.000,0.000,0.000,0.000,0.000,0.000,0.000,0.000,0.000,0.000,0.000,0.000,0.000,0.000,0.000,0.000,0.000,0.000,0.000,0.000,0.000,0.000,0.000,0.000,0.000,0.000,0.000,0.000,0.000,0.000,0.000,0.000,0.000,0.000,0.000,0.000
0.000,0.000,0.000,0.000,0.000,0.000,0.000,0.000,0.000,0.000,0.000,0.000,0.000,0.000,0.000,0.000,0.000,0.000,0.000,0.000,0.000,0.000,0.000,0.000,0.000,0.000,0.000,0.000,0.000,0.000,0.000,0.000,0.000,0.000,0.000,0.000,0.000,0.000,0.000,0.000,0.000,0.000,0.000,0.000,0.000,0.000,0.000,0.000,0.000,0.000,0.000,0.000,0.000,0.000,0.000,0.000,0.000,0.000,0.000,0.000,0.000,0.000,0.000,0.000,0.000,0.000,0.000,0.000,0.000,0.000,0.000,0.000,0.000,0.000,0.000,0.000,0.000,0.000,0.000,0.000
0.000,0.000,0.000,0.000,0.000,0.000,0.000,0.000,0.000,0.000,0.000,0.000,0.000,0.000,0.000,0.000,0.000,0.000,0.000,0.000,0.000,0.000,0.000,0.000,0.000,0.000,0.000,0.000,0.000,0.000,0.000,0.000,0.000,0.000,0.000,0.000,0.000,0.000,0.000,0.000,0.000,0.000,0.000,0.000,0.000,0.000,0.000,0.000,0.000,0.000,0.000,0.000,0.000,0.000,0.000,0.000,0.000,0.000,0.000,0.000,0.000,0.000,0.000,0.000,0.000,0.000,0.000,0.000,0.000,0.000,0.000,0.000,0.000,0.000,0.000,0.000,0.000,0.000,0.000,0.000
0.000,0.000,0.000,0.000,0.000,0.000,0.000,0.000,0.000,0.000,0.000,0.000,0.000,0.000,0.000,0.000,0.000,0.000,0.000,0.000,0.000,0.000,0.000,0.000,0.000,0.000,0.000,0.000,0.000,0.000,0.000,0.000,0.000,0.000,0.000,0.000,0.000,0.000,0.000,0.000,0.000,0.000,0.000,0.000,0.000,0.000,0.000,0.000,0.000,0.000,0.000,0.000,0.000,0.000,0.000,0.000,0.000,0.000,0.000,0.000,0.000,0.000,0.000,0.000,0.000,0.000,0.000,0.000,0.000,0.000,0.000,0.000,0.000,0.000,0.000,0.000,0.000,0.000,0.000,0.000
0.000,0.000,0.000,0.000,0.000,0.000,0.000,0.000,0.000,0.000,0.000,0.000,0.000,0.000,0.000,0.000,0.000,0.000,0.000,0.000,0.000,0.000,0.000,0.000,0.000,0.000,0.000,0.000,0.000,0.000,0.000,0.000,0.000,0.000,0.000,0.000,0.000,0.000,0.000,0.000,0.000,0.000,0.000,0.000,0.000,0.000,0.000,0.000,0.000,0.000,0.000,0.000,0.000,0.000,0.000,0.000,0.000,0.000,0.000,0.000,0.000,0.000,0.000,0.000,0.000,0.000,0.000,0.000,0.000,0.000,0.000,0.000,0.000,0.000,0.000,0.000,0.000,0.000,0.000,0.000
0.000,0.000,0.000,0.000,0.000,0.000,0.000,0.000,0.000,0.000,0.000,0.000,0.000,0.000,0.000,0.000,0.000,0.000,0.000,0.000,0.000,0.000,0.000,0.000,0.000,0.000,0.000,0.000,0.000,0.000,0.000,0.000,0.000,0.000,0.000,0.000,0.000,0.000,0.000,0.000,0.000,0.000,0.000,0.000,0.000,0.000,0.000,0.000,0.000,0.000,0.000,0.000,0.000,0.000,0.000,0.000,0.000,0.000,0.000,0.000,0.000,0.000,0.000,0.000,0.000,0.000,0.000,0.000,0.000,0.000,0.000,0.000,0.000,0.000,0.000,0.000,0.000,0.000,0.000,0.000
0.000,0.000,0.000,0.000,0.000,0.000,0.000,0.000,0.000,0.000,0.000,0.000,0.000,0.000,0.000,0.000,0.000,0.000,0.000,0.000,0.000,0.000,0.000,0.000,0.000,0.000,0.000,0.000,0.000,0.000,0.000,0.000,0.000,0.000,0.000,0.000,0.000,0.000,0.000,0.000,0.000,0.000,0.000,0.000,0.000,0.000,0.000,0.000,0.000,0.000,0.000,0.000,0.000,0.000,0.000,0.000,0.000,0.000,0.000,0.000,0.000,0.000,0.000,0.000,0.000,0.000,0.000,0.000,0.000,0.000,0.000,0.000,0.000,0.000,0.000,0.000,0.000,0.000,0.000,0.000
0.000,0.000,0.000,0.000,0.000,0.000,0.000,0.000,0.000,0.000,0.000,0.000,0.000,0.000,0.000,0.000,0.000,0.000,0.000,0.000,0.000,0.000,0.000,0.000,0.000,0.000,0.000,0.000,0.000,0.000,0.000,0.000,0.000,0.000,0.000,0.000,0.000,0.000,0.000,0.000,0.000,0.000,0.000,0.000,0.000,0.000,0.000,0.000,0.000,0.000,0.000,0.000,0.000,0.000,0.000,0.000,0.000,0.000,0.000,0.000,0.000,0.000,0.000,0.000,0.000,0.000,0.000,0.000,0.000,0.000,0.000,0.000,0.000,0.000,0.000,0.000,0.000,0.000,0.000,0.000
0.000,0.000,0.000,0.000,0.000,0.000,0.000,0.000,0.000,0.000,0.000,0.000,0.000,0.000,0.000,0.000,0.000,0.000,0.000,0.000,0.000,0.000,0.000,0.000,0.000,0.000,0.000,0.000,0.000,0.000,0.000,0.000,0.000,0.000,0.000,0.000,0.000,0.000,0.000,0.000,0.000,0.000,0.000,0.000,0.000,0.000,0.000,0.000,0.000,0.000,0.000,0.000,0.000,0.000,0.000,0.000,0.000,0.000,0.000,0.000,0.000,0.000,0.000,0.000,0.000,0.000,0.000,0.000,0.000,0.000,0.000,0.000,0.000,0.000,0.000,0.000,0.000,0.000,0.000,0.000
0.000,0.000,0.000,0.000,0.000,0.000,0.000,0.000,0.000,0.000,0.000,0.000,0.000,0.000,0.000,0.000,0.000,0.000,0.000,0.000,0.000,0.000,0.000,0.000,0.000,0.000,0.000,0.000,0.000,0.000,0.000,0.000,0.000,0.000,0.000,0.000,0.000,0.000,0.000,0.000,0.000,0.000,0.000,0.000,0.000,0.000,0.000,0.000,0.000,0.000,0.000,0.000,0.000,0.000,0.000,0.000,0.000,0.000,0.000,0.000,0.000,0.000,0.000,0.000,0.000,0.000,0.000,0.000,0.000,0.000,0.000,0.000,0.000,0.000,0.000,0.000,0.000,0.000,0.000,0.000
0.000,0.000,0.000,0.000,0.000,0.000,0.000,0.000,0.000,0.000,0.000,0.000,0.000,0.000,0.000,0.000,0.000,0.000,0.000,0.000,0.000,0.000,0.000,0.000,0.000,0.000,0.000,0.000,0.000,0.000,0.000,0.000,0.000,0.000,0.000,0.000,0.000,0.000,0.000,0.000,0.000,0.000,0.000,0.000,0.000,0.000,0.000,0.000,0.000,0.000,0.000,0.000,0.000,0.000,0.000,0.000,0.000,0.000,0.000,0.000,0.000,0.000,0.000,0.000,0.000,0.000,0.000,0.000,0.000,0.000,0.000,0.000,0.000,0.000,0.000,0.000,0.000,0.000,0.000,0.000
0.000,0.000,0.000,0.000,0.000,0.000,0.000,0.000,0.000,0.000,0.000,0.000,0.000,0.000,0.000,0.000,0.000,0.000,0.000,0.000,0.000,0.000,0.000,0.000,0.000,0.000,0.000,0.000,0.000,0.000,0.000,0.000,0.000,0.000,0.000,0.000,0.000,0.000,0.000,0.000,0.000,0.000,0.000,0.000,0.000,0.000,0.000,0.000,0.000,0.000,0.000,0.000,0.000,0.000,0.000,0.000,0.000,0.000,0.000,0.000,0.000,0.000,0.000,0.000,0.000,0.000,0.000,0.000,0.000,0.000,0.000,0.000,0.000,0.000,0.000,0.000,0.000,0.000,0.000,0.000
0.000,0.000,0.000,0.000,0.000,0.000,0.000,0.000,0.000,0.000,0.000,0.000,0.000,0.000,0.000,0.000,0.000,0.000,0.000,0.000,0.000,0.000,0.000,0.000,0.000,0.000,0.000,0.000,0.000,0.000,0.000,0.000,0.000,0.000,0.000,0.000,0.000,0.000,0.000,0.000,0.000,0.000,0.000,0.000,0.000,0.000,0.000,0.000,0.000,0.000,0.000,0.000,0.000,0.000,0.000,0.000,0.000,0.000,0.000,0.000,0.000,0.000,0.000,0.000,0.000,0.000,0.000,0.000,0.000,0.000,0.000,0.000,0.000,0.000,0.000,0.000,0.000,0.000,0.000,0.000
0.000,0.000,0.000,0.000,0.000,0.000,0.000,0.000,0.000,0.000,0.000,0.000,0.000,0.000,0.000,0.000,0.000,0.000,0.000,0.000,0.000,0.000,0.000,0.000,0.000,0.000,0.000,0.000,0.000,0.000,0.000,0.000,0.000,0.000,0.000,0.000,0.000,0.000,0.000,0.000,0.000,0.000,0.000,0.000,0.000,0.000,0.000,0.000,0.000,0.000,0.000,0.000,0.000,0.000,0.000,0.000,0.000,0.000,0.000,0.000,0.000,0.000,0.000,0.000,0.000,0.000,0.000,0.000,0.000,0.000,0.000,0.000,0.000,0.000,0.000,0.000,0.000,0.000,0.000,0.000
0.000,0.000,0.000,0.000,0.000,0.000,0.000,0.000,0.000,0.000,1.000,0.000,0.000,0.000,0.000,0.000,0.000,0.000,0.000,0.000,0.000,0.000,0.000,0.000,0.000,0.000,0.000,0.000,0.000,0.000,0.000,0.000,0.000,0.000,0.000,0.000,0.000,0.000,0.000,0.000,0.000,0.000,0.000,0.000,0.000,0.000,0.000,0.000,0.000,0.000,0.000,0.000,0.000,0.000,0.000,0.000,0.000,0.000,0.000,0.000,0.000,0.000,0.000,0.000,0.000,0.000,0.000,0.000,0.000,0.000,0.000,0.000,0.000,1.000,0.000,0.000,0.000,0.000,0.000,0.000
0.000,0.000,0.000,0.000,0.000,0.000,0.000,0.000,0.000,0.000,0.000,0.000,0.000,0.000,0.000,0.000,0.000,0.000,0.000,0.000,0.000,0.000,0.000,0.000,0.000,0.000,0.000,0.000,0.000,0.000,0.000,0.000,0.000,0.000,0.000,0.000,0.000,0.000,0.000,0.000,0.000,0.000,0.000,0.000,0.000,0.000,0.000,0.000,0.000,0.000,0.000,0.000,0.000,0.000,0.000,0.000,0.000,0.000,0.000,0.000,0.000,0.000,0.000,0.000,0.000,0.000,0.000,0.000,0.000,0.000,0.000,0.000,0.000,0.000,0.000,0.000,0.000,0.000,0.000,0.000
0.000,0.000,0.000,0.000,0.000,0.000,0.000,0.000,0.000,0.000,0.000,0.000,0.000,0.000,0.000,0.000,0.000,0.000,0.000,0.000,0.000,0.000,0.000,0.000,0.000,0.000,0.000,0.000,0.000,0.000,0.000,0.000,0.000,0.000,0.000,0.000,0.000,0.000,0.000,0.000,0.000,0.000,0.000,0.000,0.000,0.000,0.000,0.000,0.000,0.000,0.000,0.000,0.000,0.000,0.000,0.000,0.000,0.000,0.000,0.000,0.000,0.000,0.000,0.000,0.000,0.000,0.000,0.000,0.000,0.000,0.000,0.000,0.000,0.000,0.000,0.000,0.000,0.000,0.000,0.000
0.000,0.000,0.000,0.000,0.000,0.000,0.000,0.000,0.000,0.000,0.000,0.000,0.000,0.000,0.000,0.000,0.000,0.000,0.000,0.000,0.000,0.000,0.000,0.000,0.000,0.000,0.000,0.000,0.000,0.000,0.000,0.000,0.000,0.000,0.000,0.000,0.000,0.000,0.000,0.000,0.000,0.000,0.000,0.000,0.000,0.000,0.000,0.000,0.000,0.000,0.000,0.000,0.000,0.000,0.000,0.000,0.000,0.000,0.000,0.000,0.000,0.000,0.000,0.000,0.000,0.000,0.000,0.000,0.000,0.000,0.000,0.000,0.000,0.000,0.000,0.000,0.000,0.000,0.000,0.000
0.000,0.000,0.000,0.000,0.000,0.000,0.000,0.000,0.000,0.000,0.000,0.000,0.000,0.000,0.000,0.000,0.000,0.000,0.000,0.000,1.000,0.000,0.000,0.000,0.000,0.000,0.000,0.000,0.000,0.000,0.000,0.000,0.000,0.000,0.000,0.000,0.000,0.000,0.000,0.000,0.000,0.000,0.000,0.000,0.000,0.000,0.000,0.000,0.000,0.000,0.000,0.000,0.000,0.000,0.000,0.000,0.000,0.000,0.000,1.000,0.000,0.000,0.000,0.000,0.000,0.000,0.000,0.000,1.000,0.000,0.000,0.000,0.000,0.000,0.000,0.000,0.000,1.000,0.000,0.000
0.000,0.000,0.000,0.000,0.000,0.000,0.000,0.000,0.000,0.000,0.000,0.000,0.000,0.000,0.000,0.000,0.000,0.000,0.000,0.000,0.000,0.000,0.000,0.000,0.000,0.000,0.000,0.000,0.000,0.000,0.000,0.000,0.000,0.000,0.000,0.000,0.000,0.000,0.000,0.000,0.000,0.000,0.000,0.000,0.000,0.000,0.000,0.000,0.000,0.000,0.000,0.000,0.000,0.000,0.000,0.000,0.000,0.000,0.000,0.000,0.000,0.000,0.000,0.000,0.000,0.000,0.000,0.000,0.000,0.000,0.000,0.000,0.000,0.000,0.000,0.000,0.000,0.000,0.000,0.000
0.000,0.000,0.000,0.000,0.000,0.000,0.000,0.000,0.000,0.000,0.000,0.000,0.000,0.000,0.000,0.000,0.000,0.000,0.000,0.000,0.000,0.000,0.000,0.000,0.000,0.000,0.000,0.000,0.000,0.000,0.000,0.000,0.000,0.000,0.000,0.000,0.000,0.000,0.000,0.000,0.000,0.000,0.000,0.000,0.000,0.000,0.000,0.000,0.000,0.000,0.000,0.000,0.000,0.000,0.000,0.000,0.000,0.000,0.000,0.000,0.000,0.000,0.000,0.000,0.000,0.000,0.000,0.000,0.000,0.000,0.000,0.000,0.000,0.000,0.000,0.000,0.000,0.000,0.000,0.000
0.000,0.000,0.000,0.000,0.000,0.000,0.000,0.000,0.000,0.000,0.000,0.000,0.000,0.000,0.000,0.000,0.000,0.000,0.000,0.000,0.000,0.000,0.000,0.000,0.000,0.000,0.000,0.000,0.000,0.000,0.000,0.000,0.000,0.000,0.000,0.000,0.000,0.000,0.000,0.000,0.000,0.000,0.000,0.000,0.000,0.000,0.000,0.000,0.000,0.000,0.000,0.000,0.000,0.000,0.000,0.000,0.000,0.000,0.000,0.000,0.000,0.000,0.000,0.000,0.000,0.000,0.000,0.000,0.000,0.000,0.000,0.000,0.000,0.000,0.000,0.000,0.000,0.000,0.000,0.000
0.000,0.000,0.000,0.000,0.000,0.000,0.000,0.000,0.000,0.000,0.000,0.000,0.000,0.000,0.000,0.000,0.000,0.000,0.000,0.000,0.000,0.000,1.000,0.000,0.000,0.000,1.000,0.000,0.000,1.000,0.000,0.000,0.000,0.000,0.000,0.000,0.000,0.000,0.000,0.000,0.000,0.000,0.000,0.000,0.000,0.000,1.000,0.000,0.000,0.000,0.000,0.000,0.000,0.000,0.000,0.000,0.000,0.000,0.000,0.000,0.000,0.000,0.000,0.000,0.000,0.000,0.000,0.000,0.000,0.000,1.000,0.000,1.000,0.000,0.000,0.000,0.000,0.000,0.000,0.000
0.000,0.000,0.000,0.000,0.000,0.000,0.000,0.000,0.000,0.000,0.000,0.000,0.000,0.000,0.000,0.000,0.000,0.000,0.000,0.000,0.000,0.000,0.000,0.000,0.000,0.000,0.000,0.000,0.000,0.000,0.000,0.000,0.000,0.000,0.000,0.000,0.000,0.000,0.000,0.000,0.000,0.000,0.000,0.000,0.000,0.000,0.000,0.000,0.000,0.000,0.000,0.000,0.000,0.000,0.000,0.000,0.000,0.000,0.000,0.000,0.000,0.000,0.000,0.000,0.000,0.000,0.000,0.000,0.000,0.000,0.000,0.000,0.000,0.000,0.000,0.000,0.000,0.000,0.000,0.000
0.000,0.000,0.000,0.000,0.000,0.000,0.000,0.000,0.000,0.000,0.000,0.000,0.000,0.000,0.000,0.000,0.000,0.000,0.000,0.000,0.000,0.000,0.000,0.000,0.000,0.000,0.000,0.000,0.000,0.000,0.000,0.000,0.000,0.000,0.000,0.000,0.000,0.000,0.000,0.000,0.000,0.000,0.000,0.000,0.000,0.000,0.000,0.000,0.000,0.000,0.000,0.000,0.000,0.000,0.000,0.000,0.000,0.000,0.000,0.000,0.000,0.000,0.000,0.000,0.000,0.000,0.000,0.000,0.000,0.000,0.000,0.000,0.000,0.000,0.000,0.000,0.000,0.000,0.000,0.000
0.000,0.000,0.000,0.000,0.000,0.000,0.000,0.000,0.000,0.000,0.000,0.000,0.000,0.000,0.000,0.000,0.000,0.000,0.000,0.000,0.000,0.000,0.000,0.000,0.000,0.000,0.000,0.000,0.000,0.000,0.000,0.000,0.000,0.000,0.000,0.000,0.000,0.000,0.000,0.000,0.000,0.000,0.000,0.000,0.000,0.000,0.000,0.000,0.000,0.000,0.000,0.000,0.000,0.000,0.000,0.000,0.000,0.000,0.000,0.000,0.000,0.000,0.000,0.000,0.000,0.000,0.000,0.000,0.000,0.000,0.000,0.000,0.000,0.000,0.000,0.000,0.000,0.000,0.000,0.000
0.000,0.000,0.000,0.000,0.000,0.000,0.000,0.000,0.000,0.000,0.000,0.000,0.000,0.000,0.000,0.000,0.000,0.000,0.000,0.000,0.000,0.000,0.000,0.000,0.000,0.000,0.000,0.000,0.000,0.000,0.000,0.000,0.000,0.000,0.000,0.000,0.000,0.000,0.000,0.000,0.000,0.000,0.000,0.000,0.000,0.000,0.000,0.000,0.000,0.000,0.000,0.000,0.000,0.000,0.000,0.000,0.000,0.000,0.000,0.000,0.000,0.000,0.000,0.000,0.000,0.000,0.000,0.000,0.000,0.000,0.000,0.000,0.000,0.000,0.000,0.000,0.000,0.000,0.000,0.000
0.000,0.000,0.000,0.000,0.000,0.000,0.000,0.000,0.000,0.000,0.000,0.000,0.000,0.000,0.000,0.000,0.000,0.000,0.000,0.000,0.000,0.000,0.000,0.000,0.000,0.000,0.000,0.000,0.000,0.000,0.000,0.000,0.000,0.000,0.000,0.000,0.000,0.000,0.000,0.000,0.000,0.000,0.000,0.000,0.000,0.000,0.000,0.000,0.000,0.000,0.000,0.000,0.000,0.000,0.000,0.000,0.000,0.000,0.000,0.000,0.000,0.000,0.000,0.000,0.000,0.000,0.000,0.000,0.000,0.000,0.000,0.000,0.000,0.000,0.000,0.000,0.000,0.000,0.000,0.000
0.000,0.000,0.000,0.000,0.000,0.000,0.000,0.000,0.000,0.000,0.000,0.000,0.000,0.000,0.000,0.000,0.000,0.000,0.000,0.000,0.000,0.000,0.000,0.000,0.000,0.000,0.000,0.000,0.000,0.000,0.000,0.000,0.000,0.000,0.000,0.000,0.000,0.000,0.000,0.000,0.000,0.000,0.000,0.000,0.000,0.000,0.000,0.000,0.000,0.000,0.000,0.000,0.000,0.000,0.000,0.000,0.000,0.000,0.000,0.000,0.000,0.000,0.000,0.000,0.000,0.000,0.000,0.000,0.000,0.000,0.000,0.000,0.000,0.000,0.000,0.000,0.000,0.000,0.000,0.000
0.000,0.000,0.000,0.000,0.000,0.000,0.000,0.000,0.000,0.000,0.000,0.000,0.000,0.000,0.000,0.000,0.000,0.000,0.000,0.000,0.000,0.000,0.000,0.000,0.000,0.000,0.000,0.000,0.000,0.000,0.000,0.000,0.000,0.000,0.000,0.000,0.000,0.000,0.000,0.000,0.000,0.000,0.000,0.000,0.000,0.000,0.000,0.000,0.000,0.000,0.000,0.000,0.000,0.000,0.000,0.000,0.000,0.000,0.000,0.000,0.000,0.000,0.000,0.000,0.000,0.000,0.000,0.000,0.000,0.000,0.000,0.000,0.000,0.000,0.000,0.000,0.000,0.000,0.000,0.000
140.000,161.000,114.000,139.000,121.000,151.000,143.000,181.000,148.000,192.000,138.000,148.000,200.000,117.000,150.000,174.000,177.000,139.000,178.000,135.000,109.000,133.000,109.000,144.000,123.000,161.000,192.000,174.000,144.000,133.000,117.000,141.000,117.000,107.000,173.000,135.000,197.000,153.000,114.000,113.000,103.000,188.000,122.000,150.000,110.000,157.000,176.000,115.000,100.000,119.000,186.000,128.000,200.000,171.000,143.000,108.000,123.000,110.000,101.000,153.000,168.000,139.000,176.000,100.000,177.000,172.000,170.000,146.000,147.000,129.000,147.000,181.000,111.000,130.000,165.000,117.000,103.000,163.000,131.000,164.000
0.000,0.000,0.000,0.000,0.000,0.000,0.000,0.000,0.000,0.000,0.000,0.000,0.000,0.000,0.000,0.000,0.000,0.000,0.000,0.000,0.000,0.000,0.000,0.000,0.000,0.000,0.000,0.000,0.000,0.000,0.000,0.000,0.000,0.000,0.000,0.000,0.000,0.000,0.000,0.000,0.000,0.000,0.000,0.000,0.000,0.000,0.000,0.000,0.000,0.000,0.000,0.000,0.000,0.000,0.000,0.000,0.000,0.000,0.000,0.000,0.000,0.000,0.000,0.000,0.000,0.000,0.000,0.000,0.000,0.000,0.000,0.000,0.000,0.000,0.000,0.000,0.000,0.000,0.000,0.000
291.388
