36.000,79.000,3.000,14.000,90.000,26.000,12.000,87.000,61.000,84.000,28.000,81.000,67.000,26.000,41.000,53.000,49.000,22.000,24.000,97.000,1.000,29.000,22.000,54.000,79.000,68.000,31.000,45.000,34.000,30.000,94.000,60.000,21.000,6.000,58.000,66.000,89.000,73.000,58.000,26.000
70.000,63.000,67.000,23.000,86.000,36.000,23.000,49.000,74.000,62.000,45.000,45.000,72.000,62.000,17.000,40.000,10.000,34.000,79.000,50.000,50.000,31.000,36.000,99.000,19.000,36.000,54.000,67.000,70.000,47.000,59.000,4.000,40.000,66.000,28.000,98.000,13.000,98.000,48.000,94.000
34.000,53.000,49.000,81.000,3.000,55.000,83.000,68.000,10.000,66.000,67.000,99.000,87.000,17.000,50.000,80.000,28.000,33.000,40.000,68.000,26.000,46.000,18.000,40.000,31.000,46.000,29.000,78.000,42.000,48.000,53.000,22.000,92.000,78.000,42.000,70.000,87.000,4.000,25.000,42.000
90.000,53.000,44.000,28.000,82.000,2.000,46.000,37.000,32.000,28.000,1.000,52.000,40.000,9.000,73.000,72.000,45.000,94.000,23.000,8.000,88.000,67.000,83.000,48.000,56.000,39.000,99.000,42.000,87.000,90.000,73.000,82.000,68.000,53.000,10.000,45.000,42.000,95.000,59.000,70.000
17.000,54.000,73.000,30.000,39.000,29.000,55.000,95.000,43.000,56.000,31.000,60.000,7.000,84.000,93.000,92.000,81.000,94.000,68.000,90.000,76.000,18.000,51.000,100.000,27.000,39.000,27.000,97.000,77.000,7.000,15.000,44.000,23.000,99.000,34.000,93.000,98.000,81.000,23.000,45.000
44.000,57.000,66.000,19.000,2.000,68.000,8.000,52.000,42.000,18.000,98.000,93.000,53.000,53.000,46.000,39.000,24.000,14.000,41.000,63.000,61.000,66.000,84.000,43.000,44.000,3.000,78.000,73.000,24.000,41.000,70.000,52.000,8.000,24.000,11.000,86.000,95.000,18.000,38.000,77.000
86.000,49.000,12.000,56.000,9.000,11.000,33.000,34.000,65.000,29.000,32.000,93.000,38.000,69.000,11.000,22.000,94.000,49.000,48.000,38.000,74.000,21.000,23.000,71.000,2.000,68.000,35.000,7.000,13.000,52.000,83.000,60.000,31.000,41.000,98.000,45.000,15.000,65.000,86.000,61.000
6.000,8.000,30.000,64.000,27.000,13.000,17.000,7.000,59.000,69.000,60.000,50.000,5.000,23.000,69.000,27.000,1.000,81.000,23.000,64.000,49.000,2.000,44.000,85.000,51.000,35.000,4.000,23.000,65.000,79.000,95.000,7.000,26.000,6.000,62.000,47.000,62.000,30.000,58.000,81.000
53.000,20.000,10.000,16.000,80.000,49.000,8.000,27.000,59.000,72.000,31.000,54.000,71.000,76.000,27.000,69.000,30.000,21.000,84.000,36.000,78.000,54.000,38.000,15.000,22.000,90.000,1.000,75.000,38.000,100.000,15.000,86.000,30.000,1.000,67.000,58.000,96.000,60.000,81.000,34.000
76.000,30.000,82.000,53.000,82.000,72.000,100.000,22.000,66.000,73.000,29.000,61.000,10.000,36.000,19.000,90.000,28.000,46.000,86.000,4.000,41.000,30.000,44.000,91.000,39.000,26.000,38.000,47.000,57.000,73.000,94.000,61.000,75.000,90.000,71.000,99.000,66.000,84.000,45.000,18.000
8.000,19.000,89.000,83.000,19.000,31.000,22.000,65.000,70.000,89.000,3.000,8.000,57.000,98.000,54.000,89.000,76.000,27.000,33.000,49.000,46.000,96.000,95.000,62.000,93.000,55.000,75.000,79.000,87.000,53.000,21.000,58.000,33.000,46.000,1.000,1.000,20.000,42.000,96.000,97.000
19.000,39.000,96.000,32.000,16.000,92.000,4.000,29.000,47.000,98.000,40.000,77.000,37.000,79.000,59.000,59.000,71.000,5.000,91.000,12.000,24.000,41.000,49.000,7.000,100.000,93.000,85.000,78.000,76.000,37.000,26.000,63.000,52.000,38.000,13.000,76.000,52.000,97.000,35.000,86.000
12.000,91.000,92.000,28.000,52.000,96.000,23.000,70.000,22.000,37.000,91.000,8.000,63.000,17.000,66.000,67.000,62.000,73.000,19.000,92.000,16.000,7.000,72.000,100.000,36.000,51.000,6.000,95.000,15.000,46.000,90.000,23.000,59.000,59.000,32.000,1.000,52.000,16.000,65.000,38.000
17.000,67.000,86.000,77.000,99.000,29.000,81.000,47.000,91.000,18.000,3.000,27.000,3.000,28.000,28.000,60.000,86.000,82.000,23.000,16.000,24.000,9.000,69.000,100.000,62.000,6.000,77.000,76.000,96.000,39.000,43.000,50.000,26.000,47.000,9.000,25.000,3.000,87.000,95.000,3.000
18.000,66.000,15.000,59.000,82.000,63.000,93.000,75.000,78.000,78.000,16.000,19.000,37.000,56.000,62.000,26.000,57.000,65.000,89.000,98.000,57.000,3.000,100.000,36.000,77.000,72.000,30.000,88.000,9.000,29.000,54.000,35.000,88.000,26.000,40.000,1.000,99.000,60.000,95.000,37.000
38.000,60.000,4.000,98.000,22.000,39.000,67.000,3.000,75.000,22.000,15.000,40.000,9.000,29.000,34.000,98.000,66.000,58.000,4.000,48.000,90.000,9.000,9.000,10.000,3.000,93.000,98.000,29.000,39.000,57.000,63.000,22.000,59.000,25.000,11.000,77.000,75.000,21.000,72.000,93.000
2.000,33.000,31.000,56.000,52.000,43.000,17.000,24.000,75.000,91.000,20.000,93.000,88.000,2.000,46.000,24.000,73.000,51.000,61.000,75.000,90.000,20.000,41.000,24.000,77.000,100.000,3.000,57.000,79.000,73.000,51.000,52.000,29.000,65.000,63.000,79.000,19.000,78.000,60.000,67.000
25.000,22.000,89.000,81.000,19.000,23.000,27.000,60.000,97.000,71.000,33.000,10.000,50.000,37.000,8.000,34.000,30.000,89.000,43.000,71.000,33.000,34.000,90.000,26.000,84.000,44.000,89.000,71.000,10.000,86.000,88.000,75.000,38.000,71.000,76.000,47.000,82.000,87.000,17.000,31.000
23.000,22.000,76.000,80.000,26.000,54.000,49.000,15.000,50.000,30.000,42.000,50.000,32.000,43.000,53.000,25.000,95.000,26.000,39.000,82.000,89.000,45.000,25.000,8.000,84.000,56.000,10.000,56.000,31.000,96.000,93.000,93.000,4.000,98.000,72.000,48.000,41.000,48.000,65.000,100.000
85.000,71.000,26.000,81.000,5.000,24.000,14.000,56.000,2.000,49.000,35.000,71.000,7.000,28.000,30.000,40.000,92.000,56.000,73.000,82.000,90.000,95.000,15.000,39.000,4.000,66.000,14.000,94.000,82.000,72.000,60.000,6.000,81.000,38.000,75.000,99.000,55.000,8.000,36.000,31.000
38.000,62.000,88.000,83.000,53.000,27.000,52.000,81.000,51.000,82.000,39.000,83.000,66.000,12.000,23.000,76.000,22.000,14.000,22.000,94.000,24.000,33.000,59.000,54.000,40.000,99.000,53.000,61.000,11.000,4.000,11.000,2.000,38.000,50.000,41.000,96.000,10.000,41.000,15.000,98.000
51.000,54.000,90.000,75.000,83.000,18.000,19.000,89.000,68.000,8.000,89.000,56.000,77.000,79.000,15.000,46.000,66.000,68.000,9.000,79.000,3.000,39.000,78.000,86.000,39.000,4.000,15.000,23.000,84.000,6.000,91.000,44.000,79.000,44.000,99.000,49.000,38.000,88.000,37.000,77.000
17.000,77.000,7.000,17.000,75.000,68.000,73.000,87.000,61.000,63.000,3.000,47.000,33.000,12.000,23.000,85.000,41.000,78.000,66.000,88.000,53.000,81.000,23.000,89.000,10.000,17.000,52.000,52.000,86.000,98.000,80.000,38.000,51.000,85.000,98.000,20.000,96.000,42.000,83.000,1.000
10.000,8.000,65.000,74.000,10.000,74.000,40.000,92.000,87.000,8.000,54.000,19.000,10.000,28.000,3.000,81.000,35.000,32.000,50.000,98.000,56.000,70.000,39.000,68.000,31.000,48.000,57.000,89.000,61.000,47.000,66.000,8.000,76.000,61.000,89.000,57.000,25.000,47.000,93.000,15.000
24.000,26.000,79.000,70.000,64.000,34.000,62.000,24.000,36.000,24.000,76.000,27.000,86.000,60.000,38.000,57.000,20.000,49.000,24.000,64.000,70.000,3.000,79.000,42.000,15.000,11.000,27.000,27.000,43.000,45.000,99.000,85.000,9.000,6.000,41.000,57.000,44.000,55.000,37.000,31.000
79.000,75.000,63.000,94.000,2.000,60.000,76.000,23.000,95.000,19.000,10.000,87.000,26.000,81.000,87.000,45.000,1.000,96.000,13.000,36.000,81.000,86.000,89.000,90.000,53.000,47.000,1.000,92.000,65.000,95.000,28.000,96.000,19.000,14.000,19.000,36.000,6.000,34.000,47.000,66.000
16.000,50.000,42.000,29.000,57.000,27.000,47.000,9.000,34.000,57.000,69.000,61.000,30.000,93.000,91.000,45.000,50.000,6.000,32.000,39.000,100.000,1.000,68.000,55.000,54.000,74.000,59.000,26.000,64.000,55.000,64.000,4.000,83.000,20.000,97.000,28.000,42.000,21.000,36.000,27.000
40.000,34.000,75.000,63.000,72.000,37.000,1.000,60.000,87.000,4.000,100.000,41.000,72.000,29.000,19.000,24.000,21.000,27.000,94.000,9.000,86.000,39.000,64.000,33.000,3.000,74.000,6.000,87.000,21.000,71.000,62.000,18.000,13.000,66.000,73.000,99.000,91.000,39.000,43.000,25.000
5.000,53.000,92.000,5.000,22.000,51.000,7.000,17.000,36.000,48.000,90.000,70.000,47.000,61.000,50.000,75.000,59.000,6.000,59.000,69.000,82.000,29.000,86.000,96.000,92.000,31.000,2.000,12.000,67.000,94.000,89.000,38.000,6.000,78.000,33.000,49.000,77.000,30.000,92.000,97.000
55.000,57.000,36.000,93.000,75.000,72.000,18.000,98.000,61.000,56.000,63.000,9.000,78.000,98.000,26.000,52.000,30.000,62.000,46.000,68.000,53.000,30.000,1.000,52.000,42.000,46.000,30.000,42.000,100.000,84.000,49.000,35.000,34.000,97.000,92.000,10.000,23.000,54.000,95.000,84.000
11.000,82.000,61.000,95.000,14.000,51.000,87.000,93.000,74.000,40.000,9.000,62.000,60.000,73.000,54.000,80.000,98.000,77.000,42.000,12.000,70.000,84.000,41.000,29.000,48.000,75.000,71.000,66.000,50.000,55.000,57.000,67.000,100.000,54.000,18.000,57.000,10.000,19.000,6.000,56.000
1.000,10.000,88.000,12.000,94.000,22.000,44.000,62.000,79.000,33.000,95.000,27.000,94.000,74.000,18.000,43.000,63.000,63.000,65.000,24.000,93.000,21.000,32.000,41.000,42.000,77.000,19.000,72.000,40.000,45.000,85.000,57.000,62.000,29.000,48.000,64.000,26.000,66.000,42.000,38.000
66.000,6.000,87.000,33.000,64.000,14.000,6.000,14.000,33.000,36.000,6.000,22.000,7.000,99.000,81.000,22.000,21.000,16.000,78.000,44.000,90.000,4.000,30.000,74.000,23.000,19.000,99.000,34.000,85.000,37.000,82.000,66.000,68.000,88.000,84.000,25.000,90.000,40.000,22.000,85.000
74.000,67.000,60.000,55.000,93.000,59.000,35.000,20.000,58.000,78.000,79.000,3.000,77.000,78.000,24.000,91.000,95.000,19.000,100.000,52.000,20.000,80.000,9.000,91.000,46.000,38.000,52.000,74.000,95.000,85.000,54.000,9.000,66.000,31.000,21.000,100.000,89.000,44.000,8.000,86.000
97.000,14.000,55.000,50.000,34.000,72.000,61.000,95.000,34.000,23.000,11.000,86.000,39.000,89.000,12.000,58.000,94.000,90.000,72.000,30.000,21.000,16.000,99.000,3.000,97.000,27.000,38.000,89.000,6.000,75.000,31.000,51.000,54.000,49.000,17.000,7.000,65.000,55.000,67.000,39.000
48.000,92.000,32.000,69.000,44.000,44.000,41.000,99.000,93.000,37.000,61.000,61.000,57.000,47.000,90.000,67.000,88.000,10.000,38.000,75.000,5.000,90.000,80.000,34.000,21.000,28.000,37.000,77.000,19.000,15.000,76.000,70.000,84.000,16.000,51.000,58.000,25.000,14.000,29.000,61.000
27.000,72.000,24.000,55.000,18.000,53.000,6.000,96.000,59.000,46.000,65.000,86.000,100.000,86.000,75.000,61.000,73.000,38.000,22.000,77.000,99.000,28.000,54.000,31.000,35.000,58.000,30.000,76.000,13.000,17.000,15.000,68.000,80.000,86.000,43.000,64.000,99.000,52.000,68.000,65.000
56.000,76.000,49.000,63.000,81.000,12.000,40.000,40.000,23.000,10.000,57.000,22.000,3.000,62.000,11.000,36.000,60.000,21.000,60.000,86.000,94.000,18.000,20.000,14.000,52.000,22.000,94.000,1.000,8.000,39.000,27.000,20.000,89.000,62.000,21.000,80.000,90.000,31.000,64.000,26.000
43.000,64.000,51.000,73.000,57.000,86.000,82.000,35.000,82.000,43.000,40.000,34.000,72.000,94.000,43.000,69.000,83.000,100.000,12.000,36.000,85.000,40.000,59.000,15.000,20.000,7.000,22.000,25.000,92.000,32.000,13.000,45.000,70.000,31.000,75.000,1.000,47.000,35.000,25.000,62.000
94.000,44.000,67.000,64.000,21.000,92.000,70.000,94.000,85.000,55.000,60.000,89.000,17.000,58.000,26.000,15.000,54.000,99.000,69.000,18.000,50.000,8.000,33.000,69.000,69.000,87.000,99.000,79.000,66.000,64.000,79.000,47.000,97.000,31.000,37.000,21.000,13.000,69.000,2.000,53.000
0.000,0.000,0.000,0.000,0.000,0.000,0.000,0.000,0.000,0.000,0.000,0.000,0.000,0.000,0.000,0.000,0.000,0.000,0.000,0.000,0.000,0.000,0.000,0.000,0.000,0.000,0.000,0.000,0.000,0.000,0.000,0.000,0.000,0.000,0.000,0.000,0.000,0.000,0.000,0.000
0.000,0.000,0.000,0.000,0.000,0.000,0.000,0.000,0.000,0.000,0.000,0.000,0.000,0.000,0.000,0.000,0.000,0.000,0.000,0.000,0.000,0.000,0.000,0.000,0.000,0.000,0.000,0.000,0.000,0.000,0.000,0.000,0.000,0.000,0.000,0.000,0.000,0.000,0.000,0.000
0.000,0.000,0.000,0.000,0.000,0.000,0.000,0.000,0.000,0.000,0.000,0.000,0.000,0.000,0.000,0.000,0.000,0.000,0.000,0.000,0.000,0.000,0.000,0.000,0.000,0.000,0.000,0.000,0.000,0.000,0.000,0.000,0.000,0.000,0.000,0.000,0.000,0.000,0.000,0.000
0.000,0.000,0.000,0.000,0.000,0.000,0.000,0.000,0.000,0.000,0.000,0.000,0.000,0.000,0.000,0.000,0.000,0.000,0.000,0.000,0.000,0.000,0.000,0.000,0.000,0.000,0.000,0.000,0.000,0.000,0.000,0.000,0.000,0.000,0.000,0.000,0.000,0.000,0.000,0.000
0.000,0.000,0.000,0.000,0.000,0.000,0.000,0.000,0.000,0.000,0.000,0.000,0.000,0.000,0.000,0.000,0.000,0.000,0.000,0.000,0.000,0.000,0.000,0.000,0.000,0.000,0.000,0.000,0.000,0.000,0.000,0.000,0.000,0.000,0.000,0.000,0.000,0.000,0.000,0.000
0.000,0.000,0.000,0.000,0.000,0.000,0.000,0.000,0.000,0.000,0.000,0.000,0.000,0.000,0.000,0.000,0.000,0.000,0.000,0.000,0.000,0.000,0.000,0.000,0.000,0.000,0.000,0.000,0.000,0.000,0.000,0.000,0.000,0.000,0.000,0.000,0.000,0.000,0.000,0.000
0.000,0.000,0.000,0.000,0.000,0.000,0.000,0.000,0.000,0.000,0.000,0.000,0.000,0.000,0.000,0.000,0.000,0.000,0.000,0.000,0.000,0.000,1.000,0.000,0.000,0.000,0.000,0.000,0.000,0.000,0.000,0.000,0.000,0.000,0.000,0.000,0.000,0.000,0.000,0.000
0.000,0.000,1.000,0.000,0.000,0.000,0.000,0.000,0.000,0.000,0.000,0.000,0.000,0.000,0.000,0.000,0.000,0.000,0.000,0.000,0.000,0.000,0.000,0.000,0.000,0.000,0.000,1.000,0.000,0.000,0.000,0.000,0.000,0.000,0.000,0.000,0.000,0.000,0.000,0.000
0.000,0.000,0.000,0.000,0.000,0.000,0.000,0.000,0.000,0.000,0.000,0.000,0.000,0.000,0.000,0.000,0.000,0.000,0.000,0.000,0.000,0.000,0.000,0.000,0.000,0.000,0.000,0.000,0.000,0.000,0.000,0.000,0.000,0.000,0.000,0.000,0.000,0.000,0.000,0.000
0.000,0.000,0.000,0.000,0.000,0.000,0.000,0.000,0.000,0.000,0.000,0.000,0.000,0.000,0.000,0.000,0.000,0.000,0.000,0.000,0.000,0.000,0.000,0.000,0.000,0.000,0.000,0.000,0.000,0.000,0.000,0.000,0.000,0.000,0.000,0.000,0.000,0.000,0.000,0.000
0.000,0.000,0.000,0.000,0.000,0.000,0.000,0.000,0.000,0.000,0.000,0.000,0.000,0.000,0.000,0.000,0.000,0.000,0.000,0.000,0.000,0.000,0.000,0.000,0.000,0.000,0.000,0.000,0.000,0.000,0.000,0.000,0.000,0.000,0.000,0.000,0.000,0.000,0.000,0.000
0.000,0.000,0.000,0.000,0.000,0.000,0.000,0.000,0.000,0.000,0.000,0.000,0.000,0.000,0.000,0.000,0.000,0.000,0.000,0.000,0.000,0.000,0.000,1.000,0.000,0.000,0.000,0.000,0.000,0.000,0.000,0.000,0.000,0.000,0.000,0.000,0.000,0.000,0.000,0.000
0.000,0.000,0.000,0.000,0.000,0.000,0.000,0.000,0.000,0.000,0.000,0.000,0.000,0.000,0.000,0.000,0.000,0.000,0.000,0.000,0.000,0.000,0.000,0.000,0.000,0.000,0.000,0.000,0.000,0.000,0.000,0.000,0.000,0.000,0.000,0.000,0.000,0.000,0.000,0.000
1.000,0.000,0.000,0.000,0.000,0.000,0.000,0.000,0.000,0.000,0.000,0.000,0.000,1.000,0.000,0.000,0.000,0.000,1.000,0.000,1.000,0.000,0.000,0.000,0.000,0.000,0.000,0.000,0.000,1.000,0.000,0.000,1.000,0.000,0.000,0.000,0.000,0.000,0.000,0.000
0.000,0.000,0.000,0.000,0.000,0.000,0.000,0.000,0.000,0.000,0.000,0.000,0.000,0.000,0.000,0.000,0.000,0.000,0.000,0.000,0.000,0.000,0.000,0.000,0.000,0.000,0.000,0.000,0.000,0.000,0.000,0.000,0.000,1.000,0.000,0.000,0.000,0.000,0.000,0.000
0.000,0.000,0.000,0.000,0.000,0.000,0.000,0.000,0.000,0.000,0.000,0.000,0.000,0.000,0.000,0.000,0.000,0.000,0.000,0.000,0.000,0.000,0.000,0.000,0.000,0.000,0.000,0.000,0.000,0.000,0.000,0.000,0.000,0.000,0.000,0.000,0.000,0.000,0.000,0.000
0.000,0.000,0.000,0.000,0.000,0.000,0.000,0.000,0.000,0.000,0.000,0.000,0.000,0.000,0.000,0.000,0.000,0.000,0.000,0.000,0.000,0.000,0.000,0.000,0.000,0.000,0.000,0.000,0.000,0.000,0.000,0.000,0.000,0.000,0.000,0.000,0.000,0.000,0.000,0.000
0.000,0.000,0.000,0.000,0.000,0.000,0.000,0.000,0.000,0.000,0.000,0.000,0.000,0.000,0.000,0.000,1.000,0.000,0.000,0.000,0.000,0.000,0.000,0.000,0.000,0.000,0.000,0.000,0.000,0.000,0.000,0.000,0.000,0.000,0.000,0.000,0.000,0.000,0.000,1.000
0.000,0.000,0.000,0.000,0.000,0.000,0.000,0.000,0.000,0.000,0.000,0.000,0.000,0.000,0.000,0.000,0.000,0.000,0.000,0.000,0.000,0.000,0.000,0.000,0.000,0.000,0.000,0.000,0.000,0.000,0.000,0.000,0.000,0.000,0.000,0.000,0.000,0.000,0.000,0.000
0.000,0.000,0.000,0.000,0.000,0.000,0.000,0.000,0.000,0.000,0.000,0.000,1.000,0.000,0.000,0.000,0.000,0.000,0.000,0.000,0.000,0.000,0.000,0.000,0.000,0.000,0.000,0.000,0.000,0.000,0.000,0.000,0.000,1.000,0.000,0.000,0.000,0.000,0.000,1.000
0.000,0.000,0.000,0.000,0.000,0.000,0.000,0.000,0.000,0.000,0.000,0.000,0.000,0.000,1.000,0.000,0.000,0.000,0.000,0.000,0.000,0.000,0.000,0.000,0.000,0.000,0.000,0.000,0.000,0.000,0.000,0.000,0.000,0.000,0.000,0.000,0.000,0.000,0.000,0.000
0.000,0.000,0.000,0.000,0.000,0.000,0.000,0.000,0.000,0.000,0.000,0.000,0.000,0.000,1.000,0.000,0.000,0.000,0.000,0.000,0.000,0.000,0.000,0.000,0.000,0.000,0.000,0.000,0.000,0.000,0.000,0.000,0.000,0.000,0.000,0.000,0.000,0.000,0.000,0.000
0.000,0.000,0.000,0.000,0.000,0.000,0.000,0.000,0.000,0.000,0.000,0.000,0.000,0.000,0.000,0.000,0.000,0.000,0.000,0.000,0.000,0.000,0.000,0.000,0.000,0.000,0.000,0.000,0.000,0.000,0.000,0.000,0.000,0.000,0.000,0.000,0.000,0.000,0.000,0.000
0.000,0.000,0.000,0.000,0.000,0.000,0.000,0.000,0.000,0.000,0.000,0.000,0.000,0.000,0.000,0.000,0.000,0.000,0.000,0.000,0.000,0.000,0.000,0.000,0.000,0.000,0.000,0.000,0.000,0.000,0.000,0.000,0.000,0.000,0.000,0.000,0.000,0.000,0.000,0.000
0.000,1.000,0.000,0.000,0.000,0.000,0.000,0.000,0.000,0.000,0.000,0.000,0.000,0.000,0.000,0.000,0.000,0.000,0.000,0.000,0.000,0.000,0.000,0.000,0.000,0.000,0.000,0.000,0.000,0.000,0.000,0.000,0.000,0.000,0.000,0.000,0.000,0.000,0.000,0.000
0.000,0.000,0.000,0.000,0.000,0.000,0.000,0.000,0.000,0.000,0.000,0.000,0.000,0.000,0.000,0.000,0.000,0.000,1.000,1.000,0.000,0.000,0.000,0.000,0.000,0.000,0.000,0.000,0.000,0.000,0.000,0.000,0.000,0.000,0.000,0.000,0.000,0.000,0.000,0.000
0.000,0.000,0.000,0.000,0.000,0.000,0.000,0.000,0.000,0.000,0.000,0.000,0.000,0.000,0.000,0.000,0.000,0.000,0.000,0.000,0.000,0.000,0.000,0.000,0.000,0.000,0.000,0.000,0.000,0.000,0.000,0.000,0.000,0.000,0.000,0.000,0.000,0.000,0.000,0.000
0.000,0.000,0.000,0.000,0.000,0.000,0.000,0.000,0.000,0.000,0.000,0.000,0.000,0.000,0.000,0.000,0.000,0.000,0.000,0.000,0.000,0.000,0.000,0.000,0.000,0.000,0.000,0.000,0.000,0.000,0.000,0.000,0.000,0.000,0.000,0.000,0.000,0.000,0.000,0.000
0.000,0.000,0.000,0.000,0.000,0.000,0.000,0.000,1.000,0.000,0.000,0.000,0.000,0.000,0.000,0.000,0.000,0.000,0.000,0.000,0.000,0.000,0.000,0.000,0.000,0.000,0.000,0.000,0.000,0.000,0.000,0.000,0.000,0.000,0.000,0.000,0.000,1.000,0.000,0.000
0.000,0.000,0.000,0.000,0.000,0.000,0.000,0.000,0.000,0.000,0.000,0.000,0.000,0.000,0.000,0.000,0.000,0.000,0.000,0.000,0.000,0.000,0.000,0.000,0.000,0.000,0.000,0.000,0.000,0.000,0.000,0.000,0.000,0.000,0.000,0.000,0.000,0.000,0.000,0.000
0.000,0.000,0.000,0.000,0.000,0.000,0.000,0.000,0.000,0.000,0.000,0.000,0.000,0.000,0.000,0.000,0.000,0.000,0.000,0.000,0.000,0.000,0.000,0.000,0.000,0.000,0.000,0.000,0.000,0.000,0.000,0.000,0.000,0.000,0.000,0.000,0.000,0.000,0.000,0.000
0.000,0.000,0.000,0.000,0.000,0.000,0.000,0.000,0.000,0.000,0.000,0.000,0.000,0.000,0.000,0.000,0.000,0.000,0.000,0.000,0.000,0.000,0.000,0.000,0.000,0.000,0.000,0.000,0.000,0.000,0.000,0.000,0.000,0.000,0.000,0.000,0.000,0.000,0.000,0.000
0.000,0.000,0.000,0.000,0.000,0.000,0.000,0.000,0.000,0.000,0.000,0.000,0.000,0.000,0.000,0.000,0.000,0.000,0.000,0.000,0.000,0.000,0.000,0.000,0.000,0.000,0.000,0.000,0.000,0.000,0.000,0.000,0.000,0.000,0.000,0.000,0.000,0.000,0.000,0.000
0.000,0.000,0.000,0.000,0.000,0.000,0.000,0.000,0.000,0.000,0.000,0.000,0.000,0.000,0.000,0.000,0.000,0.000,0.000,0.000,0.000,0.000,0.000,0.000,0.000,0.000,0.000,0.000,0.000,0.000,0.000,0.000,0.000,0.000,0.000,0.000,0.000,0.000,0.000,0.000
0.000,0.000,0.000,0.000,0.000,0.000,0.000,0.000,0.000,0.000,0.000,0.000,0.000,0.000,0.000,0.000,0.000,0.000,0.000,0.000,0.000,0.000,0.000,0.000,0.000,0.000,0.000,0.000,0.000,0.000,0.000,0.000,0.000,0.000,0.000,0.000,0.000,0.000,0.000,0.000
0.000,0.000,0.000,0.000,0.000,0.000,0.000,0.000,0.000,0.000,0.000,0.000,0.000,0.000,0.000,0.000,0.000,0.000,0.000,0.000,0.000,0.000,0.000,0.000,0.000,0.000,0.000,0.000,0.000,0.000,0.000,0.000,0.000,0.000,0.000,0.000,0.000,0.000,0.000,0.000
0.000,0.000,0.000,0.000,0.000,0.000,0.000,0.000,0.000,0.000,0.000,0.000,0.000,0.000,0.000,0.000,0.000,0.000,0.000,0.000,0.000,0.000,0.000,0.000,0.000,0.000,0.000,0.000,0.000,0.000,0.000,0.000,0.000,0.000,0.000,0.000,0.000,0.000,0.000,0.000
0.000,0.000,0.000,0.000,0.000,0.000,0.000,0.000,0.000,0.000,0.000,0.000,0.000,0.000,0.000,0.000,0.000,0.000,0.000,0.000,0.000,0.000,0.000,0.000,0.000,0.000,0.000,0.000,0.000,0.000,0.000,0.000,0.000,0.000,0.000,0.000,0.000,0.000,0.000,0.000
0.000,0.000,0.000,0.000,0.000,0.000,0.000,0.000,0.000,0.000,0.000,0.000,0.000,0.000,0.000,0.000,0.000,0.000,0.000,0.000,0.000,0.000,0.000,0.000,0.000,0.000,0.000,0.000,0.000,0.000,0.000,0.000,0.000,0.000,0.000,0.000,0.000,0.000,0.000,0.000
0.000,0.000,0.000,0.000,0.000,0.000,0.000,0.000,0.000,0.000,0.000,0.000,0.000,0.000,0.000,0.000,0.000,0.000,0.000,0.000,0.000,0.000,0.000,0.000,0.000,0.000,0.000,0.000,0.000,0.000,0.000,0.000,0.000,0.000,0.000,0.000,0.000,0.000,0.000,0.000
170.000,182.000,196.000,197.000,163.000,140.000,136.000,182.000,187.000,176.000,151.000,132.000,133.000,122.000,108.000,188.000,199.000,103.000,178.000,141.000,157.000,120.000,188.000,162.000,109.000,133.000,129.000,171.000,118.000,146.000,101.000,161.000,176.000,166.000,191.000,153.000,101.000,166.000,200.000,163.000
0.000,0.000,0.000,0.000,0.000,0.000,0.000,0.000,0.000,0.000,0.000,0.000,0.000,0.000,0.000,0.000,0.000,0.000,0.000,0.000,0.000,0.000,0.000,0.000,0.000,0.000,0.000,0.000,0.000,0.000,0.000,0.000,0.000,0.000,0.000,0.000,0.000,0.000,0.000,0.000
181.000
