51.000,36.000,52.000,28.000,18.000,59.000,82.000,26.000,46.000,19.000,84.000,67.000,34.000,36.000,18.000,36.000,52.000,87.000,91.000,12.000,34.000,17.000,13.000,28.000,37.000,73.000,11.000,10.000,25.000,24.000,48.000,74.000,67.000,50.000,39.000,59.000,99.000,38.000,77.000,70.000,79.000,63.000,25.000,48.000,18.000,8.000,90.000,12.000,65.000,86.000,9.000,9.000,97.000,28.000,67.000,78.000,20.000,82.000,11.000,15.000,64.000,39.000,80.000,60.000,48.000,51.000,38.000,14.000,75.000,77.000,89.000,6.000,51.000,98.000,44.000,79.000,42.000,47.000,59.000,93.000
4.000,24.000,60.000,21.000,84.000,6.000,87.000,42.000,19.000,10.000,90.000,13.000,66.000,85.000,2.000,47.000,39.000,92.000,44.000,41.000,78.000,86.000,34.000,69.000,62.000,40.000,60.000,24.000,82.000,30.000,41.000,81.000,46.000,94.000,59.000,80.000,8.000,51.000,20.000,82.000,90.000,3.000,61.000,79.000,89.000,72.000,50.000,95.000,74.000,48.000,16.000,69.000,85.000,51.000,6.000,21.000,58.000,44.000,25.000,85.000,44.000,58.000,79.000,60.000,67.000,98.000,88.000,88.000,37.000,8.000,69.000,100.000,13.000,84.000,82.000,95.000,99.000,25.000,56.000,16.000
6.000,97.000,10.000,90.000,32.000,37.000,37.000,27.000,50.000,29.000,54.000,28.000,17.000,71.000,39.000,77.000,7.000,4.000,56.000,24.000,30.000,70.000,45.000,36.000,50.000,74.000,28.000,59.000,48.000,1.000,84.000,6.000,37.000,40.000,98.000,46.000,85.000,64.000,61.000,52.000,64.000,10.000,3.000,69.000,77.000,58.000,56.000,46.000,82.000,69.000,2.000,87.000,28.000,22.000,86.000,55.000,32.000,32.000,87.000,26.000,17.000,14.000,39.000,72.000,83.000,48.000,18.000,49.000,41.000,89.000,30.000,74.000,95.000,13.000,11.000,89.000,7.000,11.000,47.000,1.000
71.000,89.000,76.000,87.000,15.000,82.000,99.000,40.000,25.000,93.000,11.000,37.000,84.000,1.000,8.000,44.000,32.000,8.000,49.000,80.000,73.000,29.000,11.000,31.000,84.000,95.000,97.000,92.000,26.000,24.000,54.000,35.000,79.000,37.000,40.000,17.000,90.000,94.000,2.000,42.000,97.000,96.000,2.000,65.000,67.000,15.000,19.000,6.000,85.000,37.000,93.000,50.000,51.000,81.000,53.000,33.000,32.000,47.000,82.000,59.000,49.000,12.000,29.000,83.000,15.000,60.000,43.000,26.000,41.000,77.000,63.000,34.000,65.000,7.000,57.000,84.000,58.000,89.000,50.000,63.000
64.000,36.000,76.000,78.000,48.000,34.000,28.000,17.000,31.000,59.000,90.000,22.000,54.000,46.000,94.000,81.000,56.000,81.000,38.000,66.000,50.000,82.000,4.000,76.000,52.000,61.000,89.000,78.000,35.000,41.000,73.000,86.000,84.000,21.000,53.000,13.000,70.000,26.000,6.000,84.000,38.000,15.000,100.000,29.000,90.000,81.000,23.000,33.000,65.000,43.000,96.000,84.000,60.000,91.000,96.000,66.000,25.000,56.000,98.000,17.000,98.000,2.000,73.000,86.000,67.000,70.000,35.000,28.000,63.000,34.000,46.000,79.000,12.000,20.000,14.000,79.000,89.000,65.000,24.000,6.000
98.000,8.000,63.000,21.190,81.000,59.000,27.000,78.000,20.000,25.000,1.000,17.000,14.000,93.000,12.000,80.000,52.000,5.000,84.000,80.000,14.000,78.000,8.000,87.000,46.000,94.000,58.000,100.000,81.000,75.000,10.000,23.000,43.000,79.000,94.000,19.000,65.000,34.000,22.000,75.000,44.000,36.000,2.000,49.000,66.000,33.000,3.000,55.000,45.000,4.000,33.000,24.000,89.000,72.000,76.000,50.000,16.000,22.000,7.000,45.000,39.000,24.000,35.000,22.000,22.000,80.000,11.000,56.000,89.000,24.000,1.000,38.000,51.000,58.000,69.000,81.000,29.000,79.000,9.000,34.000
26.000,78.000,71.000,9.000,56.000,49.000,38.000,50.000,84.000,100.000,71.000,23.000,7.000,56.000,79.000,15.000,7.000,79.000,46.000,100.000,93.000,86.000,28.000,23.000,55.000,63.000,81.000,50.000,36.000,26.000,7.000,26.000,58.000,73.000,13.000,92.000,58.000,5.000,35.000,60.000,48.000,27.000,54.000,26.000,88.000,19.000,94.000,46.000,56.000,48.000,25.000,59.000,97.000,85.000,18.000,29.000,85.000,35.000,96.000,13.000,57.000,17.000,97.000,4.000,72.000,3.000,38.000,64.000,9.000,9.000,78.000,48.000,59.000,42.000,50.000,31.000,88.000,87.000,27.000,9.000
71.000,5.000,66.000,61.000,58.000,99.000,100.000,88.000,31.000,90.000,54.000,35.000,8.000,48.000,72.000,36.000,3.000,59.000,84.000,23.000,15.000,44.000,45.000,96.000,36.000,35.000,61.000,59.000,92.000,22.000,75.000,86.000,90.000,11.000,83.000,4.000,43.000,8.000,77.000,88.000,18.000,20.000,44.000,28.000,50.000,65.000,97.000,44.000,52.000,8.000,85.000,8.000,60.000,13.000,99.000,99.000,98.000,51.000,50.000,86.000,18.000,94.000,95.000,29.000,84.000,19.000,15.000,99.000,78.000,14.000,58.000,51.000,50.000,82.000,62.000,71.000,94.000,32.000,96.000,69.000
81.000,58.000,26.000,29.000,2.000,38.000,100.000,2.000,10.000,77.000,62.000,37.000,40.000,33.000,12.000,69.000,51.000,12.000,37.000,7.000,28.000,15.000,24.000,47.000,27.000,93.000,33.000,47.000,2.000,45.000,40.000,40.000,21.000,36.000,12.000,82.000,92.000,24.000,56.000,59.000,82.000,65.000,57.000,11.000,48.000,27.000,93.000,73.000,51.000,33.000,92.000,51.000,40.000,31.000,58.000,72.000,83.000,75.000,47.000,69.000,59.000,61.000,45.000,88.000,95.000,36.000,17.000,63.000,21.000,29.000,41.000,15.000,91.000,73.000,35.000,81.000,44.000,18.000,91.000,87.000
66.000,54.000,48.000,78.000,22.000,51.000,25.000,51.000,40.000,23.000,19.000,78.000,10.000,75.000,11.000,65.000,90.000,9.000,54.000,85.000,14.000,89.000,27.000,56.000,80.000,24.000,35.000,64.000,39.000,30.000,53.000,54.000,76.000,33.000,11.000,55.000,80.000,78.000,77.000,73.000,19.000,30.000,3.000,87.000,59.000,27.000,48.000,69.000,44.000,29.000,46.000,83.000,10.000,55.000,86.000,87.000,81.000,2.000,11.000,16.000,12.000,71.000,17.000,57.000,34.000,9.000,56.000,90.000,63.000,38.000,18.000,19.000,67.000,27.000,41.000,74.000,28.000,97.000,91.000,32.000
95.000,27.000,65.000,30.000,59.000,63.000,4.000,32.000,99.000,9.000,36.000,31.000,33.000,92.000,17.000,63.000,36.000,59.000,89.000,20.000,26.000,55.000,66.000,40.000,44.000,32.000,51.000,12.000,87.000,92.000,68.000,14.000,76.000,27.000,3.000,70.000,59.000,82.000,20.000,93.000,66.000,61.000,75.000,5.000,38.000,68.000,74.000,51.000,60.000,44.000,9.000,95.000,85.000,48.000,96.000,98.000,95.000,61.000,93.000,78.000,86.000,53.000,4.000,51.000,53.000,45.000,36.000,44.000,26.000,68.000,96.000,35.000,3.000,7.000,14.000,87.000,34.000,6.000,83.000,65.000
25.000,81.000,4.000,81.000,90.000,79.000,81.000,39.000,28.000,97.000,96.000,98.000,61.000,15.000,60.000,48.000,6.000,19.000,46.000,55.000,75.000,71.000,56.000,70.000,2.000,85.000,100.000,6.000,75.000,86.000,94.000,45.000,76.000,11.000,2.000,38.000,21.000,22.000,7.000,46.000,36.000,81.000,54.000,29.000,60.000,12.000,8.000,37.000,81.000,22.000,63.000,68.000,16.000,73.000,88.000,65.000,58.000,82.000,12.000,21.000,64.000,95.000,72.000,15.000,26.000,6.000,55.000,22.000,48.000,70.000,13.000,46.000,60.000,12.000,100.000,39.000,83.000,63.000,61.000,94.000
39.000,87.000,66.000,56.000,100.000,83.000,75.000,90.000,2.000,25.000,91.000,4.000,34.000,2.000,58.000,74.000,98.000,9.000,76.000,59.000,35.000,12.000,64.000,99.000,26.000,22.000,55.000,7.000,60.000,41.000,93.000,38.000,99.000,6.000,63.000,41.000,64.000,24.000,70.000,22.000,30.000,55.000,84.000,15.000,45.000,44.000,11.000,9.000,10.000,36.000,65.000,37.000,96.000,18.000,6.000,39.000,39.000,97.000,11.000,44.000,49.000,22.000,69.000,79.000,88.000,20.000,86.000,12.000,45.000,69.000,67.000,8.000,62.000,15.000,99.000,41.000,21.000,59.000,65.000,24.000
50.000,49.000,61.000,25.000,74.000,61.000,22.000,24.000,47.000,60.000,55.000,11.000,58.000,65.000,83.000,3.000,53.000,5.000,29.000,24.000,52.000,56.000,6.000,19.000,64.000,16.000,27.000,43.000,84.000,97.000,66.000,17.000,37.000,92.000,99.000,99.000,7.000,49.000,51.000,37.000,84.000,16.000,23.000,63.000,78.000,21.000,97.000,2.000,53.000,90.000,63.000,73.000,60.000,90.000,90.000,77.000,38.000,44.000,45.000,33.000,50.000,15.000,98.000,47.000,74.000,56.000,93.000,30.000,37.000,55.000,14.000,56.000,2.000,4.000,100.000,34.000,68.000,33.000,4.000,46.000
10.000,26.000,15.000,36.000,44.000,49.000,32.000,56.000,13.000,56.000,39.000,45.000,87.000,95.000,45.000,79.000,90.000,93.000,54.000,47.000,29.000,60.000,77.000,28.000,88.000,7.000,99.000,10.000,46.000,35.000,86.000,8.000,4.000,60.000,51.000,22.000,38.000,72.000,99.000,39.000,17.000,32.000,61.000,15.000,62.000,1.000,19.000,72.000,27.000,51.000,31.000,97.000,83.000,70.000,98.000,78.000,62.000,78.000,83.000,58.000,44.000,55.000,72.000,89.000,25.000,47.000,94.000,6.000,51.000,85.000,6.000,10.000,90.000,98.000,36.000,31.000,44.000,37.000,98.000,28.000
24.000,10.000,13.000,61.000,55.000,48.000,61.000,45.000,82.000,26.000,75.000,15.000,80.000,78.000,57.000,21.000,12.000,47.000,33.000,47.000,65.000,97.000,52.000,90.000,88.000,96.000,80.000,1.000,96.000,15.000,35.000,11.000,78.000,65.000,90.000,63.000,52.000,69.000,45.000,66.000,67.000,17.000,89.000,72.000,43.000,15.000,40.000,100.000,95.000,77.000,92.000,32.000,49.000,8.000,39.000,66.000,30.000,47.000,53.000,50.000,62.000,45.000,15.000,16.000,14.000,81.000,75.000,63.000,87.000,79.000,94.000,59.000,12.000,73.000,41.000,27.000,17.000,59.000,16.000,46.000
42.000,98.000,4.000,70.000,53.000,54.000,81.000,53.000,51.000,91.000,66.000,89.000,82.000,1.000,91.000,54.000,26.000,58.000,33.000,98.000,70.000,64.000,73.000,80.000,66.000,10.000,44.000,75.000,34.000,98.000,2.000,98.000,32.000,68.000,41.000,20.000,17.000,45.000,13.000,21.000,24.000,77.000,80.000,6.000,80.000,100.000,29.000,13.000,64.000,42.000,85.000,20.000,51.000,50.000,52.000,7.000,76.000,94.000,26.000,4.000,11.000,31.000,34.000,23.000,30.000,85.000,57.000,93.000,72.000,9.000,44.000,10.000,64.000,77.000,55.000,29.000,95.000,90.000,63.000,42.000
19.000,13.000,98.000,97.000,94.000,45.000,82.000,88.000,38.000,14.000,31.000,5.000,1.000,46.000,18.000,19.000,47.000,94.000,93.000,66.000,42.000,19.000,24.000,87.000,16.000,96.000,43.000,78.000,97.000,68.000,56.000,63.000,16.000,3.000,33.000,8.000,59.000,56.000,21.000,11.000,69.000,71.000,10.000,33.000,76.000,30.000,13.000,42.000,80.000,57.000,13.000,88.000,63.000,62.000,69.000,35.000,3.000,37.000,65.000,70.000,34.000,74.000,80.000,26.000,3.000,98.000,9.000,61.000,14.000,91.000,44.000,11.000,17.000,89.000,68.000,95.000,51.000,6.000,28.000,11.000
45.000,87.000,68.000,14.000,72.000,84.000,95.000,28.000,36.000,92.000,33.000,78.000,89.000,30.000,12.000,43.000,63.000,75.000,81.000,93.000,63.000,3.000,54.000,93.000,85.000,99.000,3.000,70.000,63.000,16.000,77.000,11.000,64.000,10.000,43.000,63.000,81.000,60.000,45.000,25.000,51.000,38.000,36.000,6.000,66.000,59.000,17.000,28.000,19.000,1.000,75.000,2.000,61.000,78.000,2.000,39.000,10.000,6.000,88.000,85.000,85.000,13.000,45.000,72.000,83.000,36.000,93.000,97.000,38.000,17.000,75.000,85.000,95.000,7.000,46.000,31.000,97.000,77.000,94.000,55.000
73.000,95.000,86.000,8.000,40.000,74.000,15.000,22.000,67.000,73.000,58.000,12.000,62.000,94.000,72.000,40.000,49.000,96.000,87.000,18.000,30.000,59.000,11.000,97.000,71.000,34.000,80.000,48.000,88.000,87.000,54.000,10.000,36.000,41.000,82.000,61.000,92.000,59.000,19.000,92.000,25.000,72.000,95.000,77.000,48.000,84.000,39.000,7.000,17.000,62.000,89.000,8.000,30.000,69.000,10.000,92.000,28.000,42.000,41.000,16.000,37.000,25.000,44.000,12.000,45.000,6.000,14.000,17.000,54.000,90.000,56.000,52.000,42.000,17.000,48.000,24.000,25.000,86.000,70.000,63.000
95.000,46.000,91.000,64.000,31.000,8.000,62.000,15.000,67.000,86.000,31.000,26.000,15.000,48.000,88.000,84.000,91.000,45.000,9.000,48.000,96.000,10.000,39.000,9.000,53.000,26.000,51.000,50.000,26.000,52.000,71.000,15.000,40.000,28.000,41.000,18.000,11.000,78.000,32.000,70.000,12.000,86.000,89.000,48.000,69.000,11.000,97.000,9.000,30.000,62.000,4.000,68.000,9.000,72.000,14.000,29.000,38.000,22.000,71.000,27.000,88.000,36.000,40.000,32.000,9.000,66.000,59.000,45.000,42.000,25.000,77.000,100.000,63.000,18.000,77.000,64.000,66.000,24.000,31.000,62.000
36.000,45.000,19.000,55.000,74.000,10.000,22.000,55.000,65.000,60.000,37.000,92.000,82.000,20.000,38.000,77.000,94.000,48.000,8.000,39.000,19.000,86.000,91.000,62.000,96.000,51.000,58.000,89.000,77.000,32.000,24.000,36.000,38.000,31.000,93.000,22.000,49.000,29.000,43.000,70.000,43.000,85.000,14.000,80.000,10.000,42.000,88.000,41.000,91.000,40.000,70.000,65.000,29.000,98.000,64.000,3.000,93.000,77.000,39.000,16.000,38.000,19.000,97.000,72.000,96.000,92.000,75.000,54.000,5.000,58.000,66.000,74.000,52.000,16.000,6.000,20.000,17.000,24.000,1.000,82.000
15.000,63.000,82.000,97.000,24.000,48.000,18.305,23.000,43.000,79.000,44.000,11.000,24.000,20.000,21.000,22.000,3.000,28.000,38.000,10.000,77.000,29.000,31.000,71.000,80.000,54.000,44.000,9.000,87.000,87.000,29.000,46.000,76.000,92.000,10.000,1.000,73.000,100.000,83.000,39.000,5.000,80.000,77.000,4.000,53.000,48.000,91.000,52.000,72.000,6.000,71.000,18.000,14.000,97.000,50.000,65.000,91.000,82.000,81.000,3.000,50.000,91.000,85.000,70.000,4.000,43.000,2.000,44.000,29.000,59.000,64.000,4.000,37.000,3.000,21.000,84.000,45.000,52.000,29.000,55.000
40.000,91.000,5.000,42.000,16.000,64.000,33.000,7.000,32.000,8.000,23.000,63.000,19.000,81.000,18.000,60.000,72.000,45.000,54.000,88.000,15.000,58.000,30.000,78.000,74.000,77.000,13.000,43.000,43.000,41.000,33.000,74.000,4.000,41.000,82.000,33.000,13.000,97.000,25.000,26.000,64.000,60.000,9.000,15.000,20.000,24.000,53.000,75.000,62.000,78.000,100.000,5.000,6.000,29.000,66.000,79.000,7.000,76.000,74.000,9.000,42.000,55.000,10.000,72.000,91.000,60.000,48.000,29.000,38.000,34.000,88.000,4.000,45.000,16.000,23.000,85.000,52.000,37.000,23.000,98.000
43.000,59.000,81.000,47.000,62.000,81.000,28.000,27.000,2.000,52.000,72.000,9.000,2.000,79.000,90.000,44.000,42.000,35.000,43.000,43.000,86.000,87.000,23.000,16.000,6.000,41.000,8.000,64.000,92.000,41.000,22.000,41.000,57.000,19.000,69.000,79.000,58.000,43.000,74.000,24.000,81.000,33.000,80.000,4.000,86.000,2.000,29.000,10.000,45.000,49.000,7.000,78.000,69.000,56.000,31.000,58.000,8.000,33.000,10.000,52.000,82.000,52.000,87.000,34.000,31.000,34.000,62.000,86.000,77.000,13.000,88.000,28.000,15.000,31.000,7.000,88.000,70.000,48.000,32.000,63.000
1.000,17.000,69.000,76.000,14.000,71.000,50.000,3.000,86.000,95.000,11.000,34.000,49.000,49.000,91.000,73.000,35.000,99.000,84.000,66.000,67.000,58.000,15.000,35.000,61.000,73.000,44.000,93.000,18.000,61.000,59.000,46.000,37.000,80.000,30.000,56.000,90.000,5.000,18.000,3.000,59.000,41.000,86.000,7.000,74.000,90.000,32.000,76.000,25.000,28.000,82.000,97.000,45.000,67.000,15.000,30.000,16.000,85.000,90.000,38.000,37.000,22.000,68.000,20.000,18.000,58.000,73.000,25.000,13.000,89.000,76.000,92.000,62.000,78.000,77.000,65.000,66.000,18.000,87.000,31.000
92.000,43.000,24.000,55.000,97.000,84.000,100.000,3.000,74.000,91.000,41.000,68.000,15.000,93.000,57.000,48.000,7.000,31.000,81.000,65.000,53.000,68.000,84.000,91.000,85.000,80.000,53.000,98.000,23.000,86.000,79.000,64.000,32.000,49.000,34.000,17.000,52.000,43.000,91.000,3.000,17.000,16.000,21.000,26.000,73.000,25.000,3.000,57.000,29.000,86.000,16.000,35.000,54.000,98.000,39.000,24.000,34.000,10.000,42.000,67.000,1.000,93.000,91.000,39.000,45.000,73.000,78.000,98.000,85.000,65.000,43.000,25.000,96.000,45.000,21.000,32.000,98.000,9.000,96.000,11.000
96.000,93.000,82.000,26.000,23.000,10.000,12.000,51.000,99.000,58.000,47.000,87.000,11.000,87.000,93.000,42.000,35.000,52.000,35.000,93.000,19.000,61.000,41.000,66.000,81.000,71.000,76.000,53.000,38.000,6.000,93.000,59.000,59.000,50.000,97.000,45.000,93.000,8.000,65.000,41.000,80.000,14.000,72.000,14.000,48.000,26.000,65.000,58.000,40.000,55.000,61.000,2.000,73.000,83.000,10.000,93.000,1.000,83.000,54.000,63.000,77.000,53.000,40.000,75.000,10.000,70.000,63.000,51.000,50.000,13.000,38.000,21.000,95.000,44.000,63.000,100.000,8.000,20.000,25.000,4.000
86.000,44.000,18.000,100.000,27.000,63.000,41.000,67.000,75.000,42.000,12.000,97.000,15.000,3.000,9.000,59.000,62.000,66.000,34.000,21.000,75.000,75.000,45.000,79.000,41.000,30.000,36.000,58.000,46.000,81.000,18.000,72.000,14.000,1.000,5.000,20.000,93.000,37.000,55.000,72.000,33.000,41.000,58.000,12.000,14.000,53.000,25.000,85.000,12.000,64.000,12.000,54.000,62.000,34.000,95.000,55.000,70.000,27.000,7.000,69.000,75.000,18.000,94.000,28.000,88.000,19.000,65.000,5.000,18.000,86.000,17.000,39.000,35.000,58.000,82.000,86.000,68.000,31.000,31.000,10.000
36.000,18.000,85.000,17.000,32.000,92.000,95.000,63.000,63.000,7.000,46.000,59.000,81.000,60.000,36.000,14.000,27.000,82.000,75.000,41.000,59.000,84.000,49.000,59.000,52.000,47.000,93.000,78.000,18.000,26.000,87.000,19.000,67.000,26.000,17.000,11.000,30.000,95.000,79.000,60.000,28.000,39.000,6.000,81.000,63.000,52.000,52.000,66.000,24.000,44.000,90.000,89.000,83.000,58.000,12.000,18.000,40.000,63.000,40.000,31.000,13.000,75.000,54.000,45.000,90.000,18.000,73.000,83.000,82.000,9.000,15.000,87.000,93.000,70.000,96.000,59.000,53.000,92.000,73.000,26.000
7.000,36.000,36.000,14.000,45.000,18.000,78.000,29.000,12.000,79.000,57.000,28.000,65.000,82.000,29.000,69.000,43.000,88.000,84.000,8.000,16.000,92.000,85.000,51.000,41.000,49.000,36.000,37.000,32.000,8.000,85.000,18.000,78.000,80.000,31.000,15.000,35.000,100.000,40.000,72.000,12.000,11.000,1.000,67.000,76.000,72.000,37.000,60.000,82.000,25.000,27.000,65.000,51.000,72.000,71.000,69.000,79.000,76.000,10.000,69.000,64.000,11.000,33.000,51.000,65.000,35.000,22.000,23.000,21.000,97.000,89.000,85.000,23.000,10.000,90.000,79.000,8.000,58.000,41.000,29.000
6.000,48.000,9.000,55.000,59.000,28.000,89.000,2.000,27.000,12.000,42.000,87.000,67.000,2.000,25.000,55.000,25.000,94.000,88.000,35.000,2.000,18.000,24.000,26.000,2.000,85.000,89.000,67.000,28.000,2.000,29.000,30.000,31.000,71.000,60.000,88.000,53.000,22.000,30.000,77.000,8.000,92.000,78.000,59.000,22.000,63.000,57.000,98.000,100.000,52.000,76.000,35.000,97.000,80.000,93.000,93.000,47.000,48.000,57.000,72.000,39.000,46.000,63.000,22.000,79.000,94.000,2.000,80.000,15.000,9.000,62.000,49.000,62.000,10.000,91.000,6.000,51.000,75.000,67.000,36.000
21.000,59.000,40.000,37.000,26.000,12.000,69.000,95.000,56.000,65.000,14.000,30.000,36.000,85.000,13.000,44.000,63.000,39.000,97.000,8.000,14.000,93.000,32.000,5.000,67.000,51.000,11.000,37.000,95.000,12.000,77.000,79.000,57.000,68.000,14.000,83.000,7.000,88.000,84.000,83.000,53.000,10.000,75.000,80.000,64.000,46.000,51.000,4.000,46.000,34.000,90.000,44.000,64.000,88.000,69.000,28.000,71.000,42.000,5.000,3.000,17.000,18.000,81.000,71.000,1.000,14.000,51.000,83.000,20.000,36.000,67.000,50.000,36.000,54.000,73.000,53.000,68.000,32.000,69.000,36.000
79.000,33.000,12.000,12.000,74.000,90.000,49.000,54.000,24.000,46.000,97.000,53.000,4.000,64.000,58.000,89.000,21.000,40.000,7.000,14.000,90.000,25.000,14.000,23.000,53.000,65.000,45.000,7.000,36.000,5.000,82.000,35.000,41.000,93.000,95.000,80.000,18.000,33.000,91.000,54.000,20.000,66.000,37.000,33.000,89.000,43.000,85.000,23.000,12.000,58.000,69.000,2.000,2.000,89.000,24.000,75.000,9.000,24.000,12.000,38.000,76.000,36.000,34.000,7.000,54.000,26.000,42.000,78.000,71.000,54.000,88.000,32.000,6.000,26.000,36.000,58.000,36.000,69.000,98.000,55.000
60.000,97.000,42.000,16.000,83.000,34.000,51.000,14.000,9.000,1.000,31.000,18.000,3.000,97.000,5.000,21.000,86.000,65.000,36.000,65.000,28.000,18.000,97.000,98.000,58.000,51.000,51.000,76.000,5.000,63.000,97.000,35.000,61.000,1.000,61.000,83.000,73.000,100.000,72.000,53.000,87.000,71.000,7.000,81.000,65.000,23.000,25.000,100.000,6.000,53.000,34.000,43.000,3.000,17.000,75.000,99.000,18.000,46.000,66.000,40.000,28.000,89.000,17.000,70.000,71.000,19.000,26.000,55.000,89.000,56.000,26.000,79.000,26.000,13.000,40.000,85.000,61.000,50.000,59.000,39.000
62.000,91.000,96.000,58.000,85.000,66.000,39.000,2.000,61.000,76.000,66.000,17.000,36.000,50.000,98.000,75.000,64.000,35.000,99.000,18.000,40.000,12.000,20.000,42.000,5.000,79.000,32.000,84.000,66.000,85.000,77.000,90.000,88.000,32.000,98.000,89.000,75.000,14.000,34.000,48.000,16.000,26.000,21.000,24.000,58.000,47.000,67.000,98.000,86.000,90.000,96.000,33.000,69.000,12.000,16.000,14.000,32.000,80.000,56.000,36.000,20.000,58.000,84.000,65.000,35.000,69.000,30.000,80.000,94.000,100.000,87.000,20.000,47.000,49.000,100.000,94.000,48.000,75.000,79.000,31.000
47.000,83.000,47.000,51.000,55.000,21.000,76.000,19.000,58.000,63.000,64.000,9.000,99.000,48.000,81.000,87.000,51.000,16.000,46.000,27.000,98.000,21.000,67.000,17.000,25.000,82.000,77.000,64.000,15.000,83.000,28.000,87.000,15.000,21.000,98.000,94.000,40.000,98.000,8.000,95.000,100.000,5.000,9.000,84.000,68.000,60.000,77.000,83.000,100.000,79.000,81.000,81.000,28.000,98.000,3.000,96.000,77.000,24.000,7.000,94.000,57.000,4.000,14.000,100.000,56.000,10.000,1.000,96.000,73.000,31.000,38.000,80.000,63.000,71.000,27.000,29.000,37.000,12.000,81.000,5.000
39.000,98.000,17.000,14.000,28.000,49.000,74.000,52.000,27.000,80.000,37.000,22.000,14.000,63.000,46.000,94.000,25.000,34.000,27.000,45.000,18.000,64.000,4.000,28.000,21.000,50.000,61.000,29.000,18.000,38.000,18.000,57.000,44.000,4.000,72.000,23.000,41.000,71.000,13.000,51.000,41.000,81.000,92.000,44.000,18.000,49.000,25.000,43.000,29.000,92.000,34.000,12.000,5.000,44.000,15.000,77.000,85.000,69.000,83.000,6.000,4.000,92.000,25.000,44.000,84.000,2.000,36.000,54.000,80.000,8.000,89.000,99.000,17.000,44.000,92.000,35.000,98.000,31.000,93.000,30.000
51.000,70.000,97.000,34.000,34.000,19.000,46.000,82.000,58.000,40.000,84.000,60.000,62.000,41.000,23.000,43.000,40.000,6.000,26.000,17.000,45.000,4.000,13.000,41.000,10.000,58.000,40.000,59.000,85.000,2.000,93.000,75.000,65.000,58.000,79.000,98.000,42.000,48.000,17.000,49.000,79.000,9.000,66.000,28.000,90.000,42.000,44.000,34.000,37.000,66.000,39.000,55.000,9.000,85.000,41.000,12.000,50.000,70.000,21.000,25.000,31.000,78.000,85.000,30.000,83.000,75.000,76.000,38.000,93.000,73.000,22.000,15.000,25.000,21.000,98.000,6.000,57.000,91.000,51.000,57.000
80.000,48.000,63.000,83.000,23.000,33.000,23.000,64.000,23.000,6.000,27.000,33.000,69.000,72.000,45.000,10.000,70.000,42.000,73.000,3.765,72.000,1.000,86.000,37.000,67.000,48.000,22.000,68.000,9.000,45.000,45.000,48.000,21.000,60.000,82.000,97.000,14.000,69.000,31.000,23.000,43.000,56.000,21.000,3.000,90.000,2.000,41.000,30.000,41.000,68.000,32.000,42.000,53.000,33.000,8.000,12.000,80.000,23.000,60.000,73.000,13.000,16.000,70.000,3.000,15.000,13.000,58.000,59.000,63.000,5.000,31.000,59.000,3.235,27.000,100.000,25.000,31.000,7.018,89.000,87.000
54.000,46.000,60.000,52.000,26.000,53.000,73.000,60.000,45.000,20.000,26.000,31.000,75.000,22.000,100.000,8.000,2.000,85.000,11.000,100.000,13.000,47.000,17.000,45.000,18.000,86.000,40.000,62.000,77.000,89.000,33.000,17.000,96.000,78.000,34.000,68.000,93.000,67.000,82.000,64.000,38.000,42.000,44.000,73.000,53.000,24.000,3.000,54.000,27.000,55.000,74.000,79.000,69.000,81.000,9.000,49.000,62.000,24.000,52.000,98.000,5.000,30.000,5.000,8.000,17.000,35.000,36.000,24.000,62.000,87.000,72.000,40.000,2.000,46.000,56.000,23.000,17.000,28.000,74.000,91.000
44.000,90.000,88.000,11.000,3.000,72.000,69.000,49.000,39.000,38.000,85.000,27.000,55.000,54.000,61.000,1.000,92.000,99.000,15.000,67.000,35.000,57.000,83.000,34.000,42.000,20.000,12.000,27.000,57.000,84.000,57.000,36.000,50.000,55.000,24.000,62.000,72.000,23.000,34.000,68.000,57.000,31.000,40.000,2.000,34.000,58.000,82.000,53.000,95.000,20.000,18.000,87.000,19.000,97.000,22.000,48.000,27.000,88.000,40.000,19.000,28.000,32.000,8.000,8.000,26.000,50.000,49.000,44.000,41.000,43.000,75.000,92.000,68.000,48.000,63.000,9.000,89.000,36.000,14.000,81.000
60.000,84.000,94.000,36.000,71.000,80.000,26.000,62.000,4.000,96.000,100.000,100.000,40.000,66.000,9.000,33.000,42.000,99.000,15.000,21.000,88.000,57.000,57.000,36.000,36.000,52.000,47.000,10.000,5.000,42.000,66.000,100.000,40.000,84.000,8.000,65.000,8.000,30.000,37.000,59.000,26.000,78.000,65.000,42.000,29.000,86.000,65.000,34.000,78.000,80.000,17.000,55.000,56.000,94.000,2.000,86.000,29.000,73.000,23.000,58.000,72.000,23.000,63.000,15.000,100.000,75.000,78.000,35.000,24.000,7.000,74.000,84.000,5.000,36.000,96.000,16.000,45.000,82.000,67.000,45.000
7.000,33.000,34.000,71.000,84.000,89.000,34.000,27.000,9.000,22.000,59.000,9.000,47.000,20.000,23.000,57.000,73.000,25.000,97.000,55.000,45.000,35.000,71.000,47.000,85.000,20.000,35.000,1.000,56.000,26.000,86.000,47.000,49.000,48.000,22.000,16.000,73.000,72.000,48.000,37.000,60.000,38.000,45.000,4.000,41.000,24.000,38.000,17.000,83.000,40.000,40.000,78.000,88.000,56.000,32.000,96.000,24.000,72.000,67.000,15.000,88.000,39.000,7.000,59.000,65.000,52.000,62.000,5.000,18.000,98.000,81.000,4.000,60.000,67.000,94.000,13.000,20.000,98.000,29.000,75.000
2.000,42.000,13.000,91.000,21.000,5.000,67.000,58.000,96.000,88.000,16.000,82.000,99.000,4.000,9.000,2.000,85.000,82.000,1.000,91.000,64.000,64.000,72.000,55.000,23.000,7.000,4.000,64.000,68.000,98.000,10.000,52.000,74.000,67.000,35.000,52.000,11.000,65.000,6.000,71.000,62.000,55.000,57.000,86.000,37.000,55.000,87.000,83.000,1.000,50.000,47.000,13.000,66.000,58.000,47.000,97.000,59.000,22.000,46.000,24.000,54.000,9.000,27.000,87.000,16.000,52.000,82.000,41.000,68.000,11.000,89.000,24.000,61.000,43.000,21.000,54.000,38.000,71.000,96.000,5.000
20.000,38.000,5.000,46.000,5.000,38.000,95.000,70.000,79.000,84.000,100.000,77.000,59.000,18.000,28.000,57.000,3.000,36.000,10.000,19.000,75.000,47.000,19.000,58.000,29.000,45.000,61.000,19.000,77.000,68.000,92.000,24.000,21.000,24.000,22.000,1.000,50.000,55.000,70.000,88.000,33.000,100.000,56.000,58.000,26.000,95.000,35.000,100.000,26.000,15.000,99.000,11.000,63.000,4.000,21.000,54.000,55.000,87.000,24.000,21.000,9.000,57.000,87.000,41.000,94.000,10.000,51.000,26.000,79.000,65.000,92.000,18.000,37.000,21.000,17.000,79.000,69.000,61.000,16.000,41.000
30.000,24.000,96.000,53.000,5.000,89.000,77.000,36.000,61.000,98.000,58.000,84.000,61.000,57.000,44.000,44.000,74.000,40.000,51.000,12.000,43.000,100.000,70.000,91.000,94.000,68.000,69.000,43.000,82.000,22.000,1.000,58.000,22.000,79.000,11.000,66.000,16.000,95.000,28.000,45.000,49.000,87.000,30.000,94.000,100.000,7.000,89.000,53.000,93.000,63.000,36.000,2.000,83.000,5.000,84.000,6.000,80.000,93.000,36.000,54.000,15.000,82.000,8.000,90.000,33.000,8.000,75.000,44.000,55.000,84.000,85.000,11.000,70.000,47.000,46.000,42.000,60.000,63.000,57.000,64.000
31.000,28.000,58.000,12.000,93.000,64.000,10.000,64.000,17.000,74.000,98.000,13.000,41.000,80.000,43.000,48.000,67.000,48.000,24.000,98.000,35.000,6.000,86.000,53.000,11.000,41.000,44.000,69.000,72.000,29.000,45.000,8.000,82.000,4.000,6.000,21.000,36.000,71.000,9.000,79.000,53.000,20.000,51.000,80.000,26.000,82.000,95.000,41.000,73.000,83.000,34.000,52.000,71.000,23.000,43.000,34.000,34.000,80.000,87.000,77.000,33.000,17.000,36.000,74.000,51.000,12.000,61.000,55.000,42.000,22.000,33.000,35.000,95.000,19.000,98.000,35.000,24.000,17.000,11.000,45.000
56.000,46.000,58.000,26.000,43.000,88.000,91.000,89.000,74.000,40.000,3.000,30.000,80.000,74.000,45.000,91.000,59.000,21.000,71.000,49.000,72.000,48.000,48.000,63.000,34.000,5.000,42.000,59.000,64.000,65.000,6.000,81.000,78.000,83.000,49.000,88.000,86.000,86.000,38.000,19.000,29.000,59.000,61.000,12.000,6.000,93.000,63.000,93.000,6.000,88.000,82.000,91.000,80.000,16.000,21.000,97.000,39.000,6.000,65.000,18.000,32.000,25.000,59.000,85.000,53.000,59.000,53.000,22.000,95.000,25.000,9.000,39.000,59.000,40.000,48.000,59.000,27.000,87.000,1.000,23.000
10.000,3.000,12.000,28.000,56.000,88.000,30.000,54.000,46.000,93.000,89.000,56.000,1.000,78.000,54.000,22.000,33.000,36.000,16.000,42.000,24.000,54.000,93.000,79.000,95.000,28.000,31.000,87.000,27.000,34.000,21.000,3.000,74.000,70.000,40.000,6.000,32.000,19.000,24.000,71.000,36.000,21.000,67.000,74.000,67.000,20.000,15.000,49.000,4.000,73.000,79.000,84.000,39.000,19.000,93.000,72.000,34.000,96.000,62.000,65.000,13.000,87.000,33.000,20.000,54.000,65.000,96.000,23.000,62.000,35.000,54.000,4.000,30.000,74.000,58.000,63.000,59.000,75.000,62.000,28.000
49.000,32.000,61.000,34.000,84.000,68.000,52.000,10.000,14.000,86.000,54.000,60.000,26.000,21.000,44.000,23.000,47.000,68.000,89.000,49.000,54.000,11.000,46.000,9.000,36.000,28.000,37.000,19.000,81.000,70.000,43.000,13.000,75.000,29.000,79.000,84.000,48.000,68.000,91.000,65.000,11.000,86.000,33.000,14.000,75.000,48.000,21.000,94.000,93.000,84.000,15.000,61.000,50.000,87.000,67.000,61.000,82.000,3.000,21.000,51.000,11.000,5.000,60.000,47.000,37.000,17.000,16.000,12.000,90.000,80.000,42.000,51.000,27.000,42.000,11.000,30.000,57.000,61.000,9.000,67.000
26.000,46.000,97.000,66.000,81.000,72.000,98.000,82.000,70.000,21.000,98.000,90.000,5.000,55.000,93.000,53.000,39.000,51.000,87.000,61.000,87.000,39.000,90.000,95.000,11.000,100.000,59.000,43.000,81.000,21.000,74.000,95.000,60.000,84.000,29.000,41.000,30.000,4.000,11.000,95.000,53.000,47.000,7.000,63.000,45.000,79.000,83.000,90.000,99.000,56.000,72.000,35.000,58.000,84.000,5.000,54.000,60.000,90.000,39.000,2.000,24.000,63.000,22.000,18.000,36.000,74.000,52.000,7.000,59.000,57.000,100.000,65.000,39.000,95.000,59.000,31.000,19.000,53.000,29.000,74.000
42.000,14.000,81.000,25.000,26.000,25.000,25.000,85.000,28.000,42.000,23.000,38.000,85.000,51.000,50.000,53.000,11.000,53.000,46.000,1.000,52.000,95.000,28.000,13.000,63.000,8.000,47.000,67.000,28.000,7.000,40.000,8.000,71.000,44.000,90.000,65.000,68.000,58.000,5.000,48.000,42.000,27.000,61.000,18.000,74.000,30.000,71.000,68.000,23.000,47.000,68.000,34.000,61.000,33.000,24.000,65.000,36.000,98.000,13.000,28.000,35.000,19.000,40.000,15.000,72.000,98.000,81.000,74.000,34.000,1.000,71.000,41.000,96.000,20.000,13.000,43.000,9.000,77.000,19.000,89.000
40.000,38.000,96.000,91.000,51.000,67.000,4.000,88.000,74.000,26.000,91.000,75.000,3.000,78.000,30.000,30.000,11.000,71.000,91.000,41.000,27.000,54.000,9.000,50.000,35.000,87.000,75.000,82.000,75.000,64.000,50.000,25.000,28.000,48.000,22.000,8.000,3.000,54.000,48.000,99.000,29.000,7.000,89.000,4.000,74.000,13.000,22.000,43.000,9.704,27.000,4.000,79.000,33.000,2.000,93.000,35.000,11.000,89.000,40.000,49.000,42.000,30.000,84.000,6.000,28.000,10.000,9.000,16.000,1.000,46.000,15.000,69.000,86.000,68.000,45.000,97.000,13.000,14.000,86.000,85.000
65.000,11.000,45.000,62.000,32.000,86.000,6.000,1.000,48.000,22.000,66.000,13.000,1.000,6.000,34.000,85.000,76.000,85.000,54.000,30.000,66.000,16.000,38.000,6.000,11.000,33.000,45.000,89.000,15.000,50.000,18.000,71.000,72.000,95.000,71.000,17.000,75.000,48.000,44.000,57.000,59.000,41.000,49.000,38.000,45.000,83.000,11.000,59.000,55.000,3.000,79.000,76.000,35.000,48.000,66.000,53.000,5.000,69.000,58.000,7.000,60.000,88.000,29.000,34.000,6.000,10.000,59.000,42.000,48.000,72.000,18.000,70.000,92.000,56.000,87.000,23.000,74.000,29.000,39.000,67.000
9.000,93.000,85.000,2.000,16.000,25.000,28.000,44.000,93.000,48.000,35.000,57.000,83.000,15.000,38.000,11.000,67.000,98.000,83.000,36.000,30.000,57.000,50.000,76.000,22.000,80.000,12.000,17.000,11.000,57.000,20.000,21.000,24.000,90.000,5.000,74.000,25.000,54.000,85.000,94.000,6.000,43.000,12.000,90.000,100.000,13.000,47.000,86.000,71.000,72.000,92.000,70.000,26.000,18.000,19.000,50.000,86.000,91.000,88.000,34.000,69.000,59.000,49.000,21.000,99.000,17.000,58.000,56.000,46.000,26.000,37.000,53.000,16.000,27.000,69.000,72.000,12.000,59.000,34.000,84.000
43.000,47.000,83.000,93.000,57.000,33.000,31.000,46.000,31.000,12.000,71.000,66.000,3.000,40.000,73.000,65.000,67.000,80.000,54.000,46.000,33.000,60.000,78.000,40.000,31.000,66.000,88.000,33.000,100.000,99.000,34.000,82.000,59.000,38.000,5.000,25.000,3.000,4.000,78.000,47.000,34.000,1.000,37.000,20.000,74.000,43.000,75.000,56.000,66.000,80.000,35.000,80.000,99.000,16.000,65.000,37.000,85.000,50.000,80.000,19.000,99.000,45.000,24.000,4.000,52.000,43.000,40.000,37.000,58.000,29.000,36.000,56.000,73.000,79.000,17.000,31.000,26.000,47.000,48.000,74.000
57.000,26.000,11.000,83.000,71.000,98.000,93.000,54.000,51.000,86.000,30.000,41.000,27.000,80.000,75.000,85.000,70.000,29.000,89.000,58.000,41.000,20.000,73.000,99.000,59.000,26.000,60.000,11.000,7.000,38.000,79.000,35.000,65.000,84.000,27.000,20.000,29.000,2.000,41.000,84.000,95.000,92.000,76.000,13.000,60.000,89.000,39.000,95.000,18.000,77.000,93.000,74.000,38.000,66.000,16.000,48.000,86.000,98.000,84.000,32.000,57.000,77.000,63.000,22.000,3.000,9.000,48.000,16.000,41.000,29.000,39.000,49.000,86.000,90.000,39.000,45.000,65.000,37.000,48.000,10.000
67.000,71.000,15.000,25.000,16.000,6.000,36.000,44.000,20.000,67.000,43.000,83.000,54.000,82.000,68.000,68.000,8.000,76.000,81.000,38.000,44.000,38.000,76.000,17.000,8.000,91.000,80.000,46.000,63.000,29.000,15.000,30.000,72.000,66.000,75.000,61.000,93.000,86.000,82.000,49.000,32.000,13.000,92.000,1.000,3.000,69.000,31.000,6.000,63.000,57.000,52.000,4.000,42.000,36.000,4.000,34.000,14.000,77.000,26.000,23.000,78.000,7.000,98.000,61.000,25.000,60.000,63.000,74.000,9.000,78.000,93.000,9.000,41.000,15.000,76.000,91.000,60.000,62.000,84.000,4.000
44.000,55.000,53.000,11.000,18.743,88.000,73.000,88.000,96.000,84.000,20.000,72.000,52.000,57.000,49.000,62.000,81.000,37.000,82.000,3.765,52.000,30.000,1.000,23.000,33.000,99.000,14.000,47.000,35.000,4.000,36.000,14.000,11.000,42.000,77.000,40.000,21.000,33.000,41.000,79.000,86.000,3.000,22.000,9.000,48.000,96.000,90.000,1.000,62.000,90.000,71.000,32.000,81.000,14.827,33.000,90.000,38.000,36.000,4.000,18.000,48.000,5.000,13.000,23.000,57.000,4.000,53.000,54.000,58.000,7.000,82.000,37.000,82.000,77.000,8.000,40.000,3.000,50.000,30.000,61.000
68.000,82.000,61.000,12.000,97.000,41.000,63.000,19.000,66.000,35.000,28.000,61.000,14.000,64.000,75.000,46.000,44.000,79.000,30.000,82.000,79.000,75.000,11.000,16.000,9.000,21.000,29.000,77.000,7.000,37.000,97.000,41.000,48.000,39.000,23.000,41.000,27.000,74.000,27.000,99.000,20.000,22.000,74.000,51.000,67.000,90.000,22.000,51.000,50.000,1.000,93.000,16.000,99.000,80.000,32.000,33.000,3.000,76.000,70.000,46.000,44.000,11.000,47.000,50.000,42.000,78.000,77.000,92.000,91.000,11.000,61.000,35.000,54.000,86.000,92.000,77.000,74.000,74.000,42.000,85.000
81.000,45.000,59.000,75.000,91.000,75.000,20.000,21.000,50.000,32.000,22.000,33.000,33.000,2.000,16.000,96.000,62.000,63.000,68.000,2.000,64.000,98.000,62.000,53.000,15.000,79.000,21.000,26.000,4.000,89.000,98.000,93.000,74.000,87.000,47.000,17.000,50.000,22.000,44.000,18.000,14.000,8.000,63.000,13.000,19.000,46.000,29.000,58.000,50.000,28.000,45.000,91.000,78.000,87.000,77.000,42.000,71.000,46.000,40.000,64.000,4.000,13.000,78.000,6.000,42.000,49.000,8.000,8.000,88.000,87.000,4.000,21.000,27.000,39.000,27.000,92.000,82.000,14.000,88.000,49.000
90.000,20.000,27.000,47.000,2.000,40.000,68.000,66.000,2.000,78.000,17.000,45.000,91.000,39.000,77.000,10.000,11.000,34.000,45.000,87.000,83.000,10.000,13.000,71.000,83.000,18.000,12.204,81.000,38.000,13.000,1.000,12.000,49.000,4.000,93.000,38.000,71.000,1.000,98.000,18.000,94.000,29.000,11.000,91.000,26.000,26.000,66.000,85.000,86.000,25.000,66.000,29.000,8.000,30.000,16.000,98.000,2.000,50.000,22.000,41.000,56.000,35.000,1.000,41.000,87.000,28.000,64.000,57.000,42.000,30.000,58.000,81.000,80.000,14.677,34.000,43.000,45.000,3.000,29.000,11.000
85.000,95.000,70.000,19.000,88.000,96.000,60.000,65.000,85.000,45.000,72.000,3.000,4.000,17.000,85.000,85.000,88.000,94.000,18.000,92.000,48.000,46.000,19.000,91.000,74.000,20.000,51.000,51.000,48.000,22.000,9.000,17.000,22.000,1.000,89.000,90.000,86.000,5.000,76.000,37.000,24.000,23.000,42.000,76.000,66.000,34.000,93.000,39.000,36.000,76.000,95.000,84.000,3.000,43.000,85.000,79.000,27.000,80.000,83.000,99.000,1.000,58.000,58.000,84.000,82.000,97.000,34.000,84.000,70.000,30.000,84.000,51.000,99.000,72.000,12.000,90.000,82.000,67.000,54.000,80.000
95.000,64.000,20.000,71.000,87.000,93.000,12.000,84.000,5.000,80.000,48.000,44.000,34.000,12.000,62.000,36.000,17.000,71.000,2.000,90.000,53.000,68.000,72.000,38.000,7.000,46.000,38.000,22.000,22.000,60.000,42.000,55.000,91.000,74.000,38.000,26.000,89.000,35.000,11.000,96.000,82.000,76.000,32.000,99.000,74.000,51.000,22.000,16.000,71.000,45.000,12.000,79.000,39.000,68.000,42.000,10.000,71.000,97.000,87.000,29.000,17.000,11.000,4.000,54.000,42.000,24.000,13.000,82.000,18.000,5.000,11.000,64.000,16.000,61.000,68.000,66.000,7.000,35.000,36.000,69.000
48.000,89.000,39.000,19.000,80.000,4.000,77.000,40.000,66.000,96.000,52.000,22.000,28.000,39.000,44.000,73.000,75.000,93.000,52.000,98.000,83.000,46.000,35.000,17.000,13.000,22.000,58.000,31.000,31.000,51.000,39.000,96.000,56.000,99.000,33.000,37.000,27.000,61.000,48.000,37.000,70.000,70.000,48.000,46.000,30.000,86.000,78.000,47.000,94.000,48.000,30.000,97.000,22.000,83.000,78.000,82.000,25.000,56.000,31.000,13.000,58.000,36.000,90.000,95.000,36.000,36.000,41.000,92.000,49.000,24.000,90.000,71.000,4.000,66.000,45.000,28.000,49.000,41.000,100.000,63.000
2.000,40.000,25.000,86.000,76.000,8.000,47.000,60.000,2.000,31.000,47.000,59.000,63.000,21.000,90.000,52.000,21.000,8.000,33.000,81.000,72.000,92.000,53.000,56.000,45.000,99.000,78.000,31.000,58.000,11.000,23.000,21.000,34.000,19.000,86.000,3.000,11.000,46.000,4.000,66.000,68.000,60.000,65.000,42.000,53.000,100.000,8.000,23.000,98.000,9.000,12.000,93.000,80.000,92.000,96.000,43.000,17.000,3.000,64.000,58.000,29.000,99.000,65.000,34.000,97.000,81.000,65.000,7.000,91.000,47.000,71.000,26.000,88.000,100.000,87.000,84.000,2.000,40.000,20.000,13.000
49.000,82.000,64.000,42.000,12.000,95.000,10.000,68.000,72.000,18.000,42.000,10.000,69.000,74.000,90.000,71.000,5.000,43.000,31.000,19.000,3.000,60.000,81.000,38.000,89.000,6.000,7.000,74.000,92.000,41.000,3.000,41.000,6.000,38.000,9.000,37.000,14.000,64.000,29.000,50.000,17.000,23.000,83.000,59.000,96.000,100.000,67.000,36.000,87.000,50.000,73.000,96.000,42.000,69.000,17.000,19.000,92.000,73.000,98.000,100.000,74.000,36.000,12.000,17.000,47.000,56.000,77.000,15.000,17.000,38.000,58.000,75.000,62.000,17.000,96.000,100.000,57.000,69.000,55.000,29.000
89.000,13.000,87.000,81.000,91.000,49.000,95.000,14.000,77.000,13.000,94.000,5.000,94.000,37.000,95.000,100.000,15.000,43.000,24.000,5.000,81.000,23.000,89.000,8.000,5.000,51.000,95.000,30.000,42.000,99.000,15.000,51.000,28.000,90.000,22.000,95.000,91.000,8.000,52.000,13.000,95.000,7.000,70.000,75.000,33.000,23.000,55.000,90.000,74.000,83.000,83.000,94.000,78.000,12.000,29.000,37.000,13.000,55.000,93.000,49.000,35.000,90.000,58.000,26.000,20.000,19.000,37.000,46.000,92.000,85.000,94.000,6.000,28.000,70.000,8.000,19.000,18.000,56.000,82.000,87.000
81.000,98.000,11.000,4.000,2.000,17.000,52.000,28.000,19.000,92.000,25.000,92.000,83.000,80.000,19.000,57.000,11.000,73.000,66.000,13.000,9.000,61.000,49.000,41.000,48.000,17.000,100.000,20.000,25.000,34.000,15.000,4.000,13.000,21.000,64.000,51.000,40.000,67.000,38.000,80.000,38.000,89.000,28.000,86.000,47.000,68.000,57.000,25.000,82.000,30.000,6.000,17.000,82.000,7.000,13.000,28.000,84.000,15.000,27.000,83.000,95.000,6.000,33.000,39.000,86.000,6.000,7.000,83.000,68.000,10.000,26.000,34.000,55.000,77.000,6.000,13.000,68.000,25.000,6.000,70.000
24.000,62.000,49.000,90.000,53.000,65.000,39.000,12.000,100.000,23.000,18.000,1.000,76.000,92.000,27.000,79.000,83.000,69.000,36.000,10.000,83.000,33.000,64.000,39.000,19.000,22.000,97.000,62.000,36.000,2.000,100.000,84.000,29.000,62.000,84.000,32.000,69.000,26.000,87.000,3.000,63.000,70.000,88.000,46.000,40.000,33.000,65.000,11.000,94.000,1.000,69.000,48.000,66.000,89.000,92.000,31.000,14.000,34.000,19.000,96.000,92.000,66.000,1.000,11.000,41.000,41.000,5.000,93.000,15.000,36.000,44.000,59.000,18.000,92.000,84.000,25.000,75.000,7.000,31.000,95.000
26.000,13.000,76.000,71.000,92.000,29.000,44.000,58.000,60.000,93.000,36.000,69.000,4.000,14.000,33.000,87.000,38.000,64.000,66.000,44.000,10.000,79.000,28.000,53.000,23.000,82.000,63.000,67.000,99.000,13.000,13.000,6.000,6.000,53.000,38.000,7.000,88.000,73.000,32.000,42.000,90.000,28.000,23.000,21.000,91.000,9.000,11.000,6.000,86.000,87.000,27.000,77.000,71.000,73.000,33.000,100.000,83.000,89.000,8.000,50.000,96.000,100.000,88.000,74.000,77.000,74.000,77.000,64.000,78.000,58.000,98.000,69.000,98.000,19.000,7.000,46.000,3.000,95.000,22.000,72.000
84.000,46.000,99.000,33.000,98.000,49.000,87.000,60.000,33.000,61.000,86.000,93.000,41.000,91.000,96.000,75.000,92.000,30.000,73.000,54.000,69.000,26.000,38.000,50.000,49.000,66.000,26.000,14.000,53.000,24.000,96.000,24.000,35.000,49.000,1.000,13.000,37.000,1.000,4.000,2.000,26.000,22.000,39.000,41.000,12.000,48.000,8.000,47.000,99.000,36.000,3.000,50.000,84.000,81.000,19.000,75.000,87.000,48.000,95.000,14.000,47.000,74.000,70.000,6.000,53.000,61.000,35.000,26.000,62.000,28.000,14.000,11.000,29.000,45.000,28.000,56.000,46.000,95.000,77.000,95.000
26.000,92.000,13.000,27.000,19.000,18.000,63.000,96.000,13.000,84.000,74.000,38.000,41.000,42.000,82.000,80.000,65.000,54.000,84.000,47.000,56.000,75.000,26.000,93.000,75.000,3.000,12.000,58.000,51.000,4.000,14.000,51.000,100.000,80.000,55.000,3.000,55.000,60.000,78.000,61.000,61.000,14.000,58.000,5.000,94.000,67.000,93.000,73.000,18.000,38.000,14.000,28.000,100.000,44.000,87.000,85.000,81.000,51.000,68.000,77.000,74.000,47.000,79.000,13.000,44.000,70.000,44.000,8.000,2.000,10.000,48.000,56.000,97.000,96.000,43.000,77.000,2.000,39.000,88.000,84.000
34.000,38.000,32.000,99.000,77.000,21.000,7.000,79.000,31.000,85.000,61.000,96.000,72.000,7.000,16.000,94.000,93.000,96.000,76.000,8.000,94.000,21.000,71.000,33.000,93.000,26.000,57.000,25.000,90.000,70.000,25.000,24.000,54.000,90.000,12.000,82.000,76.000,35.000,44.000,63.000,67.000,3.000,32.000,68.000,29.000,41.000,8.000,49.000,95.000,87.000,74.000,19.000,15.000,19.000,41.000,47.000,38.000,65.000,46.000,1.000,25.000,21.000,27.000,39.000,10.000,36.000,88.000,22.000,99.000,95.000,99.000,78.000,14.000,85.000,39.000,47.000,95.000,46.000,56.000,45.000
72.000,89.000,59.000,67.000,36.000,51.000,29.000,74.000,90.000,89.000,18.000,8.000,30.000,38.000,89.000,60.000,59.000,3.000,37.000,27.000,40.000,76.000,44.000,19.000,47.000,38.000,58.000,7.000,37.000,85.000,81.000,57.000,62.000,76.000,59.000,9.000,45.000,84.000,4.000,21.000,69.000,83.000,74.000,18.000,77.000,37.000,36.000,39.000,29.000,59.000,91.000,87.000,57.000,5.000,46.000,3.000,34.000,61.000,92.000,49.000,65.000,6.000,98.000,5.000,28.000,6.000,6.000,48.000,90.000,42.000,50.000,15.000,13.000,58.000,90.000,98.000,11.000,88.000,28.000,80.000
29.000,53.000,55.000,30.000,42.000,62.000,13.000,83.000,68.000,87.000,40.000,15.000,71.000,55.000,19.000,39.000,74.000,20.000,12.000,12.000,49.000,41.000,10.000,72.000,13.000,34.000,62.000,83.000,24.000,76.000,43.000,30.000,91.000,47.000,11.000,76.000,43.000,81.000,72.000,59.000,84.000,68.000,77.000,16.000,26.000,2.000,24.000,47.000,21.000,9.000,24.000,66.000,40.000,5.000,1.000,83.000,3.000,60.000,65.000,15.000,54.000,82.000,14.000,49.000,93.000,31.000,47.000,68.000,96.000,28.000,89.000,70.000,98.000,50.000,75.000,36.000,33.000,37.000,95.000,89.000
12.000,14.000,13.000,93.000,3.000,61.000,40.000,63.000,29.000,33.000,29.000,70.000,61.000,62.000,49.000,75.000,96.000,91.000,97.000,93.000,97.000,16.000,60.000,51.000,54.000,91.000,56.000,76.000,61.000,67.000,19.000,41.000,35.000,67.000,9.000,68.000,78.000,77.000,20.000,99.000,66.000,43.000,84.000,73.000,73.000,15.000,15.000,23.000,13.000,42.000,27.000,52.000,48.000,8.000,58.000,24.000,40.000,54.000,35.000,88.000,75.000,42.000,44.000,19.000,6.000,65.000,95.000,22.000,13.000,70.000,84.000,70.000,57.000,24.000,31.000,85.000,57.000,80.000,21.000,26.000
46.000,96.000,32.000,31.000,78.000,77.000,13.000,45.000,20.000,2.000,49.000,90.000,15.000,9.000,59.000,35.000,54.000,55.000,2.000,69.000,31.000,27.000,63.000,51.000,74.000,61.000,76.000,68.000,17.000,92.000,73.000,13.000,61.000,78.000,69.000,32.000,81.000,23.000,38.000,5.000,31.000,58.000,48.000,47.000,45.000,63.000,89.000,52.000,83.000,95.000,99.000,81.000,4.000,17.000,95.000,78.000,54.000,67.000,39.000,80.000,44.000,99.000,20.000,9.000,28.000,59.000,78.000,42.000,81.000,7.000,48.000,9.000,74.000,33.000,50.000,93.000,64.000,56.000,95.000,36.000
100.000,94.000,97.000,48.000,22.000,48.000,62.000,68.000,65.000,61.000,53.000,76.000,78.000,100.000,37.000,45.000,27.000,29.000,28.000,24.000,49.000,100.000,55.000,43.000,47.000,86.000,65.000,74.000,33.000,79.000,65.000,28.000,63.000,68.000,84.000,78.000,96.000,91.000,79.000,69.000,77.000,54.000,59.000,41.000,30.000,43.000,47.000,64.000,57.000,9.000,51.000,9.000,94.000,21.000,92.000,25.000,65.000,15.000,22.000,28.000,37.000,90.000,52.000,4.000,77.000,64.000,54.000,58.000,66.000,80.000,4.000,63.000,95.000,15.000,72.000,84.000,84.000,3.000,25.000,86.000
0.000,0.000,0.000,0.000,0.000,0.000,0.000,0.000,0.000,0.000,0.000,0.000,0.000,0.000,0.000,0.000,0.000,0.000,0.000,0.000,0.000,0.000,0.000,0.000,0.000,0.000,0.000,0.000,0.000,0.000,0.000,0.000,0.000,0.000,0.000,0.000,0.000,0.000,0.000,0.000,0.000,0.000,0.000,0.000,0.000,0.000,0.000,0.000,0.000,0.000,0.000,0.000,0.000,0.000,0.000,0.000,0.000,0.000,0.000,0.000,0.000,0.000,0.000,0.000,0.000,0.000,0.000,0.000,0.000,0.000,0.000,0.000,0.000,0.000,0.000,0.000,0.000,0.000,0.000,0.000
0.000,0.000,0.000,0.000,0.000,0.000,0.000,0.000,0.000,0.000,0.000,0.000,0.000,0.000,0.000,0.000,0.000,0.000,0.000,0.000,0.000,0.000,0.000,0.000,0.000,0.000,0.000,0.000,0.000,0.000,0.000,0.000,0.000,0.000,0.000,0.000,0.000,0.000,0.000,0.000,0.000,0.000,0.000,0.000,0.000,0.000,0.000,0.000,0.000,0.000,0.000,0.000,0.000,0.000,0.000,0.000,0.000,0.000,0.000,0.000,0.000,0.000,0.000,0.000,0.000,0.000,0.000,0.000,0.000,0.000,0.000,0.000,0.000,0.000,0.000,0.000,0.000,0.000,0.000,0.000
0.000,0.000,0.000,0.000,0.000,0.000,0.000,0.000,0.000,0.000,0.000,0.000,0.000,0.000,0.000,0.000,0.000,0.000,0.000,0.000,0.000,0.000,0.000,0.000,0.000,0.000,0.000,0.000,0.000,0.000,0.000,0.000,0.000,0.000,0.000,0.000,0.000,0.000,0.000,0.000,0.000,0.000,0.000,0.000,0.000,0.000,0.000,0.000,0.000,0.000,0.000,0.000,0.000,0.000,0.000,0.000,0.000,0.000,0.000,0.000,0.000,0.000,0.000,0.000,0.000,0.000,0.000,0.000,0.000,0.000,0.000,0.000,0.000,0.000,0.000,0.000,0.000,0.000,0.000,0.000
0.000,0.000,0.000,0.000,0.000,0.000,0.000,0.000,0.000,0.000,0.000,0.000,0.000,0.000,0.000,0.000,0.000,0.000,0.000,0.000,0.000,0.000,0.000,0.000,0.000,0.000,0.000,0.000,0.000,0.000,0.000,0.000,0.000,0.000,0.000,0.000,0.000,0.000,0.000,0.000,0.000,0.000,0.000,0.000,0.000,0.000,0.000,0.000,0.000,0.000,0.000,0.000,0.000,0.000,0.000,0.000,0.000,0.000,0.000,0.000,0.000,0.000,0.000,0.000,0.000,0.000,0.000,0.000,0.000,0.000,0.000,0.000,0.000,0.000,0.000,0.000,0.000,0.000,0.000,0.000
0.000,0.000,0.000,0.000,0.000,0.000,0.000,0.000,0.000,0.000,0.000,0.000,0.000,0.000,0.000,0.000,0.000,0.000,0.000,0.000,0.000,0.000,0.000,0.000,0.000,0.000,0.000,0.000,0.000,0.000,0.000,0.000,0.000,0.000,0.000,0.000,0.000,0.000,0.000,0.000,0.000,0.000,0.000,0.000,0.000,0.000,0.000,0.000,0.000,0.000,0.000,0.000,0.000,0.000,0.000,0.000,0.000,0.000,0.000,0.000,0.000,0.000,0.000,0.000,0.000,0.000,0.000,0.000,0.000,0.000,0.000,0.000,0.000,0.000,0.000,0.000,0.000,0.000,0.000,0.000
0.000,0.000,0.000,1.000,0.000,0.000,0.000,0.000,0.000,0.000,0.000,0.000,0.000,0.000,1.000,0.000,0.000,0.000,0.000,0.000,0.000,0.000,0.000,0.000,0.000,0.000,0.000,0.000,0.000,0.000,0.000,0.000,0.000,0.000,0.000,0.000,0.000,0.000,0.000,0.000,0.000,0.000,0.000,0.000,0.000,0.000,0.000,0.000,0.000,0.000,0.000,0.000,0.000,0.000,0.000,0.000,0.000,1.000,0.000,0.000,0.000,0.000,0.000,0.000,0.000,0.000,0.000,0.000,0.000,0.000,0.000,0.000,0.000,0.000,0.000,0.000,0.000,0.000,0.000,0.000
0.000,0.000,0.000,0.000,0.000,0.000,0.000,0.000,0.000,0.000,0.000,0.000,0.000,0.000,0.000,0.000,0.000,0.000,0.000,0.000,0.000,0.000,0.000,0.000,0.000,0.000,0.000,0.000,0.000,0.000,0.000,0.000,0.000,0.000,0.000,0.000,0.000,0.000,0.000,0.000,0.000,0.000,0.000,0.000,0.000,0.000,0.000,0.000,0.000,0.000,0.000,0.000,0.000,0.000,0.000,0.000,0.000,0.000,0.000,0.000,0.000,0.000,0.000,0.000,0.000,0.000,0.000,0.000,0.000,0.000,0.000,0.000,0.000,0.000,0.000,0.000,0.000,0.000,0.000,0.000
0.000,0.000,0.000,0.000,0.000,0.000,0.000,0.000,0.000,0.000,0.000,0.000,0.000,0.000,0.000,0.000,0.000,0.000,0.000,0.000,0.000,0.000,0.000,0.000,0.000,0.000,0.000,0.000,0.000,0.000,0.000,0.000,0.000,0.000,0.000,0.000,0.000,0.000,0.000,0.000,0.000,0.000,0.000,0.000,0.000,0.000,0.000,0.000,0.000,0.000,0.000,0.000,0.000,0.000,0.000,0.000,0.000,0.000,0.000,0.000,0.000,0.000,0.000,0.000,0.000,0.000,0.000,0.000,0.000,0.000,0.000,0.000,0.000,0.000,0.000,0.000,0.000,0.000,0.000,0.000
0.000,0.000,0.000,0.000,0.000,0.000,0.000,0.000,0.000,0.000,0.000,0.000,0.000,0.000,0.000,0.000,0.000,0.000,0.000,0.000,0.000,0.000,0.000,0.000,0.000,0.000,0.000,0.000,0.000,0.000,0.000,0.000,0.000,0.000,0.000,0.000,0.000,0.000,0.000,0.000,0.000,0.000,0.000,0.000,0.000,0.000,0.000,0.000,0.000,0.000,0.000,0.000,0.000,0.000,0.000,0.000,0.000,0.000,0.000,0.000,0.000,0.000,0.000,0.000,0.000,0.000,0.000,0.000,0.000,0.000,0.000,0.000,0.000,0.000,0.000,0.000,0.000,0.000,0.000,0.000
0.000,0.000,0.000,0.000,0.000,0.000,0.000,0.000,0.000,0.000,0.000,0.000,0.000,0.000,0.000,0.000,0.000,0.000,0.000,0.000,0.000,0.000,0.000,0.000,0.000,0.000,0.000,0.000,0.000,0.000,0.000,0.000,0.000,0.000,0.000,0.000,0.000,0.000,0.000,0.000,0.000,0.000,0.000,0.000,0.000,0.000,0.000,0.000,0.000,0.000,0.000,0.000,0.000,0.000,0.000,0.000,0.000,0.000,0.000,0.000,0.000,0.000,0.000,0.000,0.000,0.000,0.000,0.000,0.000,0.000,0.000,0.000,0.000,0.000,0.000,0.000,0.000,0.000,0.000,0.000
0.000,0.000,0.000,0.000,0.000,0.000,0.000,0.000,0.000,0.000,0.000,0.000,0.000,0.000,0.000,0.000,0.000,0.000,0.000,0.000,0.000,0.000,0.000,0.000,0.000,0.000,0.000,0.000,0.000,0.000,0.000,0.000,0.000,0.000,0.000,0.000,0.000,0.000,0.000,0.000,0.000,0.000,0.000,0.000,0.000,0.000,0.000,0.000,0.000,0.000,0.000,0.000,0.000,0.000,0.000,0.000,0.000,0.000,0.000,0.000,0.000,0.000,0.000,0.000,0.000,0.000,0.000,0.000,0.000,0.000,0.000,0.000,0.000,0.000,0.000,0.000,0.000,0.000,0.000,0.000
0.000,0.000,0.000,0.000,0.000,0.000,0.000,0.000,0.000,0.000,0.000,0.000,0.000,0.000,0.000,0.000,0.000,0.000,0.000,0.000,0.000,0.000,0.000,0.000,0.000,0.000,0.000,0.000,0.000,0.000,0.000,0.000,0.000,0.000,0.000,0.000,0.000,0.000,0.000,0.000,0.000,0.000,0.000,0.000,0.000,0.000,0.000,0.000,0.000,0.000,0.000,0.000,0.000,0.000,0.000,0.000,0.000,0.000,0.000,0.000,0.000,0.000,0.000,0.000,0.000,0.000,0.000,0.000,0.000,0.000,0.000,0.000,0.000,0.000,0.000,0.000,0.000,0.000,0.000,0.000
0.000,0.000,0.000,0.000,0.000,0.000,0.000,0.000,0.000,0.000,0.000,0.000,0.000,0.000,0.000,0.000,0.000,0.000,0.000,0.000,0.000,0.000,0.000,0.000,0.000,0.000,0.000,0.000,0.000,0.000,0.000,0.000,0.000,0.000,0.000,0.000,0.000,0.000,0.000,0.000,0.000,0.000,0.000,0.000,0.000,0.000,0.000,0.000,0.000,0.000,0.000,0.000,0.000,0.000,0.000,0.000,0.000,0.000,0.000,0.000,0.000,0.000,0.000,0.000,0.000,0.000,0.000,0.000,0.000,0.000,0.000,0.000,0.000,0.000,0.000,0.000,0.000,0.000,0.000,0.000
0.000,0.000,0.000,0.000,0.000,0.000,0.000,0.000,0.000,0.000,0.000,0.000,0.000,0.000,0.000,0.000,0.000,0.000,0.000,0.000,0.000,0.000,0.000,0.000,0.000,0.000,0.000,0.000,0.000,0.000,0.000,0.000,0.000,0.000,0.000,0.000,0.000,0.000,0.000,0.000,0.000,0.000,0.000,0.000,0.000,0.000,0.000,0.000,0.000,0.000,0.000,0.000,0.000,0.000,0.000,0.000,0.000,0.000,0.000,0.000,0.000,0.000,0.000,0.000,0.000,0.000,0.000,0.000,0.000,0.000,0.000,0.000,0.000,0.000,0.000,0.000,0.000,0.000,0.000,0.000
0.000,0.000,0.000,0.000,0.000,0.000,0.000,0.000,0.000,0.000,0.000,0.000,0.000,0.000,0.000,0.000,0.000,0.000,0.000,0.000,0.000,0.000,0.000,0.000,0.000,0.000,0.000,0.000,0.000,0.000,0.000,0.000,0.000,0.000,0.000,0.000,0.000,0.000,0.000,0.000,0.000,0.000,0.000,0.000,0.000,0.000,0.000,0.000,0.000,0.000,0.000,0.000,0.000,0.000,0.000,0.000,0.000,0.000,0.000,0.000,0.000,0.000,0.000,0.000,0.000,0.000,0.000,0.000,0.000,0.000,0.000,0.000,0.000,0.000,0.000,0.000,0.000,0.000,0.000,0.000
0.000,0.000,0.000,0.000,0.000,0.000,0.000,0.000,0.000,0.000,0.000,0.000,0.000,0.000,0.000,0.000,0.000,0.000,0.000,0.000,0.000,0.000,0.000,0.000,0.000,0.000,0.000,0.000,0.000,0.000,0.000,0.000,0.000,0.000,0.000,0.000,0.000,0.000,0.000,0.000,0.000,0.000,0.000,0.000,0.000,0.000,0.000,0.000,0.000,0.000,0.000,0.000,0.000,0.000,0.000,0.000,0.000,0.000,0.000,0.000,0.000,0.000,0.000,0.000,0.000,0.000,0.000,0.000,0.000,0.000,0.000,0.000,0.000,0.000,0.000,0.000,0.000,0.000,0.000,0.000
0.000,0.000,0.000,0.000,0.000,0.000,0.000,0.000,0.000,0.000,0.000,0.000,0.000,0.000,0.000,0.000,0.000,0.000,0.000,0.000,0.000,0.000,0.000,0.000,0.000,0.000,0.000,0.000,0.000,0.000,0.000,0.000,0.000,0.000,0.000,0.000,0.000,0.000,0.000,0.000,0.000,0.000,0.000,0.000,0.000,0.000,0.000,0.000,0.000,0.000,0.000,0.000,0.000,0.000,0.000,0.000,0.000,0.000,0.000,0.000,0.000,0.000,0.000,0.000,0.000,0.000,0.000,0.000,0.000,0.000,0.000,0.000,0.000,0.000,0.000,0.000,0.000,0.000,0.000,0.000
0.000,0.000,0.000,0.000,0.000,0.000,0.000,0.000,0.000,0.000,0.000,0.000,0.000,0.000,0.000,0.000,0.000,0.000,0.000,0.000,0.000,0.000,0.000,0.000,0.000,0.000,0.000,0.000,0.000,0.000,0.000,0.000,0.000,0.000,0.000,0.000,0.000,0.000,0.000,0.000,0.000,0.000,0.000,0.000,0.000,0.000,0.000,0.000,0.000,0.000,0.000,0.000,0.000,0.000,0.000,0.000,0.000,0.000,0.000,0.000,0.000,0.000,0.000,0.000,0.000,0.000,0.000,0.000,0.000,0.000,0.000,0.000,0.000,0.000,0.000,0.000,0.000,0.000,0.000,0.000
0.000,0.000,0.000,0.000,0.000,0.000,0.000,0.000,0.000,0.000,0.000,0.000,0.000,0.000,0.000,0.000,0.000,0.000,0.000,0.000,0.000,0.000,0.000,0.000,0.000,0.000,0.000,0.000,0.000,0.000,0.000,0.000,0.000,0.000,0.000,0.000,0.000,0.000,0.000,0.000,0.000,0.000,0.000,0.000,0.000,0.000,0.000,0.000,0.000,0.000,0.000,0.000,0.000,0.000,0.000,0.000,0.000,0.000,0.000,0.000,0.000,0.000,0.000,0.000,0.000,0.000,0.000,0.000,0.000,0.000,0.000,0.000,0.000,0.000,0.000,0.000,0.000,0.000,0.000,0.000
0.000,0.000,0.000,0.000,0.000,0.000,0.000,0.000,0.000,0.000,0.000,0.000,0.000,0.000,0.000,0.000,0.000,0.000,0.000,0.000,0.000,0.000,0.000,0.000,0.000,0.000,0.000,0.000,0.000,0.000,0.000,0.000,0.000,0.000,0.000,0.000,0.000,0.000,0.000,0.000,0.000,0.000,0.000,0.000,0.000,0.000,0.000,0.000,0.000,0.000,0.000,0.000,0.000,0.000,0.000,0.000,0.000,0.000,0.000,0.000,0.000,0.000,0.000,0.000,0.000,0.000,0.000,0.000,0.000,0.000,0.000,0.000,0.000,0.000,0.000,0.000,0.000,0.000,0.000,0.000
0.000,0.000,0.000,0.000,0.000,0.000,0.000,0.000,0.000,0.000,0.000,0.000,0.000,0.000,0.000,0.000,0.000,0.000,0.000,0.000,0.000,0.000,0.000,0.000,0.000,0.000,0.000,0.000,0.000,0.000,0.000,0.000,0.000,0.000,0.000,0.000,0.000,0.000,0.000,0.000,0.000,0.000,0.000,0.000,0.000,0.000,0.000,0.000,0.000,0.000,0.000,0.000,0.000,0.000,0.000,0.000,0.000,0.000,0.000,0.000,0.000,0.000,0.000,0.000,0.000,0.000,0.000,0.000,0.000,0.000,0.000,0.000,0.000,0.000,0.000,0.000,0.000,0.000,0.000,0.000
0.000,0.000,0.000,0.000,0.000,0.000,0.000,0.000,0.000,0.000,0.000,0.000,0.000,0.000,0.000,0.000,0.000,0.000,0.000,0.000,0.000,0.000,0.000,0.000,0.000,0.000,0.000,0.000,0.000,0.000,0.000,0.000,0.000,0.000,0.000,0.000,0.000,0.000,0.000,0.000,0.000,0.000,0.000,0.000,0.000,0.000,0.000,0.000,0.000,0.000,0.000,0.000,0.000,0.000,0.000,0.000,0.000,0.000,0.000,0.000,0.000,0.000,0.000,0.000,0.000,0.000,0.000,0.000,0.000,0.000,0.000,0.000,0.000,0.000,0.000,0.000,0.000,0.000,0.000,0.000
0.000,0.000,0.000,0.000,0.000,0.000,1.000,0.000,0.000,0.000,0.000,0.000,0.000,0.000,0.000,0.000,0.000,0.000,0.000,0.000,0.000,0.000,0.000,0.000,0.000,0.000,0.000,0.000,0.000,0.000,0.000,0.000,0.000,0.000,0.000,0.000,0.000,0.000,0.000,0.000,0.000,0.000,0.000,0.000,0.000,0.000,0.000,0.000,0.000,0.000,0.000,0.000,0.000,0.000,0.000,0.000,0.000,0.000,0.000,0.000,0.000,0.000,0.000,0.000,0.000,0.000,0.000,0.000,0.000,0.000,0.000,0.000,0.000,0.000,0.000,0.000,0.000,0.000,0.000,0.000
0.000,0.000,0.000,0.000,0.000,0.000,0.000,0.000,0.000,0.000,0.000,0.000,0.000,0.000,0.000,0.000,0.000,0.000,0.000,0.000,0.000,0.000,0.000,0.000,0.000,0.000,0.000,0.000,0.000,0.000,0.000,0.000,0.000,0.000,0.000,0.000,0.000,0.000,0.000,0.000,0.000,0.000,0.000,0.000,0.000,0.000,0.000,0.000,0.000,0.000,0.000,0.000,0.000,0.000,0.000,0.000,0.000,0.000,0.000,0.000,0.000,0.000,0.000,0.000,0.000,0.000,0.000,0.000,0.000,0.000,0.000,0.000,0.000,0.000,0.000,0.000,0.000,0.000,0.000,0.000
0.000,0.000,0.000,0.000,0.000,0.000,0.000,0.000,0.000,0.000,0.000,0.000,0.000,0.000,0.000,0.000,0.000,0.000,0.000,0.000,0.000,0.000,0.000,0.000,0.000,0.000,0.000,0.000,0.000,0.000,0.000,0.000,0.000,0.000,0.000,0.000,0.000,0.000,0.000,0.000,0.000,0.000,0.000,0.000,0.000,0.000,0.000,0.000,0.000,0.000,0.000,0.000,0.000,0.000,0.000,0.000,0.000,0.000,0.000,0.000,0.000,0.000,0.000,0.000,0.000,0.000,0.000,0.000,0.000,0.000,0.000,0.000,0.000,0.000,0.000,0.000,0.000,0.000,0.000,0.000
0.000,0.000,0.000,0.000,0.000,0.000,0.000,0.000,0.000,0.000,0.000,0.000,0.000,0.000,0.000,0.000,0.000,0.000,0.000,0.000,0.000,0.000,0.000,0.000,0.000,0.000,0.000,0.000,0.000,0.000,0.000,0.000,0.000,0.000,0.000,0.000,0.000,0.000,0.000,0.000,0.000,0.000,0.000,0.000,0.000,0.000,0.000,0.000,0.000,0.000,0.000,0.000,0.000,0.000,0.000,0.000,0.000,0.000,0.000,0.000,0.000,0.000,0.000,0.000,0.000,0.000,0.000,0.000,0.000,0.000,0.000,0.000,0.000,0.000,0.000,0.000,0.000,0.000,0.000,0.000
0.000,0.000,0.000,0.000,0.000,0.000,0.000,0.000,0.000,0.000,0.000,0.000,0.000,0.000,0.000,0.000,0.000,0.000,0.000,0.000,0.000,0.000,0.000,0.000,0.000,0.000,0.000,0.000,0.000,0.000,0.000,0.000,0.000,0.000,0.000,0.000,0.000,0.000,0.000,0.000,0.000,0.000,0.000,0.000,0.000,0.000,0.000,0.000,0.000,0.000,0.000,0.000,0.000,0.000,0.000,0.000,0.000,0.000,0.000,0.000,0.000,0.000,0.000,0.000,0.000,0.000,0.000,0.000,0.000,0.000,0.000,0.000,0.000,0.000,0.000,0.000,0.000,0.000,0.000,0.000
0.000,0.000,0.000,0.000,0.000,0.000,0.000,0.000,0.000,0.000,0.000,0.000,0.000,0.000,0.000,0.000,0.000,0.000,0.000,0.000,0.000,0.000,0.000,0.000,0.000,0.000,0.000,0.000,0.000,0.000,0.000,0.000,0.000,0.000,0.000,0.000,0.000,0.000,0.000,0.000,0.000,0.000,0.000,0.000,0.000,0.000,0.000,0.000,0.000,0.000,0.000,0.000,0.000,0.000,0.000,0.000,0.000,0.000,0.000,0.000,0.000,0.000,0.000,0.000,0.000,0.000,0.000,0.000,0.000,0.000,0.000,0.000,0.000,0.000,0.000,0.000,0.000,0.000,0.000,0.000
0.000,0.000,0.000,0.000,0.000,0.000,0.000,0.000,0.000,0.000,0.000,0.000,0.000,0.000,0.000,0.000,0.000,0.000,0.000,0.000,0.000,0.000,0.000,0.000,0.000,0.000,0.000,0.000,0.000,0.000,0.000,0.000,0.000,0.000,0.000,0.000,0.000,0.000,0.000,0.000,0.000,0.000,0.000,0.000,0.000,0.000,0.000,0.000,0.000,0.000,0.000,0.000,0.000,0.000,0.000,0.000,0.000,0.000,0.000,0.000,0.000,0.000,0.000,0.000,0.000,0.000,0.000,0.000,0.000,0.000,0.000,0.000,0.000,0.000,0.000,0.000,0.000,0.000,0.000,0.000
0.000,0.000,0.000,0.000,0.000,0.000,0.000,0.000,0.000,0.000,0.000,0.000,0.000,0.000,0.000,0.000,0.000,0.000,0.000,0.000,0.000,0.000,0.000,0.000,0.000,0.000,0.000,0.000,0.000,0.000,0.000,0.000,0.000,0.000,0.000,0.000,0.000,0.000,0.000,0.000,0.000,0.000,0.000,0.000,0.000,0.000,0.000,0.000,0.000,0.000,0.000,0.000,0.000,0.000,0.000,0.000,0.000,0.000,0.000,0.000,0.000,0.000,0.000,0.000,0.000,0.000,0.000,0.000,0.000,0.000,0.000,0.000,0.000,0.000,0.000,0.000,0.000,0.000,0.000,0.000
0.000,0.000,0.000,0.000,0.000,0.000,0.000,0.000,0.000,0.000,0.000,0.000,0.000,0.000,0.000,0.000,0.000,0.000,0.000,0.000,0.000,0.000,0.000,0.000,0.000,0.000,0.000,0.000,0.000,0.000,0.000,0.000,0.000,0.000,0.000,0.000,0.000,0.000,0.000,0.000,0.000,0.000,0.000,0.000,0.000,0.000,0.000,0.000,0.000,0.000,0.000,0.000,0.000,0.000,0.000,0.000,0.000,0.000,0.000,0.000,0.000,0.000,0.000,0.000,0.000,0.000,0.000,0.000,0.000,0.000,0.000,0.000,0.000,0.000,0.000,0.000,0.000,0.000,0.000,0.000
0.000,0.000,0.000,0.000,0.000,0.000,0.000,0.000,0.000,0.000,0.000,0.000,0.000,0.000,0.000,0.000,0.000,0.000,0.000,0.000,0.000,0.000,0.000,0.000,0.000,0.000,0.000,0.000,0.000,0.000,0.000,0.000,0.000,0.000,0.000,0.000,0.000,0.000,0.000,0.000,0.000,0.000,0.000,0.000,0.000,0.000,0.000,0.000,0.000,0.000,0.000,0.000,0.000,0.000,0.000,0.000,0.000,0.000,0.000,0.000,0.000,0.000,0.000,0.000,0.000,0.000,0.000,0.000,0.000,0.000,0.000,0.000,0.000,0.000,0.000,0.000,0.000,0.000,0.000,0.000
0.000,0.000,0.000,0.000,0.000,0.000,0.000,0.000,0.000,0.000,0.000,0.000,0.000,0.000,0.000,0.000,0.000,0.000,0.000,0.000,0.000,0.000,0.000,0.000,0.000,0.000,0.000,0.000,0.000,0.000,0.000,0.000,0.000,0.000,0.000,0.000,0.000,0.000,0.000,0.000,0.000,0.000,0.000,0.000,0.000,0.000,0.000,0.000,0.000,0.000,0.000,0.000,0.000,0.000,0.000,0.000,0.000,0.000,0.000,0.000,0.000,0.000,0.000,0.000,0.000,0.000,0.000,0.000,0.000,0.000,0.000,0.000,0.000,0.000,0.000,0.000,0.000,0.000,0.000,0.000
0.000,0.000,0.000,0.000,0.000,0.000,0.000,0.000,0.000,0.000,0.000,0.000,0.000,0.000,0.000,0.000,0.000,0.000,0.000,0.000,0.000,0.000,0.000,0.000,0.000,0.000,0.000,0.000,0.000,0.000,0.000,0.000,0.000,0.000,0.000,0.000,0.000,0.000,0.000,0.000,0.000,0.000,0.000,0.000,0.000,0.000,0.000,0.000,0.000,0.000,0.000,0.000,0.000,0.000,0.000,0.000,0.000,0.000,0.000,0.000,0.000,0.000,0.000,0.000,0.000,0.000,0.000,0.000,0.000,0.000,0.000,0.000,0.000,0.000,0.000,0.000,0.000,0.000,0.000,0.000
0.000,0.000,0.000,0.000,0.000,0.000,0.000,0.000,0.000,0.000,0.000,0.000,0.000,0.000,0.000,0.000,0.000,0.000,0.000,0.000,0.000,0.000,0.000,0.000,0.000,0.000,0.000,0.000,0.000,0.000,0.000,0.000,0.000,0.000,0.000,0.000,0.000,0.000,0.000,0.000,0.000,0.000,0.000,0.000,0.000,0.000,0.000,0.000,0.000,0.000,0.000,0.000,0.000,0.000,0.000,0.000,0.000,0.000,0.000,0.000,0.000,0.000,0.000,0.000,0.000,0.000,0.000,0.000,0.000,0.000,0.000,0.000,0.000,0.000,0.000,0.000,0.000,0.000,0.000,0.000
0.000,0.000,0.000,0.000,0.000,0.000,0.000,0.000,0.000,0.000,0.000,0.000,0.000,0.000,0.000,0.000,0.000,0.000,0.000,0.000,0.000,0.000,0.000,0.000,0.000,0.000,0.000,0.000,0.000,0.000,0.000,0.000,0.000,0.000,0.000,0.000,0.000,0.000,0.000,0.000,0.000,0.000,0.000,0.000,0.000,0.000,0.000,0.000,0.000,0.000,0.000,0.000,0.000,0.000,0.000,0.000,0.000,0.000,0.000,0.000,0.000,0.000,0.000,0.000,0.000,0.000,0.000,0.000,0.000,0.000,0.000,0.000,0.000,0.000,0.000,0.000,0.000,0.000,0.000,0.000
0.000,0.000,0.000,0.000,0.000,0.000,0.000,0.000,0.000,0.000,0.000,0.000,0.000,0.000,0.000,0.000,0.000,0.000,0.000,0.000,0.000,0.000,0.000,0.000,0.000,0.000,0.000,0.000,0.000,0.000,0.000,0.000,0.000,0.000,0.000,0.000,0.000,0.000,0.000,0.000,0.000,0.000,0.000,0.000,0.000,0.000,0.000,0.000,0.000,0.000,0.000,0.000,0.000,0.000,0.000,0.000,0.000,0.000,0.000,0.000,0.000,0.000,0.000,0.000,0.000,0.000,0.000,0.000,0.000,0.000,0.000,0.000,0.000,0.000,0.000,0.000,0.000,0.000,0.000,0.000
0.000,0.000,0.000,0.000,0.000,0.000,0.000,0.000,0.000,0.000,0.000,0.000,0.000,0.000,0.000,0.000,0.000,0.000,0.000,0.000,0.000,0.000,0.000,0.000,0.000,0.000,0.000,0.000,0.000,0.000,0.000,0.000,0.000,0.000,0.000,0.000,0.000,0.000,0.000,0.000,0.000,0.000,0.000,0.000,0.000,0.000,0.000,0.000,0.000,0.000,0.000,0.000,0.000,0.000,0.000,0.000,0.000,0.000,0.000,0.000,0.000,0.000,0.000,0.000,0.000,0.000,0.000,0.000,0.000,0.000,0.000,0.000,0.000,0.000,0.000,0.000,0.000,0.000,0.000,0.000
0.000,0.000,0.000,0.000,0.000,0.000,0.000,0.000,0.000,0.000,0.000,0.000,0.000,0.000,0.000,0.000,0.000,0.000,0.000,0.000,0.000,0.000,0.000,0.000,0.000,0.000,0.000,0.000,0.000,0.000,0.000,0.000,0.000,0.000,0.000,0.000,0.000,0.000,0.000,0.000,0.000,0.000,0.000,0.000,0.000,0.000,0.000,0.000,0.000,0.000,0.000,0.000,0.000,0.000,0.000,0.000,0.000,0.000,0.000,0.000,0.000,0.000,0.000,0.000,0.000,0.000,0.000,0.000,0.000,0.000,0.000,0.000,0.000,0.000,0.000,0.000,0.000,0.000,0.000,0.000
0.000,0.000,0.000,0.000,0.000,0.000,0.000,0.000,0.000,0.000,0.000,0.000,0.000,0.000,0.000,1.000,0.000,0.000,0.000,1.000,0.000,0.000,0.000,0.000,0.000,0.000,0.000,0.000,0.000,0.000,0.000,0.000,0.000,0.000,0.000,0.000,0.000,0.000,0.000,0.000,0.000,0.000,0.000,0.000,0.000,0.000,0.000,0.000,0.000,0.000,0.000,0.000,0.000,0.000,0.000,0.000,0.000,0.000,0.000,0.000,0.000,0.000,0.000,0.000,0.000,0.000,0.000,0.000,0.000,0.000,0.000,0.000,1.000,0.000,0.000,0.000,0.000,1.000,0.000,0.000
0.000,0.000,0.000,0.000,0.000,0.000,0.000,0.000,0.000,0.000,0.000,0.000,0.000,0.000,0.000,0.000,0.000,0.000,0.000,0.000,0.000,0.000,0.000,0.000,0.000,0.000,0.000,0.000,0.000,0.000,0.000,0.000,0.000,0.000,0.000,0.000,0.000,0.000,0.000,0.000,0.000,0.000,0.000,0.000,0.000,0.000,0.000,0.000,0.000,0.000,0.000,0.000,0.000,0.000,0.000,0.000,0.000,0.000,0.000,0.000,0.000,0.000,0.000,0.000,0.000,0.000,0.000,0.000,0.000,0.000,0.000,0.000,0.000,0.000,0.000,0.000,0.000,0.000,0.000,0.000
0.000,0.000,0.000,0.000,0.000,0.000,0.000,0.000,0.000,0.000,0.000,0.000,0.000,0.000,0.000,0.000,0.000,0.000,0.000,0.000,0.000,0.000,0.000,0.000,0.000,0.000,0.000,0.000,0.000,0.000,0.000,0.000,0.000,0.000,0.000,0.000,0.000,0.000,0.000,0.000,0.000,0.000,0.000,0.000,0.000,0.000,0.000,0.000,0.000,0.000,0.000,0.000,0.000,0.000,0.000,0.000,0.000,0.000,0.000,0.000,0.000,0.000,0.000,0.000,0.000,0.000,0.000,0.000,0.000,0.000,0.000,0.000,0.000,0.000,0.000,0.000,0.000,0.000,0.000,0.000
0.000,0.000,0.000,0.000,0.000,0.000,0.000,0.000,0.000,0.000,0.000,0.000,0.000,0.000,0.000,0.000,0.000,0.000,0.000,0.000,0.000,0.000,0.000,0.000,0.000,0.000,0.000,0.000,0.000,0.000,0.000,0.000,0.000,0.000,0.000,0.000,0.000,0.000,0.000,0.000,0.000,0.000,0.000,0.000,0.000,0.000,0.000,0.000,0.000,0.000,0.000,0.000,0.000,0.000,0.000,0.000,0.000,0.000,0.000,0.000,0.000,0.000,0.000,0.000,0.000,0.000,0.000,0.000,0.000,0.000,0.000,0.000,0.000,0.000,0.000,0.000,0.000,0.000,0.000,0.000
0.000,0.000,0.000,0.000,0.000,0.000,0.000,0.000,0.000,0.000,0.000,0.000,0.000,0.000,0.000,0.000,0.000,0.000,0.000,0.000,0.000,0.000,0.000,0.000,0.000,0.000,0.000,0.000,0.000,0.000,0.000,0.000,0.000,0.000,0.000,0.000,0.000,0.000,0.000,0.000,0.000,0.000,0.000,0.000,0.000,0.000,0.000,0.000,0.000,0.000,0.000,0.000,0.000,0.000,0.000,0.000,0.000,0.000,0.000,0.000,0.000,0.000,0.000,0.000,0.000,0.000,0.000,0.000,0.000,0.000,0.000,0.000,0.000,0.000,0.000,0.000,0.000,0.000,0.000,0.000
0.000,0.000,0.000,0.000,0.000,0.000,0.000,0.000,0.000,0.000,0.000,0.000,0.000,0.000,0.000,0.000,0.000,0.000,0.000,0.000,0.000,0.000,0.000,0.000,0.000,0.000,0.000,0.000,0.000,0.000,1.000,0.000,0.000,0.000,0.000,0.000,1.000,0.000,0.000,0.000,0.000,0.000,0.000,0.000,0.000,0.000,0.000,0.000,0.000,0.000,0.000,0.000,0.000,0.000,0.000,0.000,0.000,0.000,0.000,0.000,0.000,0.000,0.000,0.000,0.000,0.000,0.000,0.000,0.000,0.000,0.000,0.000,0.000,0.000,0.000,0.000,0.000,0.000,0.000,0.000
0.000,0.000,0.000,0.000,0.000,0.000,0.000,0.000,0.000,0.000,0.000,0.000,0.000,0.000,0.000,0.000,0.000,0.000,0.000,0.000,0.000,0.000,0.000,0.000,0.000,0.000,0.000,0.000,0.000,0.000,0.000,0.000,0.000,0.000,0.000,0.000,0.000,0.000,0.000,0.000,0.000,0.000,0.000,0.000,0.000,0.000,0.000,0.000,0.000,0.000,0.000,0.000,0.000,0.000,0.000,0.000,0.000,0.000,0.000,0.000,0.000,0.000,0.000,0.000,0.000,0.000,0.000,0.000,0.000,0.000,0.000,0.000,0.000,0.000,0.000,0.000,0.000,0.000,0.000,0.000
0.000,0.000,0.000,0.000,0.000,0.000,0.000,0.000,0.000,0.000,0.000,0.000,0.000,0.000,0.000,0.000,0.000,0.000,0.000,0.000,0.000,0.000,0.000,0.000,0.000,0.000,0.000,0.000,0.000,0.000,0.000,0.000,0.000,0.000,0.000,0.000,0.000,0.000,0.000,0.000,0.000,0.000,0.000,0.000,0.000,0.000,0.000,0.000,0.000,0.000,0.000,0.000,0.000,0.000,0.000,0.000,0.000,0.000,0.000,0.000,0.000,0.000,0.000,0.000,0.000,0.000,0.000,0.000,0.000,0.000,0.000,0.000,0.000,0.000,0.000,0.000,0.000,0.000,0.000,0.000
0.000,0.000,0.000,0.000,0.000,0.000,0.000,0.000,0.000,0.000,0.000,0.000,0.000,0.000,0.000,0.000,0.000,0.000,0.000,0.000,0.000,0.000,0.000,0.000,0.000,0.000,0.000,0.000,0.000,0.000,0.000,0.000,0.000,0.000,0.000,0.000,0.000,0.000,0.000,0.000,0.000,0.000,0.000,0.000,0.000,0.000,0.000,0.000,0.000,0.000,0.000,0.000,0.000,0.000,0.000,0.000,0.000,0.000,0.000,0.000,0.000,0.000,0.000,0.000,0.000,0.000,0.000,0.000,0.000,0.000,0.000,0.000,0.000,0.000,0.000,0.000,0.000,0.000,0.000,0.000
0.000,0.000,0.000,0.000,0.000,0.000,0.000,0.000,0.000,0.000,0.000,0.000,0.000,0.000,0.000,0.000,0.000,0.000,0.000,0.000,0.000,0.000,0.000,0.000,0.000,0.000,0.000,0.000,0.000,0.000,0.000,0.000,0.000,0.000,0.000,0.000,0.000,0.000,0.000,0.000,0.000,0.000,0.000,0.000,0.000,0.000,0.000,0.000,0.000,0.000,0.000,0.000,0.000,0.000,0.000,0.000,0.000,0.000,0.000,0.000,0.000,0.000,0.000,0.000,0.000,0.000,0.000,0.000,0.000,0.000,0.000,0.000,0.000,0.000,0.000,0.000,0.000,0.000,0.000,0.000
0.000,0.000,0.000,0.000,0.000,0.000,0.000,0.000,0.000,0.000,0.000,0.000,0.000,0.000,0.000,0.000,0.000,0.000,0.000,0.000,0.000,0.000,0.000,0.000,0.000,0.000,0.000,0.000,0.000,0.000,0.000,0.000,0.000,0.000,0.000,0.000,0.000,0.000,0.000,0.000,0.000,0.000,0.000,0.000,0.000,0.000,0.000,0.000,0.000,0.000,0.000,0.000,0.000,0.000,0.000,0.000,0.000,0.000,0.000,0.000,0.000,0.000,0.000,0.000,0.000,0.000,0.000,0.000,0.000,0.000,0.000,0.000,0.000,0.000,0.000,0.000,0.000,0.000,0.000,0.000
0.000,0.000,0.000,0.000,0.000,0.000,0.000,0.000,0.000,0.000,0.000,0.000,0.000,0.000,0.000,0.000,0.000,0.000,0.000,0.000,0.000,0.000,0.000,0.000,0.000,0.000,0.000,0.000,0.000,0.000,0.000,0.000,0.000,0.000,0.000,0.000,0.000,0.000,0.000,0.000,0.000,0.000,0.000,0.000,0.000,0.000,0.000,0.000,0.000,0.000,0.000,0.000,0.000,0.000,0.000,0.000,0.000,0.000,0.000,0.000,0.000,0.000,0.000,0.000,0.000,0.000,0.000,0.000,0.000,0.000,0.000,0.000,0.000,0.000,0.000,0.000,0.000,0.000,0.000,0.000
0.000,0.000,0.000,0.000,0.000,0.000,0.000,0.000,0.000,0.000,0.000,0.000,0.000,0.000,0.000,0.000,0.000,0.000,0.000,0.000,0.000,0.000,0.000,0.000,0.000,0.000,0.000,0.000,0.000,0.000,0.000,0.000,0.000,0.000,0.000,0.000,0.000,0.000,0.000,0.000,0.000,0.000,0.000,0.000,0.000,0.000,0.000,0.000,0.000,0.000,0.000,0.000,0.000,0.000,0.000,0.000,0.000,0.000,0.000,0.000,0.000,0.000,0.000,0.000,0.000,0.000,0.000,0.000,0.000,0.000,0.000,0.000,0.000,0.000,0.000,0.000,0.000,0.000,0.000,0.000
0.000,0.000,0.000,0.000,0.000,0.000,0.000,0.000,0.000,0.000,0.000,0.000,0.000,0.000,0.000,0.000,0.000,0.000,0.000,0.000,0.000,0.000,0.000,0.000,0.000,0.000,0.000,0.000,0.000,0.000,0.000,0.000,0.000,0.000,0.000,0.000,0.000,0.000,0.000,0.000,0.000,0.000,0.000,0.000,0.000,0.000,0.000,0.000,0.000,0.000,0.000,0.000,0.000,0.000,0.000,0.000,0.000,0.000,0.000,0.000,0.000,0.000,0.000,0.000,0.000,0.000,0.000,0.000,0.000,0.000,0.000,0.000,0.000,0.000,0.000,0.000,0.000,0.000,0.000,0.000
0.000,0.000,0.000,0.000,0.000,0.000,0.000,0.000,0.000,0.000,0.000,0.000,0.000,0.000,0.000,0.000,1.000,0.000,0.000,0.000,0.000,0.000,0.000,0.000,0.000,0.000,0.000,0.000,0.000,0.000,0.000,0.000,0.000,0.000,1.000,0.000,0.000,0.000,0.000,0.000,0.000,1.000,0.000,0.000,0.000,0.000,1.000,0.000,1.000,0.000,0.000,0.000,0.000,0.000,0.000,0.000,0.000,0.000,0.000,0.000,0.000,0.000,0.000,0.000,0.000,1.000,1.000,0.000,0.000,0.000,0.000,0.000,0.000,0.000,0.000,0.000,0.000,0.000,0.000,0.000
0.000,0.000,0.000,0.000,0.000,0.000,0.000,0.000,0.000,0.000,0.000,0.000,0.000,0.000,0.000,0.000,0.000,0.000,0.000,0.000,0.000,0.000,0.000,0.000,0.000,0.000,0.000,0.000,0.000,0.000,0.000,0.000,0.000,0.000,0.000,0.000,0.000,0.000,0.000,0.000,0.000,0.000,0.000,0.000,0.000,0.000,0.000,0.000,0.000,0.000,0.000,0.000,0.000,0.000,0.000,0.000,0.000,0.000,0.000,0.000,0.000,0.000,0.000,0.000,0.000,0.000,0.000,0.000,0.000,0.000,0.000,0.000,0.000,0.000,0.000,0.000,0.000,0.000,0.000,0.000
0.000,0.000,0.000,0.000,0.000,0.000,0.000,0.000,0.000,0.000,0.000,0.000,0.000,0.000,0.000,0.000,0.000,0.000,0.000,0.000,0.000,0.000,0.000,0.000,0.000,0.000,0.000,0.000,0.000,0.000,0.000,0.000,0.000,0.000,0.000,0.000,0.000,0.000,0.000,0.000,0.000,0.000,0.000,0.000,0.000,0.000,0.000,0.000,0.000,0.000,0.000,0.000,0.000,0.000,0.000,0.000,0.000,0.000,0.000,0.000,0.000,0.000,0.000,0.000,0.000,0.000,0.000,0.000,0.000,0.000,0.000,0.000,0.000,0.000,0.000,0.000,0.000,0.000,0.000,0.000
0.000,0.000,0.000,0.000,0.000,0.000,0.000,0.000,0.000,0.000,0.000,0.000,0.000,0.000,0.000,0.000,0.000,0.000,0.000,0.000,0.000,0.000,0.000,0.000,0.000,0.000,0.000,0.000,0.000,0.000,0.000,0.000,0.000,0.000,0.000,0.000,0.000,0.000,0.000,0.000,0.000,0.000,0.000,0.000,0.000,0.000,0.000,0.000,0.000,0.000,0.000,0.000,0.000,0.000,0.000,0.000,0.000,0.000,0.000,0.000,0.000,0.000,0.000,0.000,0.000,0.000,0.000,0.000,0.000,0.000,0.000,0.000,0.000,0.000,0.000,0.000,0.000,0.000,0.000,0.000
0.000,0.000,0.000,0.000,0.000,0.000,0.000,0.000,0.000,0.000,0.000,0.000,0.000,0.000,0.000,0.000,0.000,0.000,0.000,0.000,0.000,0.000,0.000,0.000,0.000,0.000,0.000,0.000,0.000,0.000,0.000,0.000,0.000,0.000,0.000,0.000,0.000,0.000,0.000,0.000,0.000,0.000,0.000,0.000,0.000,0.000,0.000,0.000,0.000,0.000,0.000,0.000,0.000,0.000,0.000,0.000,0.000,0.000,0.000,0.000,0.000,0.000,0.000,0.000,0.000,0.000,0.000,0.000,0.000,0.000,0.000,0.000,0.000,0.000,0.000,0.000,0.000,0.000,0.000,0.000
0.000,0.000,0.000,0.000,0.000,0.000,0.000,0.000,0.000,0.000,0.000,0.000,0.000,0.000,0.000,0.000,0.000,0.000,0.000,0.000,0.000,0.000,0.000,0.000,0.000,0.000,0.000,0.000,0.000,0.000,0.000,0.000,0.000,0.000,0.000,0.000,0.000,0.000,0.000,0.000,0.000,0.000,0.000,0.000,0.000,0.000,0.000,0.000,0.000,0.000,0.000,0.000,0.000,0.000,0.000,0.000,0.000,0.000,0.000,0.000,0.000,0.000,0.000,0.000,0.000,0.000,0.000,0.000,0.000,0.000,0.000,0.000,0.000,0.000,0.000,0.000,0.000,0.000,0.000,0.000
0.000,0.000,0.000,0.000,1.000,0.000,0.000,0.000,0.000,0.000,0.000,0.000,0.000,0.000,0.000,0.000,0.000,0.000,0.000,1.000,0.000,0.000,0.000,0.000,0.000,0.000,0.000,0.000,0.000,0.000,0.000,0.000,0.000,0.000,0.000,0.000,0.000,0.000,0.000,0.000,0.000,0.000,0.000,0.000,0.000,0.000,0.000,0.000,0.000,0.000,0.000,0.000,0.000,1.000,0.000,0.000,0.000,0.000,0.000,1.000,0.000,0.000,0.000,0.000,0.000,0.000,0.000,0.000,0.000,0.000,0.000,0.000,0.000,0.000,0.000,0.000,0.000,0.000,0.000,0.000
0.000,0.000,0.000,0.000,0.000,0.000,0.000,0.000,0.000,0.000,0.000,0.000,0.000,0.000,0.000,0.000,0.000,0.000,0.000,0.000,0.000,0.000,0.000,0.000,0.000,0.000,0.000,0.000,0.000,0.000,0.000,0.000,0.000,0.000,0.000,0.000,0.000,0.000,0.000,0.000,0.000,0.000,0.000,0.000,0.000,0.000,0.000,0.000,0.000,0.000,0.000,0.000,0.000,0.000,0.000,0.000,0.000,0.000,0.000,0.000,0.000,0.000,0.000,0.000,0.000,0.000,0.000,0.000,0.000,0.000,0.000,0.000,0.000,0.000,0.000,0.000,0.000,0.000,0.000,0.000
0.000,0.000,0.000,0.000,0.000,0.000,0.000,0.000,0.000,0.000,0.000,0.000,0.000,0.000,0.000,0.000,0.000,0.000,0.000,0.000,0.000,0.000,0.000,0.000,0.000,0.000,0.000,0.000,0.000,0.000,0.000,0.000,0.000,0.000,0.000,0.000,0.000,0.000,0.000,0.000,0.000,0.000,0.000,0.000,0.000,0.000,0.000,0.000,0.000,0.000,0.000,0.000,0.000,0.000,0.000,0.000,0.000,0.000,0.000,0.000,0.000,0.000,0.000,0.000,0.000,0.000,0.000,0.000,0.000,0.000,0.000,0.000,0.000,0.000,0.000,0.000,0.000,0.000,0.000,0.000
0.000,0.000,0.000,0.000,0.000,0.000,0.000,0.000,0.000,0.000,0.000,0.000,0.000,0.000,0.000,0.000,0.000,0.000,0.000,0.000,0.000,1.000,0.000,0.000,0.000,0.000,1.000,0.000,0.000,0.000,0.000,0.000,0.000,0.000,0.000,0.000,0.000,0.000,0.000,0.000,0.000,0.000,0.000,0.000,0.000,0.000,0.000,0.000,0.000,0.000,0.000,0.000,0.000,0.000,0.000,0.000,0.000,0.000,0.000,0.000,0.000,0.000,0.000,0.000,0.000,0.000,0.000,0.000,0.000,0.000,0.000,0.000,0.000,1.000,0.000,0.000,0.000,0.000,0.000,1.000
0.000,0.000,0.000,0.000,0.000,0.000,0.000,0.000,0.000,0.000,0.000,0.000,0.000,0.000,0.000,0.000,0.000,0.000,0.000,0.000,0.000,0.000,0.000,0.000,0.000,0.000,0.000,0.000,0.000,0.000,0.000,0.000,0.000,0.000,0.000,0.000,0.000,0.000,0.000,0.000,0.000,0.000,0.000,0.000,0.000,0.000,0.000,0.000,0.000,0.000,0.000,0.000,0.000,0.000,0.000,0.000,0.000,0.000,0.000,0.000,0.000,0.000,0.000,0.000,0.000,0.000,0.000,0.000,0.000,0.000,0.000,0.000,0.000,0.000,0.000,0.000,0.000,0.000,0.000,0.000
0.000,0.000,0.000,0.000,0.000,0.000,0.000,0.000,0.000,0.000,0.000,0.000,0.000,0.000,0.000,0.000,0.000,0.000,0.000,0.000,0.000,0.000,0.000,0.000,0.000,0.000,0.000,0.000,0.000,0.000,0.000,0.000,0.000,0.000,0.000,0.000,0.000,0.000,0.000,0.000,0.000,0.000,0.000,0.000,0.000,0.000,0.000,0.000,0.000,0.000,0.000,0.000,0.000,0.000,0.000,0.000,0.000,0.000,0.000,0.000,0.000,0.000,0.000,0.000,0.000,0.000,0.000,0.000,0.000,0.000,0.000,0.000,0.000,0.000,0.000,0.000,0.000,0.000,0.000,0.000
0.000,0.000,0.000,0.000,0.000,0.000,0.000,0.000,0.000,0.000,0.000,0.000,0.000,0.000,0.000,0.000,0.000,0.000,0.000,0.000,0.000,0.000,0.000,0.000,0.000,0.000,0.000,0.000,0.000,0.000,0.000,0.000,0.000,0.000,0.000,0.000,0.000,0.000,0.000,0.000,0.000,0.000,0.000,0.000,0.000,0.000,0.000,0.000,0.000,0.000,0.000,0.000,0.000,0.000,0.000,0.000,0.000,0.000,0.000,0.000,0.000,0.000,0.000,0.000,0.000,0.000,0.000,0.000,0.000,0.000,0.000,0.000,0.000,0.000,0.000,0.000,0.000,0.000,0.000,0.000
0.000,0.000,0.000,0.000,0.000,0.000,0.000,0.000,0.000,0.000,0.000,0.000,0.000,0.000,0.000,0.000,0.000,0.000,0.000,0.000,0.000,0.000,0.000,0.000,0.000,0.000,0.000,0.000,0.000,0.000,0.000,0.000,0.000,0.000,0.000,0.000,0.000,0.000,0.000,0.000,0.000,0.000,0.000,0.000,0.000,0.000,0.000,0.000,0.000,0.000,0.000,0.000,0.000,0.000,0.000,0.000,0.000,0.000,0.000,0.000,0.000,0.000,0.000,0.000,0.000,0.000,0.000,0.000,0.000,0.000,0.000,0.000,0.000,0.000,0.000,0.000,0.000,0.000,0.000,0.000
0.000,0.000,0.000,0.000,0.000,0.000,0.000,0.000,0.000,0.000,0.000,0.000,0.000,0.000,0.000,0.000,0.000,0.000,0.000,0.000,0.000,0.000,0.000,0.000,0.000,0.000,0.000,0.000,0.000,0.000,0.000,0.000,0.000,0.000,0.000,0.000,0.000,0.000,0.000,0.000,0.000,0.000,0.000,0.000,0.000,0.000,0.000,0.000,0.000,0.000,0.000,0.000,0.000,0.000,0.000,0.000,0.000,0.000,0.000,0.000,0.000,0.000,0.000,0.000,0.000,0.000,0.000,0.000,0.000,0.000,0.000,0.000,0.000,0.000,0.000,0.000,0.000,0.000,0.000,0.000
0.000,0.000,0.000,0.000,0.000,0.000,0.000,0.000,0.000,0.000,0.000,0.000,0.000,0.000,0.000,0.000,0.000,0.000,0.000,0.000,0.000,0.000,0.000,0.000,0.000,0.000,0.000,0.000,0.000,0.000,0.000,0.000,0.000,0.000,0.000,0.000,0.000,0.000,0.000,0.000,0.000,0.000,0.000,0.000,0.000,0.000,0.000,0.000,0.000,0.000,0.000,0.000,0.000,0.000,0.000,0.000,0.000,0.000,0.000,0.000,0.000,0.000,0.000,0.000,0.000,0.000,0.000,0.000,0.000,0.000,0.000,0.000,0.000,0.000,0.000,0.000,0.000,0.000,0.000,0.000
0.000,0.000,0.000,0.000,0.000,0.000,0.000,0.000,0.000,0.000,0.000,0.000,0.000,0.000,0.000,0.000,0.000,0.000,0.000,0.000,0.000,0.000,0.000,0.000,0.000,0.000,0.000,0.000,0.000,0.000,0.000,0.000,0.000,0.000,0.000,0.000,0.000,0.000,0.000,0.000,0.000,0.000,0.000,0.000,0.000,0.000,0.000,0.000,0.000,0.000,0.000,0.000,0.000,0.000,0.000,0.000,0.000,0.000,0.000,0.000,0.000,0.000,0.000,0.000,0.000,0.000,0.000,0.000,0.000,0.000,0.000,0.000,0.000,0.000,0.000,0.000,0.000,0.000,0.000,0.000
0.000,0.000,0.000,0.000,0.000,0.000,0.000,0.000,0.000,0.000,0.000,0.000,0.000,0.000,0.000,0.000,0.000,0.000,0.000,0.000,0.000,0.000,0.000,0.000,0.000,0.000,0.000,0.000,0.000,0.000,0.000,0.000,0.000,0.000,0.000,0.000,0.000,0.000,0.000,0.000,0.000,0.000,0.000,0.000,0.000,0.000,0.000,0.000,0.000,0.000,0.000,0.000,0.000,0.000,0.000,0.000,0.000,0.000,0.000,0.000,0.000,0.000,0.000,0.000,0.000,0.000,0.000,0.000,0.000,0.000,0.000,0.000,0.000,0.000,0.000,0.000,0.000,0.000,0.000,0.000
0.000,0.000,0.000,0.000,0.000,0.000,0.000,0.000,0.000,0.000,0.000,0.000,0.000,0.000,0.000,0.000,0.000,0.000,0.000,0.000,0.000,0.000,0.000,0.000,0.000,0.000,0.000,0.000,0.000,0.000,0.000,0.000,0.000,0.000,0.000,0.000,0.000,0.000,0.000,0.000,0.000,0.000,0.000,0.000,0.000,0.000,0.000,0.000,0.000,0.000,0.000,0.000,0.000,0.000,0.000,0.000,0.000,0.000,0.000,0.000,0.000,0.000,0.000,0.000,0.000,0.000,0.000,0.000,0.000,0.000,0.000,0.000,0.000,0.000,0.000,0.000,0.000,0.000,0.000,0.000
0.000,0.000,0.000,0.000,0.000,0.000,0.000,0.000,0.000,0.000,0.000,0.000,0.000,0.000,0.000,0.000,0.000,0.000,0.000,0.000,0.000,0.000,0.000,0.000,0.000,0.000,0.000,0.000,0.000,0.000,0.000,0.000,0.000,0.000,0.000,0.000,0.000,0.000,0.000,0.000,0.000,0.000,0.000,0.000,0.000,0.000,0.000,0.000,0.000,0.000,0.000,0.000,0.000,0.000,0.000,0.000,0.000,0.000,0.000,0.000,0.000,0.000,0.000,0.000,0.000,0.000,0.000,0.000,0.000,0.000,0.000,0.000,0.000,0.000,0.000,0.000,0.000,0.000,0.000,0.000
0.000,0.000,0.000,0.000,0.000,0.000,0.000,0.000,0.000,0.000,0.000,0.000,0.000,0.000,0.000,0.000,0.000,0.000,0.000,0.000,0.000,0.000,0.000,0.000,0.000,0.000,0.000,0.000,0.000,0.000,0.000,0.000,0.000,0.000,0.000,0.000,0.000,0.000,0.000,0.000,0.000,0.000,0.000,0.000,0.000,0.000,0.000,0.000,0.000,0.000,0.000,0.000,0.000,0.000,0.000,0.000,0.000,0.000,0.000,0.000,0.000,0.000,0.000,0.000,0.000,0.000,0.000,0.000,0.000,0.000,0.000,0.000,0.000,0.000,0.000,0.000,0.000,0.000,0.000,0.000
0.000,0.000,0.000,0.000,0.000,0.000,0.000,0.000,0.000,0.000,0.000,0.000,0.000,0.000,0.000,0.000,0.000,0.000,0.000,0.000,0.000,0.000,0.000,0.000,0.000,0.000,0.000,0.000,0.000,0.000,0.000,0.000,0.000,0.000,0.000,0.000,0.000,0.000,0.000,0.000,0.000,0.000,0.000,0.000,0.000,0.000,0.000,0.000,0.000,0.000,0.000,0.000,0.000,0.000,0.000,0.000,0.000,0.000,0.000,0.000,0.000,0.000,0.000,0.000,0.000,0.000,0.000,0.000,0.000,0.000,0.000,0.000,0.000,0.000,0.000,0.000,0.000,0.000,0.000,0.000
0.000,0.000,0.000,0.000,0.000,0.000,0.000,0.000,0.000,0.000,0.000,0.000,0.000,0.000,0.000,0.000,0.000,0.000,0.000,0.000,0.000,0.000,0.000,0.000,0.000,0.000,0.000,0.000,0.000,0.000,0.000,0.000,0.000,0.000,0.000,0.000,0.000,0.000,0.000,0.000,0.000,0.000,0.000,0.000,0.000,0.000,0.000,0.000,0.000,0.000,0.000,0.000,0.000,0.000,0.000,0.000,0.000,0.000,0.000,0.000,0.000,0.000,0.000,0.000,0.000,0.000,0.000,0.000,0.000,0.000,0.000,0.000,0.000,0.000,0.000,0.000,0.000,0.000,0.000,0.000
0.000,0.000,0.000,0.000,0.000,0.000,0.000,0.000,0.000,0.000,0.000,0.000,0.000,0.000,0.000,0.000,0.000,0.000,0.000,0.000,0.000,0.000,0.000,0.000,0.000,0.000,0.000,0.000,0.000,0.000,0.000,0.000,0.000,0.000,0.000,0.000,0.000,0.000,0.000,0.000,0.000,0.000,0.000,0.000,0.000,0.000,0.000,0.000,0.000,0.000,0.000,0.000,0.000,0.000,0.000,0.000,0.000,0.000,0.000,0.000,0.000,0.000,0.000,0.000,0.000,0.000,0.000,0.000,0.000,0.000,0.000,0.000,0.000,0.000,0.000,0.000,0.000,0.000,0.000,0.000
0.000,0.000,0.000,0.000,0.000,0.000,0.000,0.000,0.000,0.000,0.000,0.000,0.000,0.000,0.000,0.000,0.000,0.000,0.000,0.000,0.000,0.000,0.000,0.000,0.000,0.000,0.000,0.000,0.000,0.000,0.000,0.000,0.000,0.000,0.000,0.000,0.000,0.000,0.000,0.000,0.000,0.000,0.000,0.000,0.000,0.000,0.000,0.000,0.000,0.000,0.000,0.000,0.000,0.000,0.000,0.000,0.000,0.000,0.000,0.000,0.000,0.000,0.000,0.000,0.000,0.000,0.000,0.000,0.000,0.000,0.000,0.000,0.000,0.000,0.000,0.000,0.000,0.000,0.000,0.000
0.000,0.000,0.000,0.000,0.000,0.000,0.000,0.000,0.000,0.000,0.000,0.000,0.000,0.000,0.000,0.000,0.000,0.000,0.000,0.000,0.000,0.000,0.000,0.000,0.000,0.000,0.000,0.000,0.000,0.000,0.000,0.000,0.000,0.000,0.000,0.000,0.000,0.000,0.000,0.000,0.000,0.000,0.000,0.000,0.000,0.000,0.000,0.000,0.000,0.000,0.000,0.000,0.000,0.000,0.000,0.000,0.000,0.000,0.000,0.000,0.000,0.000,0.000,0.000,0.000,0.000,0.000,0.000,0.000,0.000,0.000,0.000,0.000,0.000,0.000,0.000,0.000,0.000,0.000,0.000
0.000,0.000,0.000,0.000,0.000,0.000,0.000,0.000,0.000,0.000,0.000,0.000,0.000,0.000,0.000,0.000,0.000,0.000,0.000,0.000,0.000,0.000,0.000,0.000,0.000,0.000,0.000,0.000,0.000,0.000,0.000,0.000,0.000,0.000,0.000,0.000,0.000,0.000,0.000,0.000,0.000,0.000,0.000,0.000,0.000,0.000,0.000,0.000,0.000,0.000,0.000,0.000,0.000,0.000,0.000,0.000,0.000,0.000,0.000,0.000,0.000,0.000,0.000,0.000,0.000,0.000,0.000,0.000,0.000,0.000,0.000,0.000,0.000,0.000,0.000,0.000,0.000,0.000,0.000,0.000
185.000,129.000,152.000,144.000,113.000,166.000,147.000,126.000,103.000,129.000,105.000,174.000,150.000,170.000,181.000,159.000,155.000,147.000,124.000,173.000,104.000,151.000,141.000,190.000,198.000,139.000,160.000,172.000,121.000,147.000,142.000,154.000,128.000,188.000,163.000,189.000,115.000,135.000,140.000,109.000,182.000,106.000,192.000,154.000,115.000,165.000,183.000,158.000,132.000,117.000,121.000,148.000,109.000,104.000,151.000,109.000,140.000,178.000,159.000,101.000,140.000,119.000,123.000,191.000,160.000,133.000,160.000,146.000,110.000,190.000,155.000,116.000,168.000,101.000,115.000,188.000,116.000,168.000,138.000,126.000
0.000,0.000,0.000,0.000,0.000,0.000,0.000,0.000,0.000,0.000,0.000,0.000,0.000,0.000,0.000,0.000,0.000,0.000,0.000,0.000,0.000,0.000,0.000,0.000,0.000,0.000,0.000,0.000,0.000,0.000,0.000,0.000,0.000,0.000,0.000,0.000,0.000,0.000,0.000,0.000,0.000,0.000,0.000,0.000,0.000,0.000,0.000,0.000,0.000,0.000,0.000,0.000,0.000,0.000,0.000,0.000,0.000,0.000,0.000,0.000,0.000,0.000,0.000,0.000,0.000,0.000,0.000,0.000,0.000,0.000,0.000,0.000,0.000,0.000,0.000,0.000,0.000,0.000,0.000,0.000
118.434
