43.000,94.000,10.000,29.000,45.000,2.000,49.000,82.000,63.000,18.000,51.000,42.000,71.000,29.000,22.000,95.000,9.000,55.000,64.000,77.000,85.000,78.000,56.000,37.000,38.000,98.000,74.000,47.000,70.000,99.000,75.000,25.000,46.000,43.000,38.000,66.000,55.000,3.000,39.000,97.000,77.000,93.000,30.000,70.000,3.000,32.000,79.000,96.000,58.000,61.000,16.000,89.000,66.000,78.000,34.000,74.000,39.000,31.000,65.000,63.000,30.000,7.000,98.000,21.000,94.000,25.000,27.000,26.000,56.000,99.000,8.000,77.000,92.000,37.000,22.000,81.000,5.000,76.000,25.000,5.000
52.000,57.000,49.000,64.000,60.000,75.000,10.000,28.000,74.000,96.000,38.000,68.000,79.000,18.000,48.000,85.000,27.000,47.000,59.000,87.000,36.000,78.000,85.000,93.000,14.000,84.000,64.000,94.000,75.000,7.000,4.000,39.000,21.000,31.000,51.000,91.000,83.000,39.000,87.000,83.000,48.000,28.000,91.000,71.000,14.000,23.000,19.000,34.000,45.000,72.000,46.000,88.000,74.000,83.000,28.000,90.000,52.000,83.000,26.000,22.000,71.000,35.000,78.000,52.000,52.000,55.000,1.000,97.000,7.000,100.000,48.000,94.000,81.000,97.000,90.000,13.000,18.000,46.000,44.000,100.000
68.000,44.000,49.000,66.000,50.000,80.000,33.000,17.000,68.000,50.000,43.000,18.000,82.000,20.000,13.000,53.000,68.000,38.000,18.000,89.000,89.000,80.000,54.000,11.000,69.000,98.000,15.000,90.000,1.000,63.000,14.000,45.000,42.000,39.000,88.000,6.000,81.000,67.000,100.000,83.000,55.000,66.000,64.000,3.000,65.000,83.000,62.000,21.000,26.000,42.000,18.000,86.000,40.000,32.000,53.000,80.000,79.000,49.000,23.000,25.000,55.000,83.000,80.000,20.000,17.000,11.000,24.000,87.000,3.000,62.000,21.000,66.000,79.000,48.000,85.000,53.000,53.000,9.000,43.000,81.000
94.000,58.000,37.000,50.000,12.000,99.000,75.000,93.000,30.000,83.000,65.000,52.000,27.000,9.000,88.000,80.000,19.000,42.000,12.000,40.000,94.000,23.000,4.000,2.000,38.000,24.000,81.000,94.000,22.000,84.000,3.000,78.000,69.000,61.000,18.000,78.000,79.000,24.000,81.000,20.000,57.000,57.000,12.000,61.000,49.000,64.000,35.000,48.000,42.000,22.000,12.000,58.000,29.000,92.000,49.000,87.000,60.000,14.000,19.000,70.000,24.000,43.000,9.000,47.000,100.000,93.000,80.000,87.000,59.000,83.000,50.000,51.000,23.000,77.000,19.000,52.000,88.000,45.000,94.000,50.000
70.000,93.000,57.000,48.000,7.000,9.000,42.000,14.000,9.000,64.000,79.000,40.000,96.000,28.000,94.000,64.000,71.000,34.000,96.000,53.000,71.000,45.000,96.000,15.000,54.000,34.000,50.000,43.000,58.000,76.000,77.000,44.000,53.000,61.000,13.000,21.000,47.000,44.000,20.000,63.000,48.000,86.000,75.000,72.000,92.000,64.000,52.000,57.000,92.000,47.000,71.000,1.000,95.000,63.000,100.000,13.000,67.000,76.000,26.000,81.000,65.000,63.000,77.000,3.000,65.000,77.000,43.000,27.000,38.000,7.000,89.000,90.000,81.000,60.000,46.000,5.000,8.000,67.000,52.000,32.000
89.000,81.000,37.000,18.000,81.000,73.000,30.000,62.000,10.000,58.000,82.000,62.000,49.000,59.000,12.000,44.000,39.000,15.000,80.000,30.000,6.000,20.000,77.000,22.000,8.000,64.000,26.000,86.000,35.000,35.000,83.000,30.000,28.000,79.000,45.000,86.000,20.000,77.000,8.000,4.000,43.000,46.000,39.000,36.000,26.000,40.000,87.000,38.000,68.000,64.000,12.000,89.000,71.000,35.000,31.000,65.000,20.000,13.000,3.000,85.000,3.000,67.000,31.000,71.000,90.000,83.000,51.000,82.000,90.000,97.000,65.000,55.000,62.000,85.000,78.000,18.000,6.000,46.000,14.000,4.000
20.000,94.000,28.000,25.000,72.000,78.000,11.000,97.000,9.000,13.000,56.000,96.000,93.000,22.000,52.000,47.000,6.000,8.000,47.000,23.000,20.000,96.000,47.000,87.000,2.000,46.000,6.000,81.000,2.000,85.000,21.000,46.000,25.000,72.000,54.000,38.000,67.000,76.000,98.000,15.000,90.000,44.000,51.000,7.000,53.000,51.000,7.000,59.000,78.000,53.000,15.000,63.000,48.000,8.000,41.000,79.000,38.000,83.000,74.000,62.000,23.000,31.000,85.000,22.000,16.000,83.000,93.000,43.000,97.000,34.000,64.000,68.000,92.000,66.000,88.000,32.000,99.000,14.000,55.000,54.000
55.000,6.000,1.000,18.000,71.000,7.000,84.000,11.000,89.000,42.000,49.000,50.000,61.000,50.000,38.000,68.000,80.000,80.000,31.000,7.000,41.000,30.000,46.000,63.000,51.000,20.000,40.000,77.000,38.000,87.000,97.000,48.000,25.000,96.000,36.000,10.000,65.000,76.000,86.000,72.000,93.000,59.000,26.000,75.000,55.000,20.000,78.000,21.000,40.000,100.000,60.000,41.000,94.000,57.000,58.000,35.000,22.000,14.000,46.000,72.000,15.000,51.000,46.000,62.000,7.000,72.000,92.000,100.000,94.000,100.000,76.000,68.000,69.000,44.000,93.000,50.000,20.000,85.000,26.000,84.000
52.000,79.000,68.000,91.000,2.000,26.000,35.000,95.000,72.000,29.000,23.000,29.000,12.000,85.000,40.000,46.000,29.000,32.000,86.000,3.000,66.000,34.000,71.000,81.000,81.000,11.000,31.000,95.000,39.000,37.000,42.000,88.000,3.000,10.000,52.000,69.000,26.000,57.000,2.000,20.000,51.000,100.000,2.000,10.000,6.000,78.000,29.000,86.000,13.000,8.000,51.000,44.000,85.000,92.000,80.000,68.000,89.000,36.000,20.000,72.000,32.000,86.000,88.000,33.000,33.000,33.000,25.000,9.000,30.000,9.000,40.000,23.000,18.000,94.000,38.000,23.000,67.000,19.000,12.000,79.000
21.000,12.000,65.000,66.000,31.000,5.000,94.000,49.000,22.000,47.000,60.000,27.000,3.000,13.000,95.000,69.000,3.000,79.000,53.000,50.000,45.000,33.000,18.000,47.000,64.000,9.000,13.000,90.000,93.000,88.000,17.000,100.000,30.000,99.000,63.000,64.000,32.000,14.000,13.000,32.000,29.000,14.000,94.000,44.000,15.000,54.000,24.000,59.000,59.000,66.000,17.000,74.000,23.000,42.000,64.000,8.000,26.000,80.000,19.000,2.000,20.000,59.000,50.000,30.000,98.000,89.000,80.000,63.000,8.000,88.000,19.000,46.000,41.000,80.000,56.000,87.000,4.000,59.000,78.000,6.000
72.000,1.000,18.000,17.000,31.000,55.000,95.000,16.000,88.000,100.000,76.000,16.000,64.000,57.000,57.000,62.000,26.000,57.000,17.000,8.013,59.000,88.000,48.000,59.000,98.000,60.000,54.000,100.000,48.000,22.000,88.000,49.000,22.000,14.000,73.000,40.000,76.000,70.000,19.000,15.000,56.000,20.000,31.000,51.000,69.000,35.000,13.000,50.000,41.000,34.000,30.000,17.221,53.000,64.000,44.000,3.000,51.000,2.000,17.000,25.000,90.000,53.000,44.000,13.000,25.000,73.000,22.000,92.000,25.000,50.000,82.000,48.000,40.000,91.000,10.000,36.000,80.000,81.000,1.000,32.000
34.000,59.000,3.000,17.000,22.000,2.000,16.000,25.000,80.000,60.000,30.000,38.000,58.000,35.000,72.000,19.000,44.000,58.000,3.000,26.000,58.000,10.000,89.000,38.000,18.000,86.000,93.000,92.000,4.000,98.000,10.000,78.000,54.000,31.000,91.000,73.000,60.000,48.000,62.000,35.000,16.000,39.000,68.000,70.000,4.000,73.000,18.000,25.000,68.000,28.000,5.000,49.000,88.000,34.000,58.000,94.000,34.000,43.000,15.000,44.000,3.000,54.000,63.000,11.000,26.000,59.000,8.000,12.468,3.000,21.000,36.000,80.000,56.000,3.156,82.000,14.000,74.000,92.000,8.000,89.000
3.000,20.000,89.000,62.000,62.000,8.000,66.000,25.000,97.000,77.000,54.000,15.000,98.000,27.000,78.000,11.000,8.000,5.000,50.000,87.000,10.000,77.000,40.000,25.000,35.000,68.000,29.000,10.000,73.000,57.000,53.000,40.000,15.000,48.000,4.000,65.000,4.000,78.000,67.000,15.000,76.000,33.000,89.000,34.000,13.000,90.000,86.000,8.000,83.000,18.000,20.000,10.000,37.000,19.000,41.000,84.000,17.000,88.000,86.000,15.000,94.000,21.000,32.000,71.000,46.000,52.000,100.000,75.000,64.000,35.000,66.000,18.000,27.000,81.000,75.000,83.000,80.000,59.000,8.000,28.364
77.000,47.000,68.000,4.000,99.000,88.000,94.000,36.000,52.000,82.000,99.000,99.000,24.000,8.000,80.000,20.000,83.000,13.000,2.000,50.000,79.000,6.000,49.000,95.000,97.000,21.000,91.000,24.000,9.000,18.000,95.000,39.000,58.000,100.000,34.000,84.000,70.000,68.000,84.000,38.000,29.000,92.000,93.000,39.000,2.000,22.000,26.000,42.000,80.000,28.000,63.000,38.000,39.000,70.000,94.000,23.000,6.000,70.000,31.000,34.000,11.000,55.000,8.000,14.000,88.000,17.000,93.000,98.000,87.000,52.000,67.000,89.000,77.000,48.000,25.000,32.000,99.000,59.000,66.000,93.000
86.000,52.000,75.000,89.000,16.000,77.000,53.000,38.000,7.000,30.000,80.000,11.000,16.000,33.000,51.000,94.000,78.000,47.000,17.000,92.000,31.000,61.000,19.000,23.000,75.000,24.000,86.000,8.000,37.000,87.000,22.000,31.000,23.000,67.000,30.000,38.000,54.000,40.000,65.000,47.000,79.000,57.000,99.000,64.000,23.000,59.000,35.000,94.000,42.000,67.000,73.000,11.000,70.000,50.000,16.000,8.000,49.000,77.000,35.000,46.000,51.000,89.000,38.000,28.000,61.000,66.000,38.000,67.000,72.000,36.000,30.000,10.000,4.000,43.000,62.000,14.000,59.000,81.000,54.000,64.000
83.000,81.000,3.000,86.000,17.000,75.000,1.000,9.000,35.000,62.000,41.000,36.000,39.000,89.000,96.000,99.000,85.000,37.000,12.000,44.000,58.000,74.000,20.000,99.000,2.000,55.000,42.000,90.000,74.000,83.000,25.000,58.000,15.000,65.000,39.000,37.000,41.000,64.000,11.000,71.000,15.000,99.000,53.000,40.000,28.000,33.000,19.000,26.000,43.000,3.000,14.000,37.000,21.000,22.000,61.000,85.000,1.000,42.000,61.000,46.000,50.000,94.000,68.000,61.000,96.000,63.000,4.000,25.000,92.000,10.000,78.000,71.000,86.000,25.000,77.000,36.000,91.000,60.000,68.000,15.000
72.000,75.000,22.000,29.000,60.000,99.000,74.000,9.000,32.000,19.000,5.000,59.000,43.000,68.000,75.000,32.000,86.000,65.000,20.000,11.000,95.000,75.000,49.000,62.000,70.000,82.000,84.000,63.000,58.000,77.000,69.000,53.000,23.000,40.000,30.000,14.000,27.000,76.000,84.000,54.000,50.000,46.000,43.000,62.000,55.000,8.000,35.000,67.000,77.000,71.000,34.000,44.000,73.000,49.000,66.000,48.000,2.000,9.000,46.000,68.000,33.000,59.000,70.000,40.000,100.000,15.000,22.000,13.000,5.000,27.000,13.000,97.000,11.000,28.000,77.000,53.000,74.000,68.000,42.000,77.000
62.000,29.000,62.000,49.000,97.000,72.000,48.000,2.000,19.000,25.000,18.000,38.000,75.000,32.000,29.000,89.000,66.000,55.000,30.000,59.000,33.000,77.000,59.000,42.000,84.000,94.000,64.000,73.000,48.000,26.000,25.000,78.000,64.000,3.000,100.000,81.000,12.000,40.000,23.000,79.000,22.000,33.000,74.000,57.000,26.000,39.000,90.000,21.000,2.000,50.000,78.000,95.000,21.000,63.000,14.000,34.000,43.000,75.000,51.000,15.000,48.000,100.000,4.000,8.000,41.000,38.000,15.000,28.000,7.000,70.000,35.000,95.000,53.000,13.000,38.000,26.000,9.000,43.000,44.000,49.000
36.000,65.000,21.000,12.000,42.000,64.000,90.000,72.000,22.000,6.000,64.000,68.000,49.000,82.000,56.000,71.000,13.000,12.000,99.000,89.000,78.000,34.000,52.000,30.000,29.000,4.000,34.000,62.000,21.000,32.000,66.000,79.000,47.000,35.000,40.000,10.000,33.000,86.000,90.000,56.000,87.000,39.000,92.000,34.000,33.000,26.000,82.000,18.000,59.000,41.000,23.000,94.000,58.000,38.000,79.000,2.000,40.000,23.000,73.000,21.000,53.000,75.000,29.000,23.000,27.000,87.000,4.000,32.000,12.000,79.000,80.000,47.000,93.000,7.000,90.000,47.000,90.000,96.000,58.000,20.000
66.000,47.000,18.000,17.000,56.000,93.000,59.000,33.000,14.000,75.000,47.000,6.000,49.000,60.000,92.000,11.000,85.000,15.000,60.000,92.000,59.000,15.000,37.000,35.000,81.000,81.000,41.000,53.000,25.000,12.000,30.000,2.000,15.000,92.000,39.000,44.000,98.000,24.000,21.130,60.000,32.000,89.000,87.000,2.000,80.000,72.000,97.000,51.000,22.000,4.000,79.000,90.000,18.000,34.000,89.000,32.000,60.000,9.000,15.000,76.000,12.195,82.000,52.000,9.000,67.000,55.000,20.000,12.000,77.000,81.000,82.000,79.000,25.000,21.000,3.000,81.000,68.000,39.000,99.000,35.000
68.000,94.000,82.000,57.000,73.000,17.000,92.000,27.000,98.000,20.000,1.000,56.000,16.000,71.000,71.000,20.000,30.000,80.000,83.000,59.000,25.000,85.000,35.000,62.000,22.000,8.000,76.000,58.000,13.000,39.000,55.000,54.000,21.000,18.000,22.000,6.000,2.000,41.000,9.000,52.000,63.000,62.000,58.000,10.000,25.000,80.000,94.000,94.000,46.000,5.000,41.000,88.000,22.000,48.000,53.000,74.000,58.000,36.000,25.000,26.000,48.000,34.000,47.000,24.000,76.000,56.000,82.000,38.000,2.000,67.000,26.000,42.000,46.000,82.000,73.000,67.000,18.000,80.000,54.000,39.000
10.000,57.000,60.000,3.000,2.000,68.000,75.000,88.000,7.000,35.000,68.000,83.000,52.000,50.000,34.000,83.000,4.000,35.000,17.000,21.000,20.000,91.000,78.000,27.000,44.000,59.000,73.000,35.000,3.000,69.000,74.000,30.000,55.000,16.000,88.000,22.000,85.000,76.000,54.000,25.000,16.000,76.000,31.000,20.000,83.000,75.000,33.000,35.000,90.000,66.000,19.000,72.000,8.000,11.000,3.000,27.000,9.000,67.000,52.000,49.000,85.000,20.558,27.000,52.000,39.000,82.000,9.000,81.000,42.000,69.000,33.000,76.000,80.000,93.000,74.000,13.000,36.000,89.000,8.000,88.000
64.000,66.000,50.000,80.000,96.000,38.000,96.000,58.000,30.000,33.000,85.000,74.000,99.000,98.000,9.000,26.000,4.000,22.000,85.000,41.000,53.000,85.000,33.000,57.000,89.000,55.000,3.000,29.000,49.000,7.000,99.000,87.000,12.000,74.000,71.000,68.000,97.000,21.000,88.000,18.000,34.000,65.000,88.000,69.000,81.000,3.000,38.000,81.000,99.000,32.000,41.000,50.000,87.000,17.000,43.000,98.000,95.000,36.000,58.000,36.000,60.000,41.000,75.000,11.000,84.000,16.000,3.000,8.000,18.000,4.000,79.000,59.000,100.000,11.000,29.000,25.000,52.000,1.000,34.000,86.000
65.000,90.000,94.000,45.000,72.000,9.000,99.000,34.000,25.000,53.000,33.000,13.000,29.000,88.000,87.000,20.000,49.000,58.000,14.000,63.000,24.000,77.000,78.000,48.000,52.000,20.000,55.000,35.000,38.000,46.000,65.000,19.000,7.000,21.000,37.000,67.000,79.000,11.000,64.000,66.000,48.000,40.000,69.000,83.000,57.000,62.000,24.000,83.000,73.000,40.000,93.000,19.000,16.000,85.000,60.000,34.000,60.000,7.000,20.000,85.000,90.000,98.000,6.000,97.000,96.000,32.000,52.000,35.000,46.000,54.000,53.000,36.000,16.000,79.000,19.000,70.000,71.000,82.000,77.000,89.000
13.000,98.000,40.000,79.000,32.000,26.000,45.000,96.000,14.000,82.000,48.000,86.000,31.000,19.000,3.000,21.000,41.000,21.000,95.000,50.000,29.000,53.000,22.000,56.000,49.000,2.000,12.000,5.000,84.000,35.000,75.000,40.000,31.000,53.000,45.000,38.000,78.000,16.000,67.000,74.000,97.000,25.429,19.000,61.000,46.000,69.000,23.000,89.000,97.000,86.000,20.000,66.000,28.000,14.000,5.000,75.000,37.000,20.000,39.000,64.000,80.000,43.000,7.000,95.000,15.000,28.000,47.000,78.000,26.000,50.000,69.000,50.000,20.000,84.000,42.000,39.000,16.000,11.000,37.000,66.000
33.000,12.000,22.000,50.000,5.000,52.000,24.000,85.000,9.000,100.000,16.039,85.000,26.000,35.000,61.000,41.000,8.000,20.000,80.000,74.000,96.000,77.000,65.000,7.000,80.000,6.000,41.000,83.000,91.000,41.000,85.000,18.000,65.000,74.000,86.000,33.000,76.000,5.000,32.000,97.000,13.000,15.000,89.000,61.000,30.000,90.000,5.000,74.000,13.000,100.000,9.000,2.000,77.000,24.000,61.000,66.000,51.000,54.000,76.000,98.000,19.000,48.000,77.000,79.000,15.000,64.000,2.000,86.000,29.000,9.000,77.000,47.000,13.000,35.000,100.000,33.000,55.000,67.000,6.000,32.000
6.000,29.000,56.000,86.000,17.000,9.000,69.000,13.000,39.000,92.000,59.000,2.000,17.000,68.000,26.000,91.000,49.000,73.000,81.000,3.000,36.000,8.000,64.000,26.000,79.000,70.000,68.000,8.000,21.000,56.000,34.000,97.000,93.000,34.000,59.000,82.000,9.000,63.000,6.000,80.000,38.000,22.000,59.000,25.000,85.000,66.000,16.000,93.000,12.000,89.000,3.000,9.000,30.000,96.000,25.000,22.000,59.000,25.000,39.000,53.000,51.000,84.000,54.000,59.000,64.000,67.000,79.000,98.000,18.000,41.000,24.000,94.000,72.000,34.000,95.000,42.000,90.000,81.000,60.000,8.000
25.000,44.000,78.000,51.000,32.000,46.000,58.000,100.000,92.000,32.000,71.000,35.000,61.000,78.000,91.000,81.000,36.000,33.000,23.000,2.000,7.000,25.000,87.000,43.000,93.000,11.000,44.000,10.000,76.000,70.000,92.000,45.000,64.000,14.000,5.000,80.000,72.000,83.000,2.000,78.000,26.000,82.000,43.000,71.000,98.000,37.000,10.000,31.000,85.000,94.000,84.000,90.000,4.000,45.000,73.000,13.026,7.000,9.000,63.000,40.000,96.000,24.000,4.000,31.000,91.000,51.000,70.000,83.000,2.000,51.000,20.000,64.000,88.000,35.000,63.000,1.000,70.000,45.000,93.000,31.000
79.000,91.000,89.000,99.000,57.000,9.000,62.000,93.000,49.000,41.000,47.000,5.000,28.000,1.000,75.000,74.000,69.000,7.000,43.000,36.000,93.000,33.000,30.000,96.000,42.000,76.000,62.000,67.000,9.000,21.000,83.000,69.000,87.000,78.000,7.000,31.000,54.000,75.000,81.000,23.000,23.000,61.000,83.000,89.000,58.000,94.000,86.000,99.000,10.000,30.000,8.000,30.000,1.000,56.000,31.000,15.000,20.000,64.000,61.000,61.000,84.000,48.000,98.000,73.000,81.000,91.000,43.000,50.000,59.000,43.000,76.000,31.000,36.000,22.000,21.000,41.000,54.000,79.000,69.000,68.000
8.000,68.000,54.000,9.000,95.000,11.000,42.000,59.000,74.000,50.000,6.000,68.000,67.000,43.000,21.000,67.000,4.000,36.000,20.000,97.000,15.000,64.000,65.000,9.000,11.000,6.000,48.000,2.000,56.000,91.000,12.000,87.000,100.000,59.000,25.000,85.000,82.000,55.000,13.000,72.000,44.000,12.000,33.000,84.000,61.000,90.000,40.000,43.000,40.000,31.000,87.000,1.000,63.000,37.000,58.000,34.000,68.000,95.000,100.000,35.000,94.000,4.000,12.000,18.000,62.000,78.000,38.000,39.000,1.000,70.000,53.000,48.000,37.000,27.000,43.000,8.000,39.000,26.000,34.000,95.000
63.000,38.000,16.000,41.000,80.000,7.000,41.000,32.000,49.000,39.000,33.000,57.000,12.000,45.000,21.000,90.000,89.000,76.000,4.000,75.000,70.000,81.000,43.000,54.000,11.000,7.000,33.000,70.000,87.000,78.000,76.000,100.000,82.000,25.000,10.000,32.000,39.000,98.000,80.000,11.000,65.000,36.000,89.000,75.000,75.000,52.000,40.000,83.000,6.000,44.000,23.000,7.000,63.000,18.000,78.000,68.000,58.000,16.000,44.000,41.000,61.000,78.000,52.000,76.000,23.000,89.000,10.000,52.000,40.000,29.000,29.000,63.000,43.000,52.000,35.000,31.000,3.000,44.000,10.000,69.000
93.000,41.000,94.000,43.000,92.000,49.000,62.000,19.000,85.000,21.000,50.000,88.000,7.000,75.000,21.000,51.000,26.000,100.000,74.000,28.000,34.000,7.000,33.000,72.000,53.000,97.000,36.000,73.000,25.000,9.000,86.000,46.000,39.000,50.000,46.000,31.000,96.000,5.000,98.000,100.000,75.000,65.000,53.000,40.000,86.000,32.000,13.000,97.000,93.000,92.000,28.000,75.000,73.000,47.000,1.000,100.000,91.000,55.000,8.000,18.000,10.000,20.000,64.000,39.000,13.000,10.000,82.000,60.000,42.000,35.000,96.000,3.000,48.000,41.000,13.000,49.000,99.000,68.000,6.000,37.000
18.000,75.000,56.000,39.000,47.000,60.000,68.000,25.000,39.000,1.000,8.000,48.000,96.000,42.000,35.000,44.000,36.000,30.000,80.000,92.000,95.000,48.000,54.000,30.000,55.000,83.000,49.000,72.000,5.000,8.000,39.000,41.000,100.000,70.000,63.000,6.000,57.000,88.000,87.000,17.000,9.000,17.000,80.000,22.000,55.000,64.000,97.000,10.000,9.000,82.000,28.000,65.000,21.000,97.000,94.000,53.000,34.000,8.000,25.000,8.000,41.000,1.000,75.000,95.000,14.000,77.000,82.000,46.000,43.000,64.000,87.000,81.000,37.000,12.000,43.000,21.000,52.000,95.000,43.000,11.779
19.000,95.000,31.000,42.000,18.000,69.000,81.000,99.000,16.000,67.000,43.000,63.000,21.000,8.000,61.000,82.000,43.000,24.000,7.000,84.000,25.000,80.000,14.000,30.000,40.000,21.000,49.000,28.000,29.000,6.000,1.000,90.000,25.000,76.000,7.000,63.000,59.000,77.000,87.000,94.000,57.000,59.000,5.000,85.000,67.000,95.000,84.000,36.000,58.000,57.000,87.000,64.000,37.000,70.000,60.000,53.000,12.000,58.000,58.000,51.000,66.000,64.000,84.000,28.000,11.000,75.000,37.000,90.000,82.000,44.000,43.000,69.000,47.000,50.000,57.000,97.000,53.000,81.000,72.000,98.000
77.000,97.000,57.000,43.000,2.000,14.000,85.000,56.000,16.000,58.000,38.000,74.000,98.000,59.000,6.000,18.000,36.000,26.000,17.000,10.000,37.000,46.000,49.000,57.000,34.000,33.000,9.195,12.000,36.000,64.000,85.000,73.000,9.000,60.000,48.000,19.000,37.000,100.000,64.000,59.000,22.000,28.000,78.000,79.000,90.000,47.000,8.000,44.000,2.000,5.000,78.000,20.000,97.000,15.000,37.000,55.000,17.000,56.000,77.000,75.000,21.000,36.000,15.000,94.000,28.000,29.000,5.000,99.000,90.000,56.000,95.000,100.000,2.000,73.000,37.000,16.000,31.078,37.000,40.000,35.000
80.000,39.000,62.000,39.000,59.000,80.000,83.000,57.000,10.000,35.000,37.000,72.000,69.000,20.000,87.000,49.000,21.000,92.000,34.000,99.000,64.000,4.000,2.000,91.000,94.000,12.000,12.000,86.000,14.000,41.000,91.000,59.000,54.000,98.000,18.000,73.000,52.000,100.000,91.000,86.000,20.000,21.000,78.000,12.000,40.000,33.000,80.000,31.000,46.000,26.000,41.000,4.000,46.000,35.000,3.000,49.000,28.000,5.000,62.000,55.000,90.000,75.000,84.000,19.000,93.000,57.000,83.000,53.000,44.000,42.000,93.000,86.000,37.000,11.000,78.000,19.000,65.000,76.000,32.000,42.000
62.000,39.000,99.000,9.000,80.000,8.000,46.000,30.000,44.000,13.000,79.000,93.000,40.000,43.000,38.000,76.000,83.000,31.000,4.000,71.000,25.000,44.000,60.000,39.000,92.000,3.000,58.000,79.000,20.000,91.000,9.000,44.000,91.000,49.000,94.000,7.000,24.000,44.000,70.000,51.000,76.000,89.000,40.000,60.000,64.000,26.000,45.000,83.000,88.000,18.000,71.000,22.000,88.000,27.000,13.000,62.000,62.000,30.000,89.000,96.000,73.000,15.000,68.000,71.000,22.000,57.000,94.000,84.000,6.000,44.000,94.000,52.000,48.000,52.000,78.000,76.000,67.000,11.000,3.000,29.000
5.000,95.000,32.000,41.000,42.000,8.000,31.000,92.000,17.000,4.000,54.000,77.000,14.000,87.000,80.000,96.000,29.000,26.000,92.000,66.000,93.000,78.000,69.000,85.000,68.000,5.000,16.000,9.000,89.000,21.000,4.000,96.000,77.000,24.000,62.000,71.000,54.000,64.000,83.000,89.000,85.000,92.000,81.000,73.000,72.000,77.000,45.000,78.000,25.000,2.000,50.000,82.000,33.000,45.000,89.000,2.000,6.000,62.000,1.000,52.000,25.000,72.000,11.000,81.000,57.000,30.000,25.000,8.000,43.000,28.000,61.000,92.000,47.000,81.000,5.000,67.000,53.000,40.000,72.000,39.000
31.000,14.000,68.000,32.000,65.000,27.000,75.000,5.000,71.000,78.000,13.000,9.000,56.000,90.000,35.000,86.000,36.000,26.000,51.000,89.000,84.000,85.000,38.000,65.000,1.000,95.000,40.000,14.000,82.000,79.000,66.000,19.000,47.000,63.000,74.000,88.000,96.000,87.000,81.000,60.000,41.000,43.000,87.000,64.000,17.000,33.000,32.000,79.000,19.000,4.000,38.000,84.000,71.000,100.000,2.000,92.000,62.000,54.000,61.000,57.000,55.000,60.000,42.000,51.000,21.000,27.000,51.000,70.000,46.000,33.000,93.000,43.000,60.000,80.000,80.000,76.000,26.000,51.000,22.000,83.000
26.000,52.000,64.000,74.000,14.000,5.000,96.000,98.000,50.000,24.000,100.000,12.000,54.000,95.000,74.000,32.000,14.000,41.000,37.000,66.000,1.000,34.000,37.000,34.000,77.000,14.000,75.000,16.000,12.000,14.000,80.000,12.000,19.000,77.000,72.000,57.000,89.000,42.000,41.000,80.000,1.000,95.000,53.000,37.000,64.000,62.000,90.000,41.000,88.000,75.000,90.000,99.000,1.000,94.000,38.000,39.000,49.000,31.000,68.000,35.000,49.000,44.000,85.000,11.000,40.000,13.000,33.000,15.000,8.000,100.000,28.000,17.000,91.000,33.000,66.000,43.000,62.000,36.000,99.000,22.000
4.000,27.000,67.000,89.000,14.000,4.000,70.000,85.000,80.000,43.000,10.000,58.000,57.000,42.000,46.000,17.000,99.000,38.000,92.000,73.000,91.000,24.000,51.000,74.000,12.000,52.000,8.000,67.000,99.000,91.000,92.000,88.000,4.000,48.000,15.000,68.000,5.000,60.000,24.000,86.000,36.000,58.000,90.000,31.000,4.000,69.000,36.000,59.000,26.000,8.000,33.000,16.000,14.000,8.000,90.000,26.000,90.000,60.000,55.000,6.000,44.000,99.000,66.000,32.000,87.000,61.000,54.000,94.000,20.000,37.000,95.000,28.000,49.000,30.000,23.000,46.000,3.000,70.000,32.000,73.000
100.000,12.000,6.000,58.000,22.000,4.000,88.000,89.000,14.000,45.000,49.000,68.000,18.000,53.000,50.000,43.000,66.000,72.000,64.000,29.000,99.000,27.000,24.000,43.000,85.000,61.000,46.000,75.000,12.000,1.000,55.000,69.000,85.000,51.000,56.000,66.000,87.000,80.000,18.000,13.000,98.000,47.000,87.000,79.000,53.000,6.000,36.000,32.000,15.000,88.000,12.000,95.000,46.000,55.000,74.000,55.000,90.000,18.000,3.000,90.000,83.000,15.000,60.000,26.000,48.000,64.000,51.000,2.000,35.000,91.000,42.000,51.000,12.000,62.000,43.000,99.000,44.000,60.000,24.000,23.000
30.000,39.000,67.000,47.000,94.000,95.000,37.000,69.000,22.000,1.000,4.000,71.000,9.000,86.000,19.000,100.000,87.000,76.000,34.000,76.000,91.000,93.000,4.000,83.000,37.000,64.000,30.000,37.000,49.000,50.000,19.260,91.000,39.000,91.000,9.000,78.000,99.000,37.000,57.000,27.000,12.000,29.000,66.000,22.000,12.000,26.000,50.000,98.000,21.481,7.000,72.000,61.000,58.000,36.000,30.000,80.000,100.000,9.000,61.000,84.000,59.000,3.000,31.000,73.000,82.000,6.000,49.000,95.000,12.000,13.000,27.000,85.000,52.000,68.000,19.143,43.000,35.000,24.000,90.000,95.000
32.000,57.000,6.000,74.000,91.000,80.000,16.000,62.000,42.000,86.000,61.000,76.000,79.000,89.000,41.000,70.000,98.000,51.000,68.000,46.000,9.000,38.000,56.000,44.000,59.000,68.000,86.000,94.000,61.000,47.000,38.000,1.000,95.000,1.000,60.000,34.000,76.000,21.000,36.000,98.000,91.000,96.000,4.000,69.000,47.000,73.000,46.000,40.000,34.000,54.000,97.000,61.000,99.000,19.000,38.000,99.000,56.000,74.000,24.000,60.000,13.000,66.000,18.000,35.000,27.000,7.000,87.000,17.000,92.000,45.000,52.000,41.000,30.000,3.000,42.000,37.000,83.000,84.000,4.000,42.000
86.000,88.000,61.000,44.000,51.000,35.000,61.000,99.000,4.000,92.000,54.000,77.000,2.000,48.000,74.000,70.000,42.000,31.000,26.000,93.000,40.000,13.000,66.000,70.000,22.000,22.000,67.000,55.000,9.000,45.000,71.000,95.000,47.000,17.000,98.000,42.000,63.000,37.000,60.000,32.000,48.000,69.000,4.000,60.000,66.000,24.000,30.000,46.000,41.000,53.000,99.000,12.000,54.000,89.000,99.000,85.000,12.000,36.000,52.000,68.000,53.000,15.000,73.000,80.000,18.000,100.000,81.000,69.000,98.000,67.000,41.000,57.000,29.000,20.000,57.000,7.000,87.000,38.000,55.000,100.000
24.000,60.000,17.000,89.000,18.000,63.000,15.000,37.000,94.000,20.000,44.000,10.000,80.000,5.000,26.000,2.000,95.000,99.000,39.000,16.000,48.000,71.000,26.000,7.000,1.000,48.000,93.000,54.000,96.000,92.000,9.000,82.000,42.000,78.000,67.000,21.000,11.000,26.000,14.000,59.000,89.000,81.000,47.000,64.000,58.000,8.000,48.000,41.000,40.000,25.000,10.000,60.000,38.000,25.000,39.000,24.000,21.000,28.000,88.000,46.000,63.000,29.000,34.000,29.000,28.000,7.000,44.000,58.000,10.000,32.000,87.000,60.000,16.000,79.000,89.000,39.000,91.000,37.000,81.000,99.000
13.000,43.000,52.000,84.000,20.000,100.000,12.000,35.000,26.000,87.000,51.000,66.000,94.000,94.000,83.000,17.000,1.000,28.000,97.000,94.000,6.000,31.000,18.000,13.000,35.000,7.000,61.000,44.000,99.000,59.000,61.000,49.000,58.000,90.000,12.000,68.000,75.000,53.000,20.000,59.000,43.000,3.000,34.000,23.000,66.000,84.000,65.000,57.000,40.000,95.000,66.000,75.000,64.000,79.000,89.000,40.000,88.000,98.000,42.000,33.000,66.000,69.000,78.000,72.000,98.000,16.000,15.000,47.000,83.000,26.000,89.000,93.000,76.000,53.000,4.000,93.000,9.000,83.000,91.000,51.000
26.000,7.000,26.000,26.000,36.000,2.000,43.000,100.000,55.000,56.000,46.000,97.000,70.000,71.000,17.000,27.000,78.000,84.000,7.000,52.000,31.000,34.000,34.000,96.000,64.000,28.000,11.000,10.000,10.000,72.000,37.000,48.000,50.000,84.000,21.000,83.000,40.000,42.000,73.000,71.000,27.000,47.000,43.000,45.000,89.000,86.000,72.000,89.000,68.000,48.000,61.000,63.000,2.000,52.000,67.000,18.000,35.000,88.000,72.000,17.000,36.000,68.000,49.000,69.000,24.000,50.000,94.000,58.000,96.000,52.000,73.000,91.000,73.000,87.000,83.000,2.000,98.000,46.000,95.000,45.000
46.000,57.000,36.000,85.000,30.000,28.000,33.000,29.000,14.000,59.000,76.000,43.000,72.000,27.000,11.000,46.000,45.000,24.000,44.000,31.000,51.000,72.000,1.000,7.000,65.000,45.000,13.000,21.000,39.000,33.000,83.000,60.000,46.000,100.000,2.000,82.000,3.000,8.000,48.000,28.000,22.000,26.000,86.000,26.000,80.000,21.000,93.000,21.000,33.000,4.000,95.000,18.000,74.000,77.000,96.000,11.000,23.000,56.000,9.000,66.000,97.000,78.000,82.000,73.000,64.000,80.000,57.000,32.000,74.000,40.000,17.000,18.000,90.000,36.000,31.000,52.000,71.000,7.000,12.000,67.000
20.000,67.000,59.000,20.000,16.000,13.000,59.000,93.000,8.000,96.000,58.000,77.000,72.000,95.000,91.000,70.000,63.000,27.000,19.000,69.000,46.000,23.000,45.000,50.000,91.000,23.000,43.000,79.000,4.000,48.000,68.000,52.000,95.000,56.000,36.000,89.000,79.000,83.000,77.000,87.000,95.000,6.000,48.000,36.000,52.000,88.000,12.000,9.000,70.000,1.000,81.000,7.000,17.000,79.000,34.000,55.000,57.000,68.000,10.000,23.000,47.000,51.000,86.000,75.000,20.000,52.000,1.000,2.000,73.000,71.000,20.000,54.000,9.000,100.000,40.000,95.000,49.000,97.000,95.000,93.000
41.000,60.000,56.000,79.000,68.000,1.000,39.000,23.000,78.000,88.000,30.000,2.000,5.000,76.000,64.000,95.000,68.000,41.000,72.000,41.000,62.000,17.000,17.000,55.000,48.000,79.000,18.000,67.000,84.000,16.000,90.000,85.000,76.000,11.000,9.000,38.000,36.000,97.000,49.000,100.000,93.000,24.000,8.000,95.000,8.000,16.000,74.000,53.000,98.000,69.000,3.000,4.000,99.000,52.000,64.000,16.000,57.000,53.000,9.000,4.000,83.000,72.000,89.000,46.000,97.000,8.273,5.000,59.000,12.000,75.000,4.000,34.000,24.000,99.000,21.000,79.000,73.000,24.000,1.000,45.000
1.000,41.000,25.000,37.000,45.000,96.000,78.000,51.000,64.000,90.000,76.000,86.000,89.000,26.000,96.000,2.000,78.000,55.000,9.000,47.000,7.000,60.000,84.000,76.000,83.000,42.000,56.000,93.000,93.000,99.000,56.000,89.000,50.000,94.000,83.000,45.000,20.000,24.000,57.000,96.000,9.000,46.000,69.000,98.000,52.000,4.000,30.000,65.000,68.000,45.000,11.000,35.000,83.000,82.000,92.000,14.000,49.000,46.000,64.000,57.000,26.000,90.000,84.000,73.000,76.000,49.000,97.000,60.000,91.000,19.000,39.000,71.000,69.000,87.000,30.000,26.000,30.000,87.000,82.000,17.000
63.000,38.000,96.000,22.000,12.000,3.000,76.000,65.000,39.000,76.000,60.000,88.000,82.000,79.000,25.000,9.000,54.000,45.000,40.000,1.000,4.000,56.000,17.000,93.000,63.000,64.000,44.000,67.000,58.000,9.000,19.000,13.000,52.000,38.000,72.000,28.000,17.000,70.000,17.000,47.000,84.000,40.000,15.000,21.000,41.000,96.000,76.000,94.000,20.000,38.000,64.000,89.000,42.000,77.000,54.000,58.000,98.000,81.000,71.000,20.000,93.000,71.000,3.000,84.000,30.000,37.000,95.000,13.000,77.000,51.000,98.000,76.000,71.000,48.000,70.000,73.000,38.000,14.000,43.000,31.000
39.000,83.000,91.000,65.000,44.000,59.000,77.000,82.000,83.000,29.000,67.000,17.000,100.000,51.000,81.000,34.000,52.000,4.000,86.000,21.000,74.000,43.000,37.000,96.000,26.000,51.000,28.000,55.000,14.000,97.000,6.000,79.000,23.000,93.000,64.000,78.000,28.000,29.000,91.000,47.000,83.000,8.000,63.000,3.000,58.000,74.000,37.000,14.000,41.000,3.000,79.000,7.000,30.000,14.000,27.000,42.000,15.000,4.000,59.000,49.000,30.000,8.000,21.000,16.000,62.000,93.000,25.000,71.000,35.000,1.000,2.000,97.000,13.000,86.000,46.000,57.000,52.000,17.000,100.000,16.000
61.000,82.000,77.000,82.000,40.000,6.000,56.000,91.000,87.000,13.000,20.000,5.000,26.000,92.000,36.000,78.000,62.000,70.000,6.000,86.000,42.000,98.000,6.000,77.000,89.000,87.000,36.000,25.000,84.000,27.000,75.000,22.000,82.000,72.000,42.000,74.000,36.000,31.000,20.000,26.000,47.000,45.000,47.000,96.000,59.000,84.000,21.000,73.000,63.000,52.000,45.000,38.000,14.000,79.000,50.000,33.000,11.000,96.000,44.000,81.000,35.000,78.000,87.000,18.000,22.000,36.000,58.000,65.000,22.000,66.000,30.000,41.000,85.000,100.000,91.000,17.000,29.000,92.000,59.000,3.000
46.000,87.000,40.000,79.000,28.000,11.000,21.000,82.000,56.000,41.000,64.000,62.000,9.000,38.000,43.000,96.000,3.000,75.000,25.000,3.000,32.000,50.000,86.000,44.000,72.000,67.000,98.000,74.000,39.000,84.000,35.000,23.000,96.000,83.000,50.000,99.000,81.000,19.000,12.000,35.000,94.000,38.000,91.000,64.000,59.000,54.000,22.000,77.000,89.000,73.000,27.000,70.000,29.000,72.000,54.000,11.000,62.000,78.000,9.000,10.000,17.000,27.000,20.000,2.000,54.000,46.000,35.000,44.000,11.000,16.000,29.000,15.000,52.000,57.000,14.000,66.000,59.000,58.000,43.000,83.000
80.000,59.000,82.000,66.000,52.000,33.000,84.000,6.000,56.000,64.000,20.000,55.000,32.000,12.000,82.000,76.000,72.000,30.000,18.000,48.000,29.000,78.000,61.000,32.000,38.000,45.000,42.000,25.000,56.000,60.000,96.000,94.000,62.000,62.000,56.000,55.000,70.000,2.000,89.000,82.000,48.000,30.000,96.000,84.000,2.000,91.000,4.000,82.000,49.000,33.000,51.000,32.000,77.000,26.000,78.000,59.000,72.000,75.000,91.000,86.000,57.000,23.000,36.000,22.000,42.000,34.000,36.000,49.000,47.000,26.000,58.000,18.000,36.000,37.000,84.000,58.000,49.000,89.000,18.000,49.000
43.000,4.000,57.000,7.000,11.000,35.000,87.000,25.000,25.000,21.000,80.000,95.000,7.000,63.000,21.000,51.000,5.935,75.000,26.000,28.000,100.000,82.000,34.000,76.000,19.000,54.000,94.000,48.000,90.000,70.000,43.000,87.000,49.000,2.000,81.000,36.000,94.000,16.000,100.000,77.000,6.000,26.000,37.000,41.000,13.000,94.000,46.000,12.000,76.000,1.000,29.000,41.000,22.000,99.000,2.000,66.000,48.000,1.000,15.000,27.000,4.000,54.000,54.000,28.000,35.000,89.000,56.000,98.000,26.000,8.000,62.000,3.000,77.000,33.000,17.000,14.000,65.000,55.000,54.000,85.000
13.000,87.000,69.000,10.000,96.000,58.000,39.000,22.000,32.000,89.000,67.000,98.000,59.000,23.000,61.000,85.000,61.000,45.000,96.000,49.000,86.000,91.000,55.000,94.000,98.000,9.000,26.000,37.000,35.000,21.000,69.000,32.000,93.000,6.000,55.000,57.000,92.000,64.000,100.000,52.000,35.000,51.000,87.000,69.000,79.000,51.000,24.000,25.000,98.000,92.000,96.000,2.000,70.000,22.000,64.000,77.000,65.000,83.000,61.000,50.000,77.000,88.000,15.000,57.000,73.000,7.000,16.000,80.000,53.000,18.000,72.000,22.000,31.000,96.000,48.000,50.000,50.000,10.000,24.000,10.000
27.000,37.000,2.000,6.000,38.000,22.000,81.000,32.000,87.000,35.000,15.000,76.000,66.000,10.000,4.000,22.000,85.000,89.000,6.000,69.000,82.000,84.000,67.000,79.000,13.000,61.000,81.000,6.000,80.000,6.000,55.000,98.000,21.000,24.000,62.000,73.000,43.000,94.000,19.000,98.000,40.000,47.000,79.000,99.000,81.000,47.000,35.000,9.000,43.000,66.000,50.000,46.000,54.000,37.000,54.000,22.000,53.000,40.000,64.000,15.000,45.000,13.000,77.000,40.000,98.000,48.000,85.000,67.000,92.000,10.000,56.000,50.000,42.000,80.000,97.000,98.000,39.000,36.000,26.000,44.000
57.000,39.000,84.000,76.000,24.000,91.000,28.000,65.000,42.000,24.000,39.000,50.000,39.000,34.000,72.000,38.000,8.000,38.000,71.000,100.000,23.000,20.000,99.000,48.000,55.000,22.000,96.000,13.000,68.000,94.000,16.000,48.000,37.000,87.000,77.000,13.000,57.000,37.000,22.000,27.000,97.000,49.000,22.000,68.000,49.000,73.000,62.000,2.000,97.000,69.000,14.000,37.000,44.000,14.000,69.000,8.000,21.000,37.000,46.000,96.000,36.000,93.000,66.000,10.000,99.000,96.000,41.000,26.000,36.000,38.000,91.000,94.000,53.000,3.000,20.000,43.000,54.000,8.000,73.000,91.000
42.000,21.000,69.000,41.000,65.000,96.000,33.000,50.000,30.000,81.000,68.000,3.000,68.000,64.000,86.000,35.000,66.000,89.000,95.000,8.000,54.000,81.000,72.000,9.000,82.000,55.000,41.000,44.000,44.000,2.000,96.000,9.000,38.000,70.000,42.000,18.000,32.000,81.000,78.000,4.000,27.000,79.000,82.000,52.000,94.000,81.000,23.000,21.000,54.000,63.000,46.000,55.000,7.000,36.000,57.000,32.000,88.000,9.000,8.000,44.000,99.000,91.000,91.000,91.000,32.000,89.000,8.000,2.000,90.000,78.000,1.000,3.000,10.000,56.000,19.143,75.000,54.000,50.000,49.000,89.000
74.000,87.000,2.000,78.000,90.000,22.000,1.000,20.000,33.000,11.000,92.000,27.000,23.000,10.000,56.000,23.000,95.000,38.000,7.000,100.000,84.000,69.000,45.000,81.000,58.000,51.000,52.000,1.000,98.000,62.000,15.000,81.000,22.000,54.000,59.000,4.000,70.000,49.000,58.000,3.000,47.000,89.000,80.000,18.818,85.000,99.000,83.000,56.000,41.000,51.000,43.000,47.000,8.000,19.000,16.000,85.000,25.000,79.000,81.000,40.000,94.000,92.000,95.000,95.000,6.000,69.000,29.000,11.000,99.000,91.000,14.000,88.000,22.000,7.000,24.000,65.000,41.000,85.000,77.000,27.000
5.000,82.000,39.000,19.000,49.000,49.000,22.000,88.000,44.000,60.000,43.000,3.000,98.000,24.000,75.000,51.000,22.000,96.000,78.000,7.000,64.000,88.000,26.000,91.000,8.000,92.000,69.000,93.000,80.000,28.000,28.000,23.000,46.000,75.000,51.000,4.000,18.000,16.000,14.000,75.000,64.000,58.000,89.000,61.000,49.000,17.000,77.000,23.000,6.000,55.000,87.000,30.000,42.000,70.000,22.000,58.000,46.000,86.000,42.000,25.000,78.000,13.000,27.000,2.000,19.000,51.000,76.000,50.000,4.351,87.000,30.000,79.000,18.000,5.000,60.000,84.000,11.000,2.000,81.000,3.000
49.000,86.000,100.000,92.000,93.000,60.000,93.000,12.000,15.000,21.000,77.000,59.000,90.000,7.000,33.000,24.000,91.000,56.000,96.000,76.000,100.000,78.000,50.000,17.000,65.000,92.000,87.000,11.000,15.000,48.000,74.000,41.000,76.000,93.000,2.000,97.000,39.000,52.000,67.000,90.000,24.000,87.000,73.000,90.000,92.000,28.000,30.000,20.000,62.000,70.000,22.000,27.000,89.000,87.000,62.000,49.000,6.000,41.000,10.000,50.000,92.000,87.000,40.000,57.000,54.000,77.000,83.000,95.000,89.000,27.000,38.000,69.000,96.000,98.000,100.000,8.000,86.000,21.000,17.000,17.000
71.000,20.000,90.000,96.000,96.000,1.000,80.000,79.000,38.000,57.000,26.000,14.000,84.000,50.000,43.000,2.000,11.000,22.000,15.000,96.000,80.000,13.000,9.000,24.000,34.000,8.000,50.000,84.000,12.000,11.000,31.000,94.000,45.000,96.000,61.000,82.000,43.000,29.000,74.000,9.000,66.000,24.000,59.000,23.000,8.000,29.000,6.000,33.000,57.000,85.000,85.000,54.000,34.000,2.000,44.000,17.000,23.000,88.000,32.000,27.000,94.000,35.000,60.000,75.000,16.000,31.000,8.000,31.000,23.000,21.000,44.000,1.000,16.000,55.000,50.000,87.000,79.000,91.000,71.000,17.000
29.000,13.000,90.000,62.000,41.000,61.000,81.000,61.000,75.000,21.000,33.000,9.000,99.000,6.000,18.000,66.000,13.000,9.000,67.000,50.000,40.000,19.000,91.000,58.000,80.000,32.000,53.000,50.000,33.000,2.000,57.000,72.000,95.000,37.000,25.000,51.000,20.000,71.000,70.000,92.000,12.000,44.000,3.000,76.000,44.000,64.000,68.000,22.000,26.000,50.000,24.000,17.000,100.000,66.000,77.000,31.000,12.000,69.000,49.000,31.000,7.000,63.000,34.000,34.000,24.000,95.000,16.000,65.000,92.000,48.000,6.000,93.000,21.000,75.000,81.000,52.000,80.000,24.000,96.000,51.000
15.000,89.000,46.000,74.000,68.000,88.000,15.000,99.000,57.000,1.000,27.000,13.000,61.000,32.000,39.000,54.000,36.000,46.000,33.000,3.000,83.000,9.000,39.000,41.000,43.000,26.000,21.000,90.000,59.000,2.000,9.000,18.000,8.000,59.000,100.000,18.000,28.000,15.000,19.000,24.000,80.000,37.000,10.000,28.000,4.000,63.000,36.000,35.000,82.000,69.000,89.000,71.000,84.000,96.000,64.000,94.000,55.000,41.000,79.000,39.000,57.000,78.000,75.000,10.000,35.000,31.000,27.000,13.000,6.000,52.000,56.000,98.000,65.000,6.000,93.000,21.000,20.000,63.000,90.000,33.000
41.000,37.000,90.000,65.000,1.000,99.000,76.000,61.000,94.000,59.000,27.000,62.000,17.000,74.000,88.000,75.000,57.000,90.000,25.000,72.000,86.000,60.000,80.000,9.000,27.000,7.000,8.000,91.000,99.000,66.000,24.000,34.000,33.000,96.000,4.000,7.000,28.000,2.000,24.000,23.000,90.000,96.000,94.000,69.000,6.000,49.000,15.000,14.000,50.000,33.000,3.000,90.000,83.000,50.000,73.000,99.000,20.000,2.000,6.000,33.000,85.000,22.000,89.000,11.000,61.000,82.000,24.000,29.000,68.000,39.000,27.000,84.000,44.000,99.000,90.000,25.000,36.000,48.000,50.000,6.000
80.000,44.000,28.000,47.000,2.000,12.000,56.000,85.000,83.000,36.000,47.000,99.000,86.000,8.000,28.000,27.000,56.000,54.000,83.000,47.000,79.000,63.000,94.000,50.000,8.000,42.000,40.000,31.000,9.000,12.000,58.000,33.000,55.000,64.000,39.000,51.000,19.000,81.000,73.000,86.000,21.000,90.000,88.000,56.000,11.000,14.000,4.000,37.000,56.000,43.000,29.000,85.000,58.000,44.000,64.000,89.000,37.000,81.000,12.000,5.000,19.000,65.000,65.000,80.000,19.000,51.000,37.000,32.000,71.000,84.000,26.000,43.000,7.000,31.000,17.000,98.000,14.000,34.000,19.000,98.000
71.000,5.000,79.000,35.000,56.000,15.000,19.000,82.000,9.000,19.000,33.000,86.000,22.000,36.000,90.000,11.000,43.000,51.000,68.000,20.000,56.000,10.000,70.000,53.000,12.000,15.000,2.000,2.000,92.000,1.000,53.000,23.000,48.000,39.000,82.000,9.000,17.000,44.000,32.000,99.000,32.000,81.000,2.000,17.000,51.000,27.000,16.000,42.000,18.000,59.000,78.000,82.000,32.000,96.000,13.000,88.000,96.000,35.000,39.000,53.000,57.000,76.000,52.000,62.000,20.000,74.000,94.000,81.000,52.000,34.000,48.000,15.000,2.000,37.000,23.000,16.000,62.000,47.000,17.000,87.000
7.000,31.000,82.000,78.000,99.000,40.000,81.000,4.000,15.000,53.000,36.000,17.000,39.000,38.000,52.000,47.000,84.000,89.000,91.000,1.000,56.000,11.000,2.000,60.000,81.000,62.000,9.000,29.000,21.000,51.000,5.000,27.000,68.000,95.000,12.000,44.000,99.000,61.000,56.000,83.000,25.000,79.000,30.000,5.000,40.000,38.000,31.000,75.000,33.000,88.000,77.000,41.000,17.000,76.000,18.000,33.000,77.000,2.000,39.000,30.000,95.000,36.000,83.000,50.000,97.000,61.000,70.000,26.000,84.000,26.000,3.000,96.000,72.000,99.000,51.000,31.000,22.000,77.000,52.000,6.000
68.000,8.000,33.000,51.000,32.000,29.000,41.000,49.000,81.000,51.000,57.000,28.000,51.000,27.000,47.000,73.000,69.000,69.000,51.000,11.000,35.000,72.000,48.000,95.000,36.000,97.000,82.000,43.000,15.000,82.000,40.000,83.000,46.000,62.000,1.000,9.000,49.000,6.000,51.000,86.000,89.000,96.000,18.000,59.000,12.000,3.000,56.000,69.000,52.000,9.000,85.000,16.000,92.000,17.000,81.000,35.000,47.000,66.000,95.000,8.000,39.000,71.000,99.000,1.000,33.000,50.000,100.000,62.000,89.000,73.000,64.000,10.000,57.000,8.000,65.000,1.000,87.000,65.000,90.000,74.000
73.000,2.000,96.000,91.000,57.000,66.000,61.000,44.000,38.000,89.000,48.000,69.000,56.000,55.000,19.000,97.000,25.000,27.000,71.000,9.000,68.000,58.000,13.000,4.000,13.000,9.000,59.000,47.000,73.000,97.000,9.000,65.000,30.000,75.000,15.000,36.000,8.000,11.000,20.000,34.000,94.000,47.000,17.000,60.000,8.000,56.000,2.000,54.000,82.000,91.000,36.000,14.351,35.000,36.000,29.000,4.000,83.000,34.000,98.000,44.000,16.883,76.000,53.000,13.000,14.000,4.000,79.000,42.000,59.000,68.000,58.000,46.000,13.000,71.000,29.000,29.000,56.000,82.000,24.000,28.364
74.000,25.000,70.000,77.000,49.000,19.000,10.000,22.000,99.000,7.000,16.000,60.000,72.000,47.000,74.000,32.000,5.000,19.000,98.000,23.000,78.000,95.000,63.000,69.000,69.000,9.000,97.000,42.000,94.000,22.000,49.000,71.000,35.000,27.000,96.000,98.000,90.000,25.000,31.000,21.000,46.000,44.000,36.000,31.000,89.000,63.000,88.000,77.000,47.000,5.000,32.000,91.000,28.000,29.000,90.000,76.000,15.000,67.000,51.000,63.000,39.000,70.000,24.000,72.000,32.000,2.000,64.000,80.000,15.000,12.000,68.000,62.000,85.000,15.000,43.000,91.000,64.000,4.000,18.000,55.000
55.000,24.000,61.000,69.000,57.000,92.000,54.000,73.000,3.000,77.000,93.000,56.000,23.000,87.000,2.000,25.000,92.000,13.000,87.000,2.000,94.000,91.000,4.000,72.000,15.000,28.000,66.000,93.000,9.221,67.000,92.000,45.000,51.000,100.000,96.000,66.000,86.000,22.000,51.000,29.000,25.000,94.000,19.000,52.000,44.000,18.000,78.000,42.000,90.000,70.000,25.000,30.000,79.000,90.000,91.000,40.000,9.000,61.000,27.000,27.000,47.000,14.000,19.000,18.000,42.000,7.000,34.000,28.000,92.000,12.987,49.000,85.000,31.000,51.000,85.000,97.000,8.000,41.000,61.000,93.000
36.000,3.000,14.000,53.000,34.000,6.000,23.000,41.000,32.000,60.000,97.000,40.000,33.000,46.000,56.000,12.000,83.000,81.000,93.000,53.000,28.000,9.000,25.000,74.000,11.000,74.000,95.000,84.000,56.000,37.000,92.000,86.000,11.000,15.000,57.000,26.000,70.000,57.000,40.000,23.000,87.000,70.000,89.000,30.000,46.000,67.000,90.000,50.000,15.000,88.000,49.000,94.000,96.000,34.000,25.000,44.000,68.000,27.000,66.000,44.000,54.000,87.000,95.000,54.000,3.000,43.000,94.000,39.000,78.000,45.000,18.000,82.000,36.000,13.000,25.000,65.000,50.000,81.000,12.000,18.000
48.000,46.000,78.000,74.000,31.000,41.000,81.000,40.000,50.000,40.000,7.000,56.000,91.000,87.000,44.000,60.000,40.000,99.000,53.000,53.000,16.000,52.000,25.000,26.000,82.000,36.000,73.000,25.000,88.000,40.000,29.000,99.000,61.000,76.000,21.000,23.000,84.000,51.000,1.000,79.000,89.000,71.000,87.000,30.000,43.000,88.000,18.000,10.000,42.000,79.000,61.000,63.000,87.000,77.000,71.000,64.000,13.000,90.000,21.000,86.000,76.000,63.000,40.000,82.000,77.000,96.000,100.000,58.000,59.000,44.000,44.000,64.000,47.000,79.000,8.000,23.000,10.000,86.000,29.000,80.000
51.000,23.000,98.000,83.000,33.000,53.000,32.000,95.000,55.000,12.000,79.000,58.000,37.000,31.000,64.000,79.000,82.000,22.000,58.000,62.000,89.000,22.000,25.000,63.000,11.000,26.000,75.000,71.000,10.000,49.000,92.000,59.000,10.000,22.000,52.000,57.000,74.000,67.000,87.000,93.000,97.000,59.000,8.000,16.000,48.000,51.000,96.000,79.000,99.000,57.000,87.000,28.000,55.000,79.000,100.000,81.000,71.000,9.000,20.000,35.000,53.000,75.000,41.000,16.000,4.000,78.000,72.000,20.000,47.000,90.000,12.000,26.000,50.000,10.000,26.000,43.000,1.000,15.000,21.000,18.000
4.000,12.000,97.000,35.000,81.000,57.000,29.000,34.000,36.000,52.000,50.000,62.000,14.000,11.000,28.000,60.000,25.000,83.000,69.000,67.000,64.000,58.000,84.000,18.000,39.000,39.000,55.000,52.000,95.000,92.000,81.000,84.000,96.000,81.000,6.000,18.000,86.000,11.000,34.000,21.000,30.000,45.000,40.000,39.000,62.000,16.000,85.000,85.000,75.000,41.000,72.000,81.000,6.000,89.000,100.000,65.000,87.000,91.000,96.000,45.000,90.000,94.000,33.000,95.000,52.000,7.000,20.000,11.000,10.000,56.000,20.000,76.000,94.000,73.000,44.000,21.000,20.000,71.000,74.000,100.000
0.000,0.000,0.000,0.000,0.000,0.000,0.000,0.000,0.000,0.000,0.000,0.000,0.000,0.000,0.000,0.000,0.000,0.000,0.000,0.000,0.000,0.000,0.000,0.000,0.000,0.000,0.000,0.000,0.000,0.000,0.000,0.000,0.000,0.000,0.000,0.000,0.000,0.000,0.000,0.000,0.000,0.000,0.000,0.000,0.000,0.000,0.000,0.000,0.000,0.000,0.000,0.000,0.000,0.000,0.000,0.000,0.000,0.000,0.000,0.000,0.000,0.000,0.000,0.000,0.000,0.000,0.000,0.000,0.000,0.000,0.000,0.000,0.000,0.000,0.000,0.000,0.000,0.000,0.000,0.000
0.000,0.000,0.000,0.000,0.000,0.000,0.000,0.000,0.000,0.000,0.000,0.000,0.000,0.000,0.000,0.000,0.000,0.000,0.000,0.000,0.000,0.000,0.000,0.000,0.000,0.000,0.000,0.000,0.000,0.000,0.000,0.000,0.000,0.000,0.000,0.000,0.000,0.000,0.000,0.000,0.000,0.000,0.000,0.000,0.000,0.000,0.000,0.000,0.000,0.000,0.000,0.000,0.000,0.000,0.000,0.000,0.000,0.000,0.000,0.000,0.000,0.000,0.000,0.000,0.000,0.000,0.000,0.000,0.000,0.000,0.000,0.000,0.000,0.000,0.000,0.000,0.000,0.000,0.000,0.000
0.000,0.000,0.000,0.000,0.000,0.000,0.000,0.000,0.000,0.000,0.000,0.000,0.000,0.000,0.000,0.000,0.000,0.000,0.000,0.000,0.000,0.000,0.000,0.000,0.000,0.000,0.000,0.000,0.000,0.000,0.000,0.000,0.000,0.000,0.000,0.000,0.000,0.000,0.000,0.000,0.000,0.000,0.000,0.000,0.000,0.000,0.000,0.000,0.000,0.000,0.000,0.000,0.000,0.000,0.000,0.000,0.000,0.000,0.000,0.000,0.000,0.000,0.000,0.000,0.000,0.000,0.000,0.000,0.000,0.000,0.000,0.000,0.000,0.000,0.000,0.000,0.000,0.000,0.000,0.000
0.000,0.000,0.000,0.000,0.000,0.000,0.000,0.000,0.000,0.000,0.000,0.000,0.000,0.000,0.000,0.000,0.000,0.000,0.000,0.000,0.000,0.000,0.000,0.000,0.000,0.000,0.000,0.000,0.000,0.000,0.000,0.000,0.000,0.000,0.000,0.000,0.000,0.000,0.000,0.000,0.000,0.000,0.000,0.000,0.000,0.000,0.000,0.000,0.000,0.000,0.000,0.000,0.000,0.000,0.000,0.000,0.000,0.000,0.000,0.000,0.000,0.000,0.000,0.000,0.000,0.000,0.000,0.000,0.000,0.000,0.000,0.000,0.000,0.000,0.000,0.000,0.000,0.000,0.000,0.000
0.000,0.000,0.000,0.000,0.000,0.000,0.000,0.000,0.000,0.000,0.000,0.000,0.000,0.000,0.000,0.000,0.000,0.000,0.000,0.000,0.000,0.000,0.000,0.000,0.000,0.000,0.000,0.000,0.000,0.000,0.000,0.000,0.000,0.000,0.000,0.000,0.000,0.000,0.000,0.000,0.000,0.000,0.000,0.000,0.000,0.000,0.000,0.000,0.000,0.000,0.000,0.000,0.000,0.000,0.000,0.000,0.000,0.000,0.000,0.000,0.000,0.000,0.000,0.000,0.000,0.000,0.000,0.000,0.000,0.000,0.000,0.000,0.000,0.000,0.000,0.000,0.000,0.000,0.000,0.000
0.000,0.000,0.000,0.000,0.000,0.000,0.000,0.000,0.000,0.000,0.000,0.000,0.000,0.000,0.000,0.000,0.000,0.000,0.000,0.000,0.000,0.000,0.000,0.000,0.000,0.000,0.000,0.000,0.000,0.000,0.000,0.000,0.000,0.000,0.000,0.000,0.000,0.000,0.000,0.000,0.000,0.000,0.000,0.000,0.000,0.000,0.000,0.000,0.000,0.000,0.000,0.000,0.000,0.000,0.000,0.000,0.000,0.000,0.000,0.000,0.000,0.000,0.000,0.000,0.000,0.000,0.000,0.000,0.000,0.000,0.000,0.000,0.000,0.000,0.000,0.000,0.000,0.000,0.000,0.000
0.000,0.000,0.000,0.000,0.000,0.000,0.000,0.000,0.000,0.000,0.000,0.000,0.000,0.000,0.000,0.000,0.000,0.000,0.000,0.000,0.000,0.000,0.000,0.000,0.000,0.000,0.000,0.000,0.000,0.000,0.000,0.000,0.000,0.000,0.000,0.000,0.000,0.000,0.000,0.000,0.000,0.000,0.000,0.000,0.000,0.000,0.000,0.000,0.000,0.000,0.000,0.000,0.000,0.000,0.000,0.000,0.000,0.000,0.000,0.000,0.000,0.000,0.000,0.000,0.000,0.000,0.000,0.000,0.000,0.000,0.000,0.000,0.000,0.000,0.000,0.000,0.000,0.000,0.000,0.000
0.000,0.000,0.000,0.000,0.000,0.000,0.000,0.000,0.000,0.000,0.000,0.000,0.000,0.000,0.000,0.000,0.000,0.000,0.000,0.000,0.000,0.000,0.000,0.000,0.000,0.000,0.000,0.000,0.000,0.000,0.000,0.000,0.000,0.000,0.000,0.000,0.000,0.000,0.000,0.000,0.000,0.000,0.000,0.000,0.000,0.000,0.000,0.000,0.000,0.000,0.000,0.000,0.000,0.000,0.000,0.000,0.000,0.000,0.000,0.000,0.000,0.000,0.000,0.000,0.000,0.000,0.000,0.000,0.000,0.000,0.000,0.000,0.000,0.000,0.000,0.000,0.000,0.000,0.000,0.000
0.000,0.000,0.000,0.000,0.000,0.000,0.000,0.000,0.000,0.000,0.000,0.000,0.000,0.000,0.000,0.000,0.000,0.000,0.000,0.000,0.000,0.000,0.000,0.000,0.000,0.000,0.000,0.000,0.000,0.000,0.000,0.000,0.000,0.000,0.000,0.000,0.000,0.000,0.000,0.000,0.000,0.000,0.000,0.000,0.000,0.000,0.000,0.000,0.000,0.000,0.000,0.000,0.000,0.000,0.000,0.000,0.000,0.000,0.000,0.000,0.000,0.000,0.000,0.000,0.000,0.000,0.000,0.000,0.000,0.000,0.000,0.000,0.000,0.000,0.000,0.000,0.000,0.000,0.000,0.000
0.000,0.000,0.000,0.000,0.000,0.000,0.000,0.000,0.000,0.000,0.000,0.000,0.000,0.000,0.000,0.000,0.000,0.000,0.000,0.000,0.000,0.000,0.000,0.000,0.000,0.000,0.000,0.000,0.000,0.000,0.000,0.000,0.000,0.000,0.000,0.000,0.000,0.000,0.000,0.000,0.000,0.000,0.000,0.000,0.000,0.000,0.000,0.000,0.000,0.000,0.000,0.000,0.000,0.000,0.000,0.000,0.000,0.000,0.000,0.000,0.000,0.000,0.000,0.000,0.000,0.000,0.000,0.000,0.000,0.000,0.000,0.000,0.000,0.000,0.000,0.000,0.000,0.000,0.000,0.000
0.000,0.000,1.000,1.000,0.000,0.000,0.000,0.000,0.000,0.000,0.000,0.000,0.000,0.000,0.000,0.000,0.000,0.000,1.000,1.000,0.000,0.000,0.000,0.000,0.000,0.000,0.000,0.000,0.000,0.000,0.000,0.000,1.000,0.000,0.000,0.000,0.000,0.000,0.000,1.000,0.000,0.000,0.000,0.000,0.000,0.000,0.000,0.000,0.000,0.000,0.000,1.000,0.000,0.000,0.000,0.000,0.000,0.000,0.000,1.000,0.000,0.000,0.000,0.000,0.000,0.000,0.000,0.000,0.000,0.000,0.000,0.000,0.000,0.000,0.000,0.000,0.000,0.000,0.000,0.000
0.000,0.000,0.000,1.000,0.000,0.000,0.000,1.000,0.000,0.000,1.000,0.000,0.000,0.000,0.000,0.000,0.000,0.000,0.000,0.000,0.000,0.000,0.000,0.000,0.000,0.000,0.000,0.000,0.000,0.000,0.000,0.000,0.000,0.000,0.000,0.000,0.000,0.000,0.000,0.000,0.000,0.000,0.000,0.000,0.000,0.000,0.000,0.000,0.000,0.000,0.000,0.000,0.000,0.000,0.000,0.000,0.000,0.000,0.000,0.000,0.000,0.000,0.000,0.000,0.000,0.000,0.000,1.000,0.000,1.000,0.000,0.000,0.000,1.000,0.000,0.000,0.000,0.000,1.000,0.000
0.000,1.000,0.000,0.000,0.000,1.000,0.000,0.000,0.000,0.000,0.000,0.000,0.000,1.000,0.000,0.000,0.000,0.000,0.000,0.000,0.000,0.000,0.000,0.000,0.000,0.000,0.000,1.000,0.000,0.000,0.000,0.000,0.000,0.000,0.000,0.000,0.000,0.000,0.000,1.000,0.000,0.000,0.000,0.000,0.000,0.000,0.000,0.000,0.000,0.000,0.000,0.000,0.000,1.000,0.000,0.000,0.000,0.000,0.000,0.000,0.000,0.000,0.000,0.000,0.000,0.000,0.000,0.000,0.000,0.000,0.000,1.000,0.000,0.000,0.000,0.000,0.000,0.000,1.000,1.000
0.000,0.000,0.000,0.000,0.000,0.000,0.000,0.000,0.000,0.000,0.000,0.000,0.000,0.000,0.000,0.000,0.000,0.000,0.000,0.000,0.000,0.000,0.000,0.000,0.000,0.000,0.000,0.000,0.000,0.000,0.000,0.000,0.000,0.000,0.000,0.000,0.000,0.000,0.000,0.000,0.000,0.000,0.000,0.000,0.000,0.000,0.000,0.000,0.000,0.000,0.000,0.000,0.000,0.000,0.000,0.000,0.000,0.000,0.000,0.000,0.000,0.000,0.000,0.000,0.000,0.000,0.000,0.000,0.000,0.000,0.000,0.000,0.000,0.000,0.000,0.000,0.000,0.000,0.000,0.000
0.000,0.000,0.000,0.000,0.000,0.000,0.000,0.000,0.000,0.000,0.000,0.000,0.000,0.000,0.000,0.000,0.000,0.000,0.000,0.000,0.000,0.000,0.000,0.000,0.000,0.000,0.000,0.000,0.000,0.000,0.000,0.000,0.000,0.000,0.000,0.000,0.000,0.000,0.000,0.000,0.000,0.000,0.000,0.000,0.000,0.000,0.000,0.000,0.000,0.000,0.000,0.000,0.000,0.000,0.000,0.000,0.000,0.000,0.000,0.000,0.000,0.000,0.000,0.000,0.000,0.000,0.000,0.000,0.000,0.000,0.000,0.000,0.000,0.000,0.000,0.000,0.000,0.000,0.000,0.000
0.000,0.000,0.000,0.000,0.000,0.000,0.000,0.000,0.000,0.000,0.000,0.000,0.000,0.000,0.000,0.000,0.000,0.000,0.000,0.000,0.000,0.000,0.000,0.000,0.000,0.000,0.000,0.000,0.000,0.000,0.000,0.000,0.000,0.000,0.000,0.000,0.000,0.000,0.000,0.000,0.000,0.000,0.000,0.000,0.000,0.000,0.000,0.000,0.000,0.000,0.000,0.000,0.000,0.000,0.000,0.000,0.000,0.000,0.000,0.000,0.000,0.000,0.000,0.000,0.000,0.000,0.000,0.000,0.000,0.000,0.000,0.000,0.000,0.000,0.000,0.000,0.000,0.000,0.000,0.000
0.000,0.000,0.000,0.000,0.000,0.000,0.000,0.000,0.000,0.000,0.000,0.000,0.000,0.000,0.000,0.000,0.000,0.000,0.000,0.000,0.000,0.000,0.000,0.000,0.000,0.000,0.000,0.000,0.000,0.000,0.000,0.000,0.000,0.000,0.000,0.000,0.000,0.000,0.000,0.000,0.000,0.000,0.000,0.000,0.000,0.000,0.000,0.000,0.000,0.000,0.000,0.000,0.000,0.000,0.000,0.000,0.000,0.000,0.000,0.000,0.000,0.000,0.000,0.000,0.000,0.000,0.000,0.000,0.000,0.000,0.000,0.000,0.000,0.000,0.000,0.000,0.000,0.000,0.000,0.000
0.000,0.000,0.000,0.000,0.000,0.000,0.000,0.000,0.000,0.000,0.000,0.000,0.000,0.000,0.000,0.000,0.000,0.000,0.000,0.000,0.000,0.000,0.000,0.000,0.000,0.000,0.000,0.000,0.000,0.000,0.000,0.000,0.000,0.000,0.000,0.000,0.000,0.000,0.000,0.000,0.000,0.000,0.000,0.000,0.000,0.000,0.000,0.000,0.000,0.000,0.000,0.000,0.000,0.000,0.000,0.000,0.000,0.000,0.000,0.000,0.000,0.000,0.000,0.000,0.000,0.000,0.000,0.000,0.000,0.000,0.000,0.000,0.000,0.000,0.000,0.000,0.000,0.000,0.000,0.000
0.000,0.000,0.000,0.000,0.000,0.000,0.000,0.000,0.000,0.000,0.000,0.000,0.000,0.000,0.000,0.000,0.000,0.000,0.000,0.000,0.000,0.000,0.000,0.000,0.000,0.000,0.000,0.000,0.000,0.000,0.000,0.000,0.000,0.000,0.000,0.000,0.000,0.000,0.000,0.000,0.000,0.000,0.000,0.000,0.000,0.000,0.000,0.000,0.000,0.000,0.000,0.000,0.000,0.000,0.000,0.000,0.000,0.000,0.000,0.000,0.000,0.000,0.000,0.000,0.000,0.000,0.000,0.000,0.000,0.000,0.000,0.000,0.000,0.000,0.000,0.000,0.000,0.000,0.000,0.000
0.000,0.000,0.000,0.000,0.000,0.000,0.000,0.000,1.000,0.000,0.000,0.000,0.000,0.000,0.000,0.000,0.000,0.000,0.000,0.000,0.000,0.000,0.000,0.000,0.000,0.000,0.000,0.000,0.000,0.000,0.000,0.000,0.000,0.000,0.000,0.000,0.000,0.000,1.000,0.000,0.000,0.000,0.000,0.000,0.000,0.000,0.000,0.000,0.000,0.000,0.000,0.000,0.000,0.000,0.000,0.000,0.000,0.000,0.000,0.000,1.000,0.000,0.000,0.000,0.000,0.000,0.000,0.000,0.000,0.000,0.000,0.000,0.000,0.000,0.000,0.000,0.000,0.000,0.000,0.000
0.000,0.000,0.000,0.000,0.000,0.000,0.000,0.000,0.000,0.000,0.000,0.000,0.000,0.000,0.000,0.000,0.000,0.000,0.000,0.000,0.000,0.000,0.000,0.000,0.000,0.000,0.000,0.000,0.000,0.000,0.000,0.000,0.000,0.000,0.000,0.000,0.000,0.000,0.000,0.000,0.000,0.000,0.000,0.000,0.000,0.000,0.000,0.000,0.000,0.000,0.000,0.000,0.000,0.000,0.000,0.000,0.000,0.000,0.000,0.000,0.000,0.000,0.000,0.000,0.000,0.000,0.000,0.000,0.000,0.000,0.000,0.000,0.000,0.000,0.000,0.000,0.000,0.000,0.000,0.000
0.000,0.000,0.000,0.000,0.000,0.000,0.000,0.000,0.000,0.000,0.000,0.000,0.000,0.000,0.000,0.000,0.000,0.000,0.000,0.000,1.000,0.000,0.000,0.000,0.000,0.000,0.000,0.000,0.000,0.000,0.000,0.000,0.000,0.000,0.000,0.000,0.000,0.000,0.000,0.000,1.000,0.000,0.000,0.000,0.000,0.000,0.000,0.000,0.000,0.000,0.000,0.000,0.000,0.000,0.000,0.000,0.000,0.000,0.000,0.000,0.000,1.000,0.000,0.000,0.000,0.000,0.000,0.000,0.000,0.000,0.000,0.000,0.000,0.000,0.000,0.000,0.000,0.000,0.000,0.000
0.000,0.000,0.000,0.000,0.000,0.000,0.000,0.000,0.000,0.000,0.000,0.000,0.000,0.000,0.000,0.000,0.000,0.000,0.000,0.000,0.000,0.000,0.000,0.000,0.000,0.000,0.000,0.000,0.000,0.000,0.000,0.000,0.000,0.000,0.000,0.000,0.000,0.000,0.000,0.000,0.000,0.000,0.000,0.000,0.000,0.000,0.000,0.000,0.000,0.000,0.000,0.000,0.000,0.000,0.000,0.000,0.000,0.000,0.000,0.000,0.000,0.000,0.000,0.000,0.000,0.000,0.000,0.000,0.000,0.000,0.000,0.000,0.000,0.000,0.000,0.000,0.000,0.000,0.000,0.000
0.000,0.000,0.000,0.000,0.000,0.000,0.000,0.000,0.000,0.000,0.000,0.000,0.000,0.000,0.000,0.000,0.000,0.000,0.000,0.000,0.000,0.000,0.000,0.000,0.000,0.000,0.000,0.000,0.000,0.000,0.000,0.000,0.000,0.000,0.000,0.000,0.000,0.000,0.000,0.000,0.000,0.000,0.000,0.000,0.000,0.000,0.000,0.000,0.000,0.000,0.000,0.000,0.000,0.000,0.000,0.000,0.000,0.000,0.000,0.000,0.000,0.000,0.000,0.000,0.000,0.000,0.000,0.000,0.000,0.000,0.000,0.000,0.000,0.000,0.000,0.000,0.000,0.000,0.000,0.000
1.000,0.000,0.000,0.000,0.000,0.000,0.000,0.000,1.000,0.000,0.000,0.000,0.000,0.000,0.000,0.000,0.000,0.000,0.000,0.000,0.000,0.000,0.000,0.000,0.000,0.000,0.000,0.000,0.000,0.000,0.000,0.000,0.000,0.000,0.000,0.000,0.000,1.000,0.000,0.000,0.000,1.000,0.000,0.000,0.000,0.000,0.000,0.000,0.000,0.000,0.000,0.000,0.000,0.000,0.000,0.000,0.000,0.000,0.000,0.000,0.000,0.000,0.000,0.000,0.000,0.000,0.000,0.000,0.000,0.000,0.000,0.000,0.000,0.000,0.000,0.000,0.000,0.000,0.000,0.000
0.000,0.000,0.000,0.000,0.000,0.000,0.000,0.000,0.000,0.000,1.000,0.000,0.000,0.000,0.000,0.000,1.000,0.000,0.000,0.000,0.000,0.000,0.000,0.000,0.000,0.000,0.000,0.000,0.000,0.000,0.000,0.000,0.000,0.000,0.000,0.000,0.000,0.000,0.000,0.000,0.000,0.000,0.000,0.000,0.000,0.000,0.000,0.000,0.000,0.000,0.000,0.000,0.000,0.000,0.000,0.000,0.000,0.000,0.000,0.000,0.000,0.000,0.000,0.000,0.000,0.000,0.000,0.000,0.000,0.000,0.000,0.000,0.000,0.000,0.000,0.000,0.000,0.000,0.000,0.000
0.000,0.000,0.000,0.000,0.000,0.000,0.000,0.000,0.000,0.000,0.000,0.000,0.000,0.000,0.000,0.000,0.000,0.000,0.000,0.000,0.000,0.000,0.000,0.000,0.000,0.000,0.000,0.000,0.000,0.000,0.000,0.000,0.000,0.000,0.000,0.000,0.000,0.000,0.000,0.000,0.000,0.000,0.000,0.000,0.000,0.000,0.000,0.000,0.000,0.000,0.000,0.000,0.000,0.000,0.000,0.000,0.000,0.000,0.000,0.000,0.000,0.000,0.000,0.000,0.000,0.000,0.000,0.000,0.000,0.000,0.000,0.000,0.000,0.000,0.000,0.000,0.000,0.000,0.000,0.000
0.000,0.000,0.000,0.000,0.000,0.000,0.000,0.000,0.000,0.000,0.000,0.000,0.000,0.000,0.000,0.000,0.000,0.000,0.000,0.000,0.000,0.000,0.000,0.000,0.000,0.000,0.000,0.000,0.000,0.000,0.000,0.000,0.000,0.000,0.000,0.000,0.000,0.000,0.000,0.000,0.000,0.000,0.000,0.000,0.000,0.000,0.000,0.000,0.000,0.000,0.000,0.000,0.000,0.000,0.000,1.000,0.000,0.000,0.000,0.000,0.000,0.000,0.000,0.000,0.000,0.000,0.000,0.000,0.000,0.000,0.000,0.000,0.000,0.000,0.000,0.000,0.000,0.000,0.000,0.000
0.000,0.000,0.000,0.000,0.000,0.000,0.000,0.000,0.000,0.000,0.000,0.000,0.000,0.000,0.000,0.000,0.000,0.000,0.000,0.000,0.000,0.000,0.000,0.000,0.000,0.000,0.000,0.000,0.000,0.000,0.000,0.000,0.000,0.000,0.000,0.000,0.000,0.000,0.000,0.000,0.000,0.000,0.000,0.000,0.000,0.000,0.000,0.000,0.000,0.000,0.000,0.000,0.000,0.000,0.000,0.000,0.000,0.000,0.000,0.000,0.000,0.000,0.000,0.000,0.000,0.000,0.000,0.000,0.000,0.000,0.000,0.000,0.000,0.000,0.000,0.000,0.000,0.000,0.000,0.000
0.000,0.000,0.000,0.000,0.000,0.000,0.000,0.000,0.000,0.000,0.000,0.000,0.000,0.000,0.000,0.000,0.000,0.000,0.000,0.000,0.000,0.000,0.000,0.000,0.000,0.000,0.000,0.000,0.000,0.000,0.000,0.000,0.000,0.000,0.000,0.000,0.000,0.000,0.000,0.000,0.000,0.000,0.000,0.000,0.000,0.000,0.000,0.000,0.000,0.000,0.000,0.000,0.000,0.000,0.000,0.000,0.000,0.000,0.000,0.000,0.000,0.000,0.000,0.000,0.000,0.000,0.000,0.000,0.000,0.000,0.000,0.000,0.000,0.000,0.000,0.000,0.000,0.000,0.000,0.000
0.000,0.000,0.000,0.000,0.000,0.000,0.000,0.000,0.000,0.000,0.000,0.000,0.000,0.000,0.000,0.000,0.000,0.000,0.000,0.000,0.000,0.000,0.000,0.000,0.000,0.000,0.000,0.000,0.000,0.000,0.000,0.000,0.000,0.000,0.000,0.000,0.000,0.000,0.000,0.000,0.000,0.000,0.000,0.000,0.000,0.000,0.000,0.000,0.000,0.000,0.000,0.000,0.000,0.000,0.000,0.000,0.000,0.000,0.000,0.000,0.000,0.000,0.000,0.000,0.000,0.000,0.000,0.000,0.000,0.000,0.000,0.000,0.000,0.000,0.000,0.000,0.000,0.000,0.000,0.000
0.000,0.000,0.000,0.000,0.000,0.000,0.000,0.000,0.000,0.000,0.000,0.000,0.000,0.000,0.000,0.000,0.000,0.000,0.000,0.000,0.000,0.000,0.000,0.000,0.000,0.000,0.000,0.000,0.000,0.000,0.000,0.000,0.000,0.000,0.000,0.000,0.000,0.000,0.000,0.000,0.000,0.000,0.000,0.000,0.000,0.000,0.000,0.000,0.000,0.000,0.000,0.000,0.000,0.000,0.000,0.000,0.000,0.000,0.000,0.000,0.000,0.000,0.000,0.000,0.000,0.000,0.000,0.000,0.000,0.000,0.000,0.000,0.000,0.000,0.000,0.000,0.000,0.000,0.000,0.000
0.000,0.000,0.000,0.000,0.000,0.000,0.000,0.000,0.000,0.000,0.000,0.000,0.000,0.000,0.000,0.000,0.000,0.000,0.000,0.000,0.000,0.000,0.000,0.000,0.000,0.000,0.000,0.000,0.000,0.000,0.000,0.000,0.000,0.000,0.000,0.000,0.000,0.000,0.000,0.000,0.000,0.000,0.000,0.000,0.000,0.000,0.000,0.000,0.000,0.000,0.000,0.000,0.000,0.000,0.000,0.000,0.000,0.000,0.000,0.000,0.000,0.000,0.000,0.000,0.000,0.000,0.000,0.000,0.000,0.000,0.000,0.000,0.000,0.000,0.000,0.000,0.000,0.000,0.000,1.000
0.000,0.000,0.000,0.000,0.000,0.000,0.000,0.000,0.000,0.000,0.000,0.000,0.000,0.000,0.000,0.000,0.000,0.000,0.000,0.000,0.000,0.000,0.000,0.000,0.000,0.000,0.000,0.000,0.000,0.000,0.000,0.000,0.000,0.000,0.000,0.000,0.000,0.000,0.000,0.000,0.000,0.000,0.000,0.000,0.000,0.000,0.000,0.000,0.000,0.000,0.000,0.000,0.000,0.000,0.000,0.000,0.000,0.000,0.000,0.000,0.000,0.000,0.000,0.000,0.000,0.000,0.000,0.000,0.000,0.000,0.000,0.000,0.000,0.000,0.000,0.000,0.000,0.000,0.000,0.000
0.000,0.000,0.000,0.000,0.000,0.000,0.000,0.000,0.000,0.000,0.000,0.000,0.000,0.000,0.000,0.000,0.000,0.000,0.000,0.000,0.000,0.000,0.000,0.000,0.000,0.000,1.000,0.000,0.000,0.000,0.000,0.000,0.000,0.000,0.000,0.000,0.000,0.000,0.000,0.000,0.000,0.000,0.000,0.000,0.000,0.000,0.000,0.000,0.000,0.000,0.000,0.000,0.000,0.000,0.000,0.000,1.000,0.000,0.000,0.000,0.000,0.000,0.000,0.000,0.000,0.000,0.000,0.000,0.000,0.000,0.000,0.000,0.000,0.000,0.000,0.000,1.000,0.000,0.000,0.000
0.000,0.000,0.000,0.000,0.000,0.000,0.000,0.000,0.000,0.000,0.000,0.000,0.000,0.000,0.000,0.000,0.000,0.000,0.000,0.000,0.000,0.000,0.000,0.000,0.000,0.000,0.000,0.000,0.000,0.000,0.000,0.000,0.000,0.000,0.000,0.000,0.000,0.000,0.000,0.000,0.000,0.000,0.000,0.000,0.000,0.000,0.000,0.000,0.000,0.000,0.000,0.000,0.000,0.000,0.000,0.000,0.000,0.000,0.000,0.000,0.000,0.000,0.000,0.000,0.000,0.000,0.000,0.000,0.000,0.000,0.000,0.000,0.000,0.000,0.000,0.000,0.000,0.000,0.000,0.000
0.000,0.000,0.000,0.000,0.000,0.000,0.000,0.000,0.000,0.000,0.000,0.000,0.000,0.000,0.000,0.000,0.000,0.000,0.000,0.000,0.000,0.000,0.000,0.000,0.000,0.000,0.000,0.000,0.000,0.000,0.000,0.000,0.000,0.000,0.000,0.000,0.000,0.000,0.000,0.000,0.000,0.000,0.000,0.000,0.000,0.000,0.000,0.000,0.000,0.000,0.000,0.000,0.000,0.000,0.000,0.000,0.000,0.000,0.000,0.000,0.000,0.000,0.000,0.000,0.000,0.000,0.000,0.000,0.000,0.000,0.000,0.000,0.000,0.000,0.000,0.000,0.000,0.000,0.000,0.000
0.000,0.000,0.000,0.000,0.000,0.000,0.000,0.000,0.000,0.000,0.000,0.000,0.000,0.000,0.000,0.000,0.000,0.000,0.000,0.000,0.000,0.000,0.000,0.000,0.000,0.000,0.000,0.000,0.000,0.000,0.000,0.000,0.000,0.000,0.000,0.000,0.000,0.000,0.000,0.000,0.000,0.000,0.000,0.000,0.000,0.000,0.000,0.000,0.000,0.000,0.000,0.000,0.000,0.000,0.000,0.000,0.000,0.000,0.000,0.000,0.000,0.000,0.000,0.000,0.000,0.000,0.000,0.000,0.000,0.000,0.000,0.000,0.000,0.000,0.000,0.000,0.000,0.000,0.000,0.000
0.000,0.000,0.000,0.000,0.000,0.000,0.000,0.000,0.000,0.000,0.000,0.000,0.000,0.000,0.000,0.000,0.000,0.000,0.000,0.000,0.000,0.000,0.000,0.000,0.000,0.000,0.000,0.000,0.000,0.000,0.000,0.000,0.000,0.000,0.000,0.000,0.000,0.000,0.000,0.000,0.000,0.000,0.000,0.000,0.000,0.000,0.000,0.000,0.000,0.000,0.000,0.000,0.000,0.000,0.000,0.000,0.000,0.000,0.000,0.000,0.000,0.000,0.000,0.000,0.000,0.000,0.000,0.000,0.000,0.000,0.000,0.000,0.000,0.000,0.000,0.000,0.000,0.000,0.000,0.000
0.000,0.000,0.000,0.000,0.000,0.000,0.000,0.000,0.000,0.000,0.000,0.000,0.000,0.000,0.000,0.000,0.000,0.000,0.000,0.000,0.000,0.000,0.000,0.000,0.000,0.000,0.000,0.000,0.000,0.000,0.000,0.000,0.000,0.000,0.000,0.000,0.000,0.000,0.000,0.000,0.000,0.000,0.000,0.000,0.000,0.000,0.000,0.000,0.000,0.000,0.000,0.000,0.000,0.000,0.000,0.000,0.000,0.000,0.000,0.000,0.000,0.000,0.000,0.000,0.000,0.000,0.000,0.000,0.000,0.000,0.000,0.000,0.000,0.000,0.000,0.000,0.000,0.000,0.000,0.000
0.000,0.000,0.000,0.000,0.000,0.000,0.000,0.000,0.000,0.000,0.000,0.000,0.000,0.000,0.000,0.000,0.000,0.000,0.000,0.000,0.000,0.000,0.000,0.000,0.000,0.000,0.000,0.000,0.000,0.000,0.000,0.000,0.000,0.000,0.000,0.000,0.000,0.000,0.000,0.000,0.000,0.000,0.000,0.000,0.000,0.000,0.000,0.000,0.000,0.000,0.000,0.000,0.000,0.000,0.000,0.000,0.000,0.000,0.000,0.000,0.000,0.000,0.000,0.000,0.000,0.000,0.000,0.000,0.000,0.000,0.000,0.000,0.000,0.000,0.000,0.000,0.000,0.000,0.000,0.000
0.000,0.000,0.000,0.000,0.000,0.000,0.000,0.000,0.000,0.000,0.000,0.000,0.000,0.000,0.000,0.000,0.000,0.000,0.000,0.000,0.000,0.000,0.000,0.000,0.000,0.000,0.000,0.000,0.000,0.000,0.000,0.000,0.000,0.000,0.000,0.000,0.000,0.000,0.000,0.000,0.000,0.000,0.000,0.000,0.000,0.000,0.000,0.000,0.000,0.000,0.000,0.000,0.000,0.000,0.000,0.000,0.000,0.000,0.000,0.000,0.000,0.000,0.000,0.000,0.000,0.000,0.000,0.000,0.000,0.000,0.000,0.000,0.000,0.000,0.000,0.000,0.000,0.000,0.000,0.000
0.000,0.000,0.000,0.000,0.000,0.000,0.000,0.000,0.000,0.000,0.000,0.000,0.000,0.000,1.000,0.000,0.000,0.000,0.000,0.000,0.000,0.000,0.000,0.000,0.000,0.000,0.000,0.000,0.000,0.000,1.000,0.000,0.000,0.000,1.000,0.000,0.000,0.000,0.000,0.000,0.000,0.000,0.000,0.000,0.000,0.000,0.000,0.000,1.000,0.000,0.000,0.000,0.000,0.000,0.000,0.000,0.000,1.000,0.000,0.000,0.000,0.000,0.000,0.000,0.000,0.000,0.000,0.000,1.000,0.000,0.000,0.000,0.000,0.000,1.000,0.000,0.000,1.000,0.000,0.000
0.000,0.000,0.000,0.000,0.000,0.000,0.000,0.000,0.000,0.000,0.000,0.000,0.000,0.000,0.000,0.000,0.000,0.000,0.000,0.000,0.000,0.000,0.000,0.000,0.000,0.000,0.000,0.000,0.000,0.000,0.000,0.000,0.000,0.000,0.000,0.000,0.000,0.000,0.000,0.000,0.000,0.000,0.000,0.000,0.000,0.000,0.000,0.000,0.000,0.000,0.000,0.000,0.000,0.000,0.000,0.000,0.000,0.000,0.000,0.000,0.000,0.000,0.000,0.000,0.000,0.000,0.000,0.000,0.000,0.000,0.000,0.000,0.000,0.000,0.000,0.000,0.000,0.000,0.000,0.000
0.000,0.000,0.000,0.000,0.000,0.000,0.000,0.000,0.000,0.000,0.000,0.000,0.000,0.000,0.000,0.000,0.000,0.000,0.000,0.000,0.000,0.000,0.000,0.000,0.000,0.000,0.000,0.000,0.000,0.000,0.000,0.000,0.000,0.000,0.000,0.000,0.000,0.000,0.000,0.000,0.000,0.000,0.000,0.000,0.000,0.000,0.000,0.000,0.000,0.000,0.000,0.000,0.000,0.000,0.000,0.000,0.000,0.000,0.000,0.000,0.000,0.000,0.000,0.000,0.000,0.000,0.000,0.000,0.000,0.000,0.000,0.000,0.000,0.000,0.000,0.000,0.000,0.000,0.000,0.000
0.000,0.000,0.000,0.000,0.000,0.000,0.000,0.000,0.000,0.000,0.000,0.000,0.000,0.000,0.000,0.000,0.000,0.000,0.000,0.000,0.000,0.000,0.000,0.000,0.000,0.000,0.000,0.000,0.000,0.000,0.000,0.000,0.000,0.000,0.000,0.000,0.000,0.000,0.000,0.000,0.000,0.000,0.000,0.000,0.000,0.000,0.000,0.000,0.000,0.000,0.000,0.000,0.000,0.000,0.000,0.000,0.000,0.000,0.000,0.000,0.000,0.000,0.000,0.000,0.000,0.000,0.000,0.000,0.000,0.000,0.000,0.000,0.000,0.000,0.000,0.000,0.000,0.000,0.000,0.000
0.000,0.000,0.000,0.000,0.000,0.000,0.000,0.000,0.000,0.000,0.000,0.000,0.000,0.000,0.000,0.000,0.000,0.000,0.000,0.000,0.000,0.000,0.000,0.000,0.000,0.000,0.000,0.000,0.000,0.000,0.000,0.000,0.000,0.000,0.000,0.000,0.000,0.000,0.000,0.000,0.000,0.000,0.000,0.000,0.000,0.000,0.000,0.000,0.000,0.000,0.000,0.000,0.000,0.000,0.000,0.000,0.000,0.000,0.000,0.000,0.000,0.000,0.000,0.000,0.000,0.000,0.000,0.000,0.000,0.000,0.000,0.000,0.000,0.000,0.000,0.000,0.000,0.000,0.000,0.000
0.000,0.000,0.000,0.000,0.000,0.000,0.000,0.000,0.000,0.000,0.000,0.000,0.000,0.000,0.000,0.000,0.000,0.000,0.000,0.000,0.000,0.000,0.000,0.000,0.000,0.000,0.000,0.000,0.000,0.000,0.000,0.000,0.000,0.000,0.000,0.000,0.000,0.000,0.000,0.000,0.000,0.000,0.000,0.000,0.000,0.000,0.000,0.000,0.000,0.000,0.000,0.000,0.000,0.000,0.000,0.000,0.000,0.000,0.000,0.000,0.000,0.000,0.000,0.000,0.000,0.000,0.000,0.000,0.000,0.000,0.000,0.000,0.000,0.000,0.000,0.000,0.000,0.000,0.000,0.000
0.000,0.000,0.000,0.000,0.000,0.000,0.000,0.000,0.000,0.000,0.000,0.000,0.000,0.000,0.000,0.000,0.000,0.000,0.000,0.000,0.000,0.000,0.000,0.000,0.000,0.000,0.000,0.000,0.000,0.000,0.000,0.000,0.000,0.000,0.000,0.000,0.000,0.000,0.000,0.000,0.000,0.000,0.000,0.000,0.000,0.000,0.000,0.000,0.000,0.000,0.000,0.000,0.000,0.000,0.000,0.000,0.000,0.000,0.000,0.000,0.000,0.000,0.000,0.000,0.000,0.000,0.000,0.000,0.000,0.000,0.000,0.000,0.000,0.000,0.000,0.000,0.000,0.000,0.000,0.000
0.000,0.000,0.000,0.000,0.000,0.000,0.000,0.000,0.000,0.000,0.000,0.000,0.000,0.000,0.000,0.000,0.000,0.000,0.000,0.000,0.000,0.000,0.000,0.000,0.000,0.000,0.000,0.000,0.000,0.000,0.000,0.000,0.000,0.000,0.000,0.000,0.000,0.000,0.000,0.000,0.000,0.000,0.000,0.000,0.000,0.000,0.000,0.000,0.000,0.000,0.000,0.000,0.000,0.000,0.000,0.000,0.000,0.000,0.000,0.000,0.000,0.000,0.000,0.000,0.000,0.000,0.000,0.000,0.000,0.000,0.000,0.000,0.000,0.000,0.000,0.000,0.000,0.000,0.000,0.000
0.000,0.000,0.000,0.000,0.000,0.000,0.000,0.000,0.000,0.000,0.000,0.000,0.000,0.000,0.000,0.000,0.000,0.000,0.000,0.000,0.000,0.000,0.000,0.000,0.000,0.000,0.000,0.000,0.000,0.000,0.000,0.000,0.000,0.000,0.000,0.000,0.000,0.000,0.000,0.000,0.000,0.000,0.000,0.000,0.000,0.000,0.000,0.000,0.000,0.000,0.000,0.000,0.000,0.000,0.000,0.000,0.000,0.000,0.000,0.000,0.000,0.000,0.000,0.000,0.000,1.000,0.000,0.000,0.000,0.000,0.000,0.000,0.000,0.000,0.000,0.000,0.000,0.000,0.000,0.000
0.000,0.000,0.000,0.000,0.000,0.000,0.000,0.000,0.000,0.000,0.000,0.000,0.000,0.000,0.000,0.000,0.000,0.000,0.000,0.000,0.000,0.000,0.000,0.000,0.000,0.000,0.000,0.000,0.000,0.000,0.000,0.000,0.000,0.000,0.000,0.000,0.000,0.000,0.000,0.000,0.000,0.000,0.000,0.000,0.000,0.000,0.000,0.000,0.000,0.000,0.000,0.000,0.000,0.000,0.000,0.000,0.000,0.000,0.000,0.000,0.000,0.000,0.000,0.000,0.000,0.000,0.000,0.000,0.000,0.000,0.000,0.000,0.000,0.000,0.000,0.000,0.000,0.000,0.000,0.000
0.000,0.000,0.000,0.000,0.000,0.000,0.000,0.000,0.000,0.000,0.000,0.000,0.000,0.000,0.000,0.000,0.000,0.000,0.000,0.000,0.000,0.000,0.000,0.000,0.000,0.000,0.000,0.000,0.000,0.000,0.000,0.000,0.000,0.000,0.000,0.000,0.000,0.000,0.000,0.000,0.000,0.000,0.000,0.000,0.000,0.000,0.000,0.000,0.000,0.000,0.000,0.000,0.000,0.000,0.000,0.000,0.000,0.000,0.000,0.000,0.000,0.000,0.000,0.000,0.000,0.000,0.000,0.000,0.000,0.000,0.000,0.000,0.000,0.000,0.000,0.000,0.000,0.000,0.000,0.000
0.000,0.000,0.000,0.000,0.000,0.000,0.000,0.000,0.000,0.000,0.000,0.000,0.000,0.000,0.000,0.000,0.000,0.000,0.000,0.000,0.000,0.000,0.000,0.000,0.000,0.000,0.000,0.000,0.000,0.000,0.000,0.000,0.000,0.000,0.000,0.000,0.000,0.000,0.000,0.000,0.000,0.000,0.000,0.000,0.000,0.000,0.000,0.000,0.000,0.000,0.000,0.000,0.000,0.000,0.000,0.000,0.000,0.000,0.000,0.000,0.000,0.000,0.000,0.000,0.000,0.000,0.000,0.000,0.000,0.000,0.000,0.000,0.000,0.000,0.000,0.000,0.000,0.000,0.000,0.000
0.000,0.000,0.000,0.000,0.000,0.000,0.000,0.000,0.000,0.000,0.000,0.000,0.000,0.000,0.000,0.000,0.000,0.000,0.000,0.000,0.000,0.000,0.000,0.000,0.000,0.000,0.000,0.000,0.000,0.000,0.000,0.000,0.000,0.000,0.000,0.000,0.000,0.000,0.000,0.000,0.000,0.000,0.000,0.000,0.000,0.000,0.000,0.000,0.000,0.000,0.000,0.000,0.000,0.000,0.000,0.000,0.000,0.000,0.000,0.000,0.000,0.000,0.000,0.000,0.000,0.000,0.000,0.000,0.000,0.000,0.000,0.000,0.000,0.000,0.000,0.000,0.000,0.000,0.000,0.000
0.000,0.000,0.000,0.000,0.000,0.000,0.000,0.000,0.000,0.000,0.000,0.000,0.000,0.000,0.000,0.000,0.000,0.000,0.000,0.000,0.000,0.000,0.000,0.000,0.000,0.000,0.000,0.000,0.000,0.000,0.000,0.000,0.000,0.000,0.000,0.000,0.000,0.000,0.000,0.000,0.000,0.000,0.000,0.000,0.000,0.000,0.000,0.000,0.000,0.000,0.000,0.000,0.000,0.000,0.000,0.000,0.000,0.000,0.000,0.000,0.000,0.000,0.000,0.000,0.000,0.000,0.000,0.000,0.000,0.000,0.000,0.000,0.000,0.000,0.000,0.000,0.000,0.000,0.000,0.000
0.000,0.000,0.000,0.000,0.000,0.000,0.000,0.000,0.000,0.000,0.000,0.000,0.000,0.000,0.000,0.000,0.000,0.000,0.000,0.000,0.000,0.000,0.000,0.000,0.000,0.000,0.000,0.000,0.000,0.000,0.000,0.000,0.000,0.000,0.000,0.000,0.000,0.000,0.000,0.000,0.000,0.000,0.000,0.000,0.000,0.000,0.000,0.000,0.000,0.000,0.000,0.000,0.000,0.000,0.000,0.000,0.000,0.000,0.000,0.000,0.000,0.000,0.000,0.000,0.000,0.000,0.000,0.000,0.000,0.000,0.000,0.000,0.000,0.000,0.000,0.000,0.000,0.000,0.000,0.000
0.000,0.000,0.000,0.000,0.000,0.000,0.000,1.000,0.000,0.000,0.000,0.000,0.000,0.000,0.000,0.000,1.000,0.000,0.000,0.000,0.000,0.000,0.000,0.000,0.000,0.000,0.000,0.000,0.000,0.000,0.000,0.000,0.000,0.000,0.000,0.000,0.000,0.000,0.000,0.000,0.000,0.000,0.000,0.000,0.000,0.000,0.000,0.000,0.000,0.000,0.000,0.000,0.000,0.000,0.000,0.000,0.000,0.000,0.000,0.000,0.000,0.000,0.000,0.000,0.000,0.000,0.000,0.000,0.000,0.000,0.000,0.000,0.000,0.000,0.000,0.000,0.000,0.000,0.000,0.000
0.000,0.000,0.000,0.000,0.000,0.000,0.000,0.000,0.000,0.000,0.000,0.000,0.000,0.000,0.000,0.000,0.000,0.000,0.000,0.000,0.000,0.000,0.000,0.000,0.000,0.000,0.000,0.000,0.000,0.000,0.000,0.000,0.000,0.000,0.000,0.000,0.000,0.000,0.000,0.000,0.000,0.000,0.000,0.000,0.000,0.000,0.000,0.000,0.000,0.000,0.000,0.000,0.000,0.000,0.000,0.000,0.000,0.000,0.000,0.000,0.000,0.000,0.000,0.000,0.000,0.000,0.000,0.000,0.000,0.000,0.000,0.000,0.000,0.000,0.000,0.000,0.000,0.000,0.000,0.000
0.000,0.000,0.000,0.000,0.000,0.000,0.000,0.000,0.000,0.000,0.000,0.000,0.000,0.000,0.000,0.000,0.000,0.000,0.000,0.000,0.000,0.000,0.000,0.000,0.000,0.000,0.000,0.000,0.000,0.000,0.000,0.000,0.000,0.000,0.000,0.000,0.000,0.000,0.000,0.000,0.000,0.000,0.000,0.000,0.000,0.000,0.000,0.000,0.000,0.000,0.000,0.000,0.000,0.000,0.000,0.000,0.000,0.000,0.000,0.000,0.000,0.000,0.000,0.000,0.000,0.000,0.000,0.000,0.000,0.000,0.000,0.000,0.000,0.000,0.000,0.000,0.000,0.000,0.000,0.000
0.000,0.000,0.000,0.000,0.000,0.000,0.000,0.000,0.000,0.000,0.000,0.000,0.000,0.000,0.000,0.000,0.000,0.000,0.000,0.000,0.000,0.000,0.000,0.000,0.000,0.000,0.000,0.000,0.000,0.000,0.000,0.000,0.000,0.000,0.000,0.000,0.000,0.000,0.000,0.000,0.000,0.000,0.000,0.000,0.000,0.000,0.000,0.000,0.000,0.000,0.000,0.000,0.000,0.000,0.000,0.000,0.000,0.000,0.000,0.000,0.000,0.000,0.000,0.000,0.000,0.000,0.000,0.000,0.000,0.000,0.000,0.000,0.000,0.000,0.000,0.000,0.000,0.000,0.000,0.000
0.000,0.000,0.000,0.000,0.000,0.000,0.000,0.000,0.000,0.000,0.000,0.000,0.000,0.000,0.000,0.000,0.000,0.000,0.000,0.000,0.000,0.000,0.000,0.000,0.000,0.000,0.000,0.000,0.000,0.000,0.000,0.000,0.000,0.000,0.000,0.000,0.000,0.000,0.000,0.000,0.000,0.000,0.000,0.000,0.000,0.000,0.000,1.000,0.000,0.000,0.000,0.000,0.000,0.000,0.000,0.000,0.000,0.000,0.000,0.000,0.000,0.000,0.000,0.000,0.000,0.000,0.000,0.000,0.000,0.000,0.000,0.000,0.000,0.000,1.000,0.000,0.000,0.000,0.000,0.000
0.000,0.000,0.000,0.000,0.000,0.000,0.000,0.000,0.000,0.000,0.000,0.000,0.000,0.000,0.000,0.000,0.000,0.000,0.000,0.000,0.000,0.000,0.000,0.000,0.000,0.000,0.000,0.000,0.000,0.000,0.000,0.000,0.000,0.000,0.000,0.000,0.000,0.000,0.000,0.000,0.000,0.000,0.000,1.000,0.000,0.000,0.000,0.000,0.000,0.000,0.000,0.000,0.000,0.000,0.000,0.000,0.000,0.000,0.000,0.000,0.000,0.000,0.000,0.000,0.000,0.000,0.000,0.000,0.000,0.000,0.000,0.000,0.000,0.000,0.000,0.000,0.000,0.000,0.000,0.000
0.000,0.000,0.000,0.000,0.000,0.000,0.000,0.000,0.000,0.000,0.000,0.000,0.000,0.000,0.000,0.000,0.000,0.000,0.000,0.000,0.000,0.000,0.000,0.000,0.000,0.000,0.000,0.000,0.000,0.000,0.000,0.000,0.000,0.000,0.000,0.000,0.000,0.000,0.000,0.000,0.000,0.000,0.000,0.000,0.000,0.000,0.000,0.000,0.000,0.000,0.000,0.000,0.000,0.000,0.000,0.000,0.000,0.000,0.000,0.000,0.000,0.000,0.000,0.000,0.000,0.000,0.000,0.000,1.000,0.000,0.000,0.000,0.000,0.000,0.000,0.000,0.000,0.000,0.000,0.000
0.000,0.000,0.000,0.000,0.000,0.000,0.000,0.000,0.000,0.000,0.000,0.000,0.000,0.000,0.000,0.000,0.000,0.000,0.000,0.000,0.000,0.000,0.000,0.000,0.000,0.000,0.000,0.000,0.000,0.000,0.000,0.000,0.000,0.000,0.000,0.000,0.000,0.000,0.000,0.000,0.000,0.000,0.000,0.000,0.000,0.000,0.000,0.000,0.000,0.000,0.000,0.000,0.000,0.000,0.000,0.000,0.000,0.000,0.000,0.000,0.000,0.000,0.000,0.000,0.000,0.000,0.000,0.000,0.000,0.000,0.000,0.000,0.000,0.000,0.000,0.000,0.000,0.000,0.000,0.000
0.000,0.000,0.000,0.000,0.000,0.000,0.000,0.000,0.000,0.000,0.000,0.000,0.000,0.000,0.000,0.000,0.000,0.000,0.000,0.000,0.000,0.000,0.000,0.000,0.000,0.000,0.000,0.000,0.000,0.000,0.000,0.000,0.000,0.000,0.000,0.000,0.000,0.000,0.000,0.000,0.000,0.000,0.000,0.000,0.000,0.000,0.000,0.000,0.000,0.000,0.000,0.000,0.000,0.000,0.000,0.000,0.000,0.000,0.000,0.000,0.000,0.000,0.000,0.000,0.000,0.000,0.000,0.000,0.000,0.000,0.000,0.000,0.000,0.000,0.000,0.000,0.000,0.000,0.000,0.000
0.000,0.000,0.000,0.000,0.000,0.000,0.000,0.000,0.000,0.000,0.000,0.000,0.000,0.000,0.000,0.000,0.000,0.000,0.000,0.000,0.000,0.000,0.000,0.000,0.000,0.000,0.000,0.000,0.000,0.000,0.000,0.000,0.000,0.000,0.000,0.000,0.000,0.000,0.000,0.000,0.000,0.000,0.000,0.000,0.000,0.000,0.000,0.000,0.000,0.000,0.000,0.000,0.000,0.000,0.000,0.000,0.000,0.000,0.000,0.000,0.000,0.000,0.000,0.000,0.000,0.000,0.000,0.000,0.000,0.000,0.000,0.000,0.000,0.000,0.000,0.000,0.000,0.000,0.000,0.000
0.000,0.000,0.000,0.000,0.000,0.000,0.000,0.000,0.000,0.000,0.000,0.000,0.000,0.000,0.000,0.000,0.000,0.000,0.000,0.000,0.000,0.000,0.000,0.000,0.000,0.000,0.000,0.000,0.000,0.000,0.000,0.000,0.000,0.000,0.000,0.000,0.000,0.000,0.000,0.000,0.000,0.000,0.000,0.000,0.000,0.000,0.000,0.000,0.000,0.000,0.000,0.000,0.000,0.000,0.000,0.000,0.000,0.000,0.000,0.000,0.000,0.000,0.000,0.000,0.000,0.000,0.000,0.000,0.000,0.000,0.000,0.000,0.000,0.000,0.000,0.000,0.000,0.000,0.000,0.000
0.000,0.000,0.000,0.000,0.000,0.000,0.000,0.000,0.000,0.000,0.000,0.000,0.000,0.000,0.000,0.000,0.000,0.000,0.000,0.000,0.000,0.000,0.000,0.000,0.000,0.000,0.000,0.000,0.000,0.000,0.000,0.000,0.000,0.000,0.000,0.000,0.000,0.000,0.000,0.000,0.000,0.000,0.000,0.000,0.000,0.000,0.000,0.000,0.000,0.000,0.000,0.000,0.000,0.000,0.000,0.000,0.000,0.000,0.000,0.000,0.000,0.000,0.000,0.000,0.000,0.000,0.000,0.000,0.000,0.000,0.000,0.000,0.000,0.000,0.000,0.000,0.000,0.000,0.000,0.000
0.000,0.000,0.000,0.000,0.000,0.000,0.000,0.000,0.000,0.000,0.000,0.000,0.000,0.000,0.000,0.000,0.000,0.000,0.000,0.000,0.000,0.000,0.000,0.000,0.000,0.000,0.000,0.000,0.000,0.000,0.000,0.000,0.000,0.000,0.000,0.000,0.000,0.000,0.000,0.000,0.000,0.000,0.000,0.000,0.000,0.000,0.000,0.000,0.000,0.000,0.000,0.000,0.000,0.000,0.000,0.000,0.000,0.000,0.000,0.000,0.000,0.000,0.000,0.000,0.000,0.000,0.000,0.000,0.000,0.000,0.000,0.000,0.000,0.000,0.000,0.000,0.000,0.000,0.000,0.000
0.000,0.000,0.000,0.000,0.000,0.000,0.000,0.000,0.000,0.000,0.000,0.000,0.000,0.000,0.000,0.000,0.000,0.000,0.000,0.000,0.000,0.000,0.000,0.000,0.000,0.000,0.000,0.000,0.000,0.000,0.000,0.000,0.000,0.000,0.000,0.000,0.000,0.000,0.000,0.000,0.000,0.000,0.000,0.000,0.000,0.000,0.000,0.000,0.000,0.000,0.000,0.000,0.000,0.000,0.000,0.000,0.000,0.000,0.000,0.000,0.000,0.000,0.000,0.000,0.000,0.000,0.000,0.000,0.000,0.000,0.000,0.000,0.000,0.000,0.000,0.000,0.000,0.000,0.000,0.000
0.000,0.000,0.000,0.000,0.000,0.000,0.000,0.000,0.000,0.000,0.000,0.000,0.000,0.000,0.000,0.000,0.000,0.000,0.000,0.000,0.000,0.000,0.000,0.000,0.000,0.000,0.000,0.000,0.000,0.000,0.000,0.000,0.000,0.000,0.000,0.000,0.000,0.000,0.000,0.000,0.000,0.000,0.000,0.000,0.000,0.000,0.000,0.000,0.000,0.000,0.000,0.000,0.000,0.000,0.000,0.000,0.000,0.000,0.000,0.000,0.000,0.000,0.000,0.000,0.000,0.000,0.000,0.000,0.000,0.000,0.000,0.000,0.000,0.000,0.000,0.000,0.000,0.000,0.000,0.000
0.000,0.000,0.000,0.000,0.000,0.000,0.000,0.000,0.000,0.000,0.000,0.000,0.000,0.000,0.000,0.000,0.000,0.000,0.000,0.000,0.000,0.000,0.000,0.000,0.000,0.000,0.000,0.000,0.000,0.000,0.000,0.000,0.000,0.000,0.000,0.000,0.000,0.000,0.000,0.000,0.000,0.000,0.000,0.000,0.000,0.000,0.000,0.000,0.000,0.000,0.000,0.000,0.000,0.000,0.000,0.000,0.000,0.000,0.000,0.000,0.000,0.000,0.000,0.000,0.000,0.000,0.000,0.000,0.000,0.000,0.000,0.000,0.000,0.000,0.000,0.000,0.000,0.000,0.000,0.000
0.000,0.000,0.000,0.000,0.000,0.000,0.000,0.000,0.000,0.000,0.000,0.000,0.000,0.000,0.000,0.000,0.000,0.000,0.000,0.000,0.000,0.000,0.000,0.000,0.000,0.000,0.000,0.000,0.000,0.000,0.000,0.000,0.000,0.000,0.000,0.000,0.000,0.000,0.000,0.000,0.000,0.000,0.000,0.000,0.000,0.000,0.000,0.000,0.000,0.000,0.000,1.000,0.000,0.000,0.000,0.000,0.000,0.000,0.000,0.000,1.000,0.000,0.000,0.000,0.000,0.000,0.000,0.000,0.000,0.000,0.000,0.000,0.000,0.000,0.000,0.000,0.000,0.000,0.000,1.000
0.000,0.000,0.000,0.000,0.000,0.000,0.000,0.000,0.000,0.000,0.000,0.000,0.000,0.000,0.000,0.000,0.000,0.000,0.000,0.000,0.000,0.000,0.000,0.000,0.000,0.000,0.000,0.000,0.000,0.000,0.000,0.000,0.000,0.000,0.000,0.000,0.000,0.000,0.000,0.000,0.000,0.000,0.000,0.000,0.000,0.000,0.000,0.000,0.000,0.000,0.000,0.000,0.000,0.000,0.000,0.000,0.000,0.000,0.000,0.000,0.000,0.000,0.000,0.000,0.000,0.000,0.000,0.000,0.000,0.000,0.000,0.000,0.000,0.000,0.000,0.000,0.000,0.000,0.000,0.000
0.000,0.000,0.000,0.000,0.000,0.000,0.000,0.000,0.000,0.000,0.000,0.000,0.000,0.000,0.000,0.000,0.000,0.000,0.000,0.000,0.000,0.000,0.000,0.000,0.000,0.000,0.000,0.000,1.000,0.000,0.000,0.000,0.000,0.000,0.000,0.000,0.000,0.000,0.000,0.000,0.000,0.000,1.000,0.000,0.000,0.000,0.000,0.000,0.000,0.000,0.000,0.000,0.000,0.000,0.000,0.000,0.000,0.000,0.000,0.000,0.000,0.000,0.000,0.000,0.000,0.000,0.000,0.000,0.000,1.000,0.000,0.000,0.000,0.000,0.000,0.000,0.000,0.000,0.000,0.000
0.000,0.000,0.000,0.000,0.000,0.000,0.000,0.000,0.000,0.000,0.000,0.000,0.000,0.000,0.000,0.000,0.000,0.000,0.000,0.000,0.000,0.000,0.000,0.000,0.000,0.000,0.000,0.000,0.000,0.000,0.000,0.000,0.000,0.000,0.000,0.000,0.000,0.000,0.000,0.000,0.000,0.000,0.000,0.000,0.000,0.000,0.000,0.000,0.000,0.000,0.000,0.000,0.000,0.000,0.000,0.000,0.000,0.000,0.000,0.000,0.000,0.000,0.000,0.000,0.000,0.000,0.000,0.000,0.000,0.000,0.000,0.000,0.000,0.000,0.000,0.000,0.000,0.000,0.000,0.000
0.000,0.000,0.000,0.000,0.000,0.000,0.000,0.000,0.000,0.000,0.000,0.000,0.000,0.000,0.000,0.000,0.000,0.000,0.000,0.000,0.000,0.000,0.000,0.000,0.000,0.000,0.000,0.000,0.000,0.000,0.000,0.000,0.000,0.000,0.000,0.000,0.000,0.000,0.000,0.000,0.000,0.000,0.000,0.000,0.000,0.000,0.000,0.000,0.000,0.000,0.000,0.000,0.000,0.000,0.000,0.000,0.000,0.000,0.000,0.000,0.000,0.000,0.000,0.000,0.000,0.000,0.000,0.000,0.000,0.000,0.000,0.000,0.000,0.000,0.000,0.000,0.000,0.000,0.000,0.000
0.000,0.000,0.000,0.000,0.000,0.000,0.000,0.000,0.000,0.000,0.000,0.000,0.000,0.000,0.000,0.000,0.000,0.000,0.000,0.000,0.000,0.000,0.000,0.000,0.000,0.000,0.000,0.000,0.000,0.000,0.000,0.000,0.000,0.000,0.000,0.000,0.000,0.000,0.000,0.000,0.000,0.000,0.000,0.000,0.000,0.000,0.000,0.000,0.000,0.000,0.000,0.000,0.000,0.000,0.000,0.000,0.000,0.000,0.000,0.000,0.000,0.000,0.000,0.000,0.000,0.000,0.000,0.000,0.000,0.000,0.000,0.000,0.000,0.000,0.000,0.000,0.000,0.000,0.000,0.000
0.000,0.000,0.000,0.000,0.000,0.000,0.000,0.000,0.000,0.000,0.000,0.000,0.000,0.000,0.000,0.000,0.000,0.000,0.000,0.000,0.000,0.000,0.000,0.000,0.000,0.000,0.000,0.000,0.000,0.000,0.000,0.000,0.000,0.000,0.000,0.000,0.000,0.000,0.000,0.000,0.000,0.000,0.000,0.000,0.000,0.000,0.000,0.000,0.000,0.000,0.000,0.000,0.000,0.000,0.000,0.000,0.000,0.000,0.000,0.000,0.000,0.000,0.000,0.000,0.000,0.000,0.000,0.000,0.000,0.000,0.000,0.000,0.000,0.000,0.000,0.000,0.000,0.000,0.000,0.000
110.000,165.000,169.000,102.000,135.000,172.000,124.000,192.000,168.000,200.000,101.000,115.000,109.000,113.000,197.000,185.000,106.000,174.000,113.000,119.000,197.000,124.000,127.000,187.000,107.000,157.000,186.000,147.000,102.000,181.000,121.000,148.000,162.000,192.000,117.000,164.000,117.000,152.000,161.000,131.000,183.000,118.000,121.000,123.000,148.000,180.000,104.000,197.000,136.000,173.000,185.000,158.000,165.000,195.000,178.000,107.000,140.000,189.000,123.000,158.000,118.000,134.000,162.000,190.000,175.000,125.000,127.000,133.000,148.000,186.000,157.000,197.000,132.000,136.000,164.000,123.000,136.000,170.000,170.000,175.000
0.000,0.000,0.000,0.000,0.000,0.000,0.000,0.000,0.000,0.000,0.000,0.000,0.000,0.000,0.000,0.000,0.000,0.000,0.000,0.000,0.000,0.000,0.000,0.000,0.000,0.000,0.000,0.000,0.000,0.000,0.000,0.000,0.000,0.000,0.000,0.000,0.000,0.000,0.000,0.000,0.000,0.000,0.000,0.000,0.000,0.000,0.000,0.000,0.000,0.000,0.000,0.000,0.000,0.000,0.000,0.000,0.000,0.000,0.000,0.000,0.000,0.000,0.000,0.000,0.000,0.000,0.000,0.000,0.000,0.000,0.000,0.000,0.000,0.000,0.000,0.000,0.000,0.000,0.000,0.000
331.169
