88.000,18.000,56.000,2.000,28.000,21.000,42.000,65.000,46.000,16.000,7.000,69.000,11.000,66.000,99.000,79.000,31.000,82.000,68.000,54.000,35.000,56.000,79.000,60.000,10.000,5.000,28.000,5.000,77.000,31.000,54.000,57.000,97.000,41.000,72.000,35.000,21.000,61.000,62.000,48.000,8.000,84.000,19.684,91.000,5.000,52.000,75.000,87.000,94.000,42.000,55.000,82.000,31.000,26.000,26.000,44.000,93.000,10.000,42.000,59.000,14.000,4.000,82.000,63.000,45.000,59.000,56.000,81.000,63.000,92.000,40.000,80.000,41.000,21.000,79.000,81.000,63.000,20.000,94.000,12.789
99.000,27.000,56.000,64.000,99.000,30.000,14.000,13.000,86.000,83.000,50.000,72.000,34.000,27.000,36.000,81.000,100.000,55.000,28.000,38.000,76.000,80.000,59.000,26.000,51.000,10.000,100.000,56.000,76.000,64.000,27.000,57.000,1.000,9.000,59.000,29.000,23.000,34.000,15.000,79.000,16.000,99.000,87.000,60.000,88.000,65.000,36.000,35.000,17.000,45.000,71.000,58.000,52.000,94.000,47.000,70.000,36.000,26.000,69.000,18.000,5.000,89.000,17.000,31.000,73.000,92.000,98.000,27.000,56.000,52.000,93.000,78.000,44.000,36.000,21.000,67.000,80.000,82.000,11.000,64.000
35.000,45.000,1.000,16.000,76.000,25.000,16.000,74.000,11.000,1.000,46.000,10.000,77.000,46.000,6.000,2.000,87.000,80.000,12.000,3.000,20.000,26.000,71.000,24.000,34.000,55.000,64.000,37.000,39.000,49.000,3.000,76.000,20.000,89.000,29.000,24.000,25.000,98.000,21.000,100.000,68.000,8.000,31.000,12.000,33.000,60.000,65.000,18.000,38.000,26.000,92.000,72.000,55.000,94.000,57.000,87.000,8.000,83.000,90.000,10.000,89.000,57.000,98.000,73.000,7.000,6.000,43.000,10.000,33.000,15.000,21.000,32.000,3.000,86.000,77.000,98.000,24.000,4.000,10.000,55.000
2.000,47.000,11.000,25.000,99.000,25.000,11.789,18.000,16.000,73.000,97.000,96.000,54.000,27.000,19.947,23.000,17.000,33.000,10.000,59.000,54.000,70.000,93.000,7.000,30.000,15.000,16.316,19.000,35.000,22.000,75.000,41.000,17.000,33.000,13.000,28.000,34.000,14.000,30.000,17.368,53.000,61.000,29.000,32.000,2.000,22.000,11.000,54.000,23.000,4.000,30.000,99.000,10.000,60.000,40.000,1.000,57.000,11.000,21.000,79.000,81.000,100.000,73.000,80.000,62.000,85.000,91.000,79.000,66.000,84.000,36.000,98.000,87.000,69.000,32.000,18.000,60.000,46.000,41.000,48.000
68.000,5.000,40.000,77.000,68.000,12.000,60.000,85.000,73.000,42.000,38.000,78.000,73.000,77.000,74.000,10.000,18.000,40.000,71.000,36.000,48.000,58.000,96.000,33.000,31.000,13.000,41.000,40.000,17.000,59.000,8.000,43.000,74.000,1.000,91.000,39.000,62.000,7.263,87.000,100.000,60.000,77.000,30.000,38.000,33.000,3.000,31.000,31.000,25.000,42.000,12.000,50.000,73.000,14.000,46.000,75.000,89.000,91.000,16.000,37.000,73.000,37.000,69.000,13.000,96.000,4.000,19.000,95.000,17.000,7.000,30.000,63.000,57.000,7.000,47.000,74.000,56.000,83.000,72.000,62.000
49.000,13.000,18.000,48.000,18.895,57.000,32.000,81.000,21.000,98.000,18.000,87.000,56.000,45.000,57.000,72.000,40.000,53.000,93.000,44.000,20.000,4.000,82.000,29.000,76.000,53.000,62.000,16.000,94.000,46.000,86.000,68.000,82.000,32.000,22.000,36.000,74.000,52.000,17.105,44.000,89.000,27.000,83.000,26.000,19.000,64.000,20.000,49.000,59.000,47.000,83.000,24.000,72.000,3.000,2.000,9.000,79.000,97.000,16.000,5.000,8.000,45.000,62.000,7.000,30.000,19.000,80.000,11.000,43.000,65.000,10.000,96.000,82.000,44.000,78.000,4.000,36.000,93.000,25.000,71.000
3.000,52.000,53.000,52.000,37.000,27.000,12.000,100.000,67.000,32.000,49.000,64.000,75.000,39.000,11.000,17.000,92.000,63.000,65.000,3.000,64.000,78.000,27.000,89.000,59.000,14.000,47.000,91.000,21.000,8.000,90.000,84.000,5.000,73.000,68.000,86.000,51.000,29.000,77.000,78.000,35.000,66.000,23.000,94.000,79.000,20.000,99.000,92.000,39.000,80.000,47.000,58.000,56.000,61.000,81.000,79.000,64.000,11.000,92.000,61.000,36.000,67.000,28.000,21.000,72.000,56.000,62.000,61.000,82.000,86.000,90.000,83.000,41.000,58.000,12.000,10.000,17.000,64.000,55.000,24.000
75.000,88.000,7.000,91.000,80.000,29.000,88.000,89.000,32.000,15.000,47.000,77.000,9.000,50.000,70.000,85.000,75.000,30.000,28.000,20.000,28.000,29.000,50.000,23.000,22.000,74.000,80.000,94.000,78.000,40.000,6.000,66.000,51.000,24.000,82.000,13.000,38.000,18.000,91.000,20.000,21.000,76.000,74.000,29.000,52.000,1.000,8.000,36.000,9.000,24.000,10.000,89.000,30.000,22.000,79.000,49.000,48.000,55.000,26.000,46.000,29.000,66.000,88.000,59.000,94.000,58.000,66.000,97.000,39.000,21.000,90.000,65.000,9.000,66.000,24.000,31.000,6.000,63.000,8.000,11.000
92.000,99.000,73.000,11.000,19.000,86.000,92.000,33.000,26.000,15.000,2.000,67.000,63.000,60.000,35.000,93.000,89.000,64.000,5.000,84.000,14.000,85.000,95.000,47.000,87.000,13.000,46.000,1.000,48.000,24.000,11.000,68.000,2.000,84.000,42.000,93.000,54.000,66.000,6.000,100.000,81.000,3.000,66.000,67.000,17.895,87.000,20.000,3.000,71.000,76.000,12.000,18.000,56.000,84.000,28.000,50.000,40.000,12.000,57.000,89.000,60.000,52.000,35.000,93.000,31.000,11.000,44.000,98.000,83.000,40.000,71.000,99.000,68.000,5.000,27.000,73.000,4.000,38.000,5.000,21.000
32.000,34.000,89.000,88.000,37.000,3.000,88.000,86.000,52.000,90.000,30.000,11.000,35.000,19.000,71.000,71.000,30.000,2.000,49.000,50.000,79.000,86.000,14.000,52.000,40.000,32.000,61.000,75.000,22.000,97.000,22.000,78.000,20.000,62.000,49.000,59.000,28.000,70.000,89.000,50.000,15.000,43.000,39.000,43.000,20.000,62.000,92.000,81.000,97.000,11.000,33.000,59.000,91.000,56.000,38.000,29.000,81.000,52.000,66.000,76.000,56.000,69.000,22.316,11.000,17.000,95.000,15.632,66.000,49.000,83.000,95.000,39.000,14.000,74.000,49.000,4.000,3.000,31.000,2.000,50.000
53.000,30.000,17.000,33.000,90.000,14.000,33.000,82.000,49.000,15.000,79.000,64.000,29.000,47.000,13.000,68.000,37.000,73.000,17.000,91.000,31.000,96.000,74.000,87.000,50.000,35.000,35.000,67.000,87.000,41.000,40.000,39.000,75.000,60.000,88.000,99.000,25.000,88.000,5.000,17.000,77.000,7.000,46.000,14.000,45.000,19.000,41.000,24.000,34.000,92.000,26.000,41.000,42.000,2.000,13.000,42.000,12.000,91.000,28.000,47.000,96.000,99.000,24.000,87.000,61.000,95.000,16.000,46.000,91.000,23.000,99.000,69.000,48.000,75.000,47.000,2.000,68.000,88.000,28.000,37.000
69.000,10.000,78.000,37.000,41.000,89.000,25.000,77.000,66.000,14.000,55.000,65.000,32.000,44.000,69.000,5.000,88.000,80.000,27.000,77.000,68.000,27.000,20.000,41.000,43.000,47.000,46.000,70.000,88.000,46.000,89.000,37.000,64.000,20.000,57.000,53.000,89.000,96.000,25.000,63.000,48.000,29.000,5.000,15.000,50.000,21.000,24.000,47.000,84.000,86.000,40.000,37.000,35.000,72.000,35.000,48.000,41.000,56.000,67.000,93.000,75.000,23.000,32.000,6.000,82.000,97.000,64.000,46.000,90.000,85.000,67.000,100.000,9.000,86.000,88.000,66.000,47.000,53.000,43.000,87.000
47.000,75.000,26.000,75.000,26.000,71.000,38.000,20.000,67.000,54.000,90.000,57.000,88.000,69.000,89.000,66.000,1.000,10.000,70.000,14.000,87.000,36.000,32.000,65.000,2.000,62.000,28.000,46.000,90.000,93.000,76.000,62.000,3.000,4.000,59.000,25.000,38.000,36.000,47.000,71.000,38.000,5.000,47.000,29.000,44.000,90.000,65.000,59.000,8.000,16.000,64.000,56.000,71.000,75.000,42.000,80.000,18.000,14.000,90.000,22.000,75.000,35.000,97.000,19.000,35.000,18.000,42.000,14.000,72.000,50.000,20.000,28.000,11.000,63.000,62.000,39.000,32.000,56.000,43.000,83.000
79.000,96.000,97.000,40.000,50.000,72.000,35.000,85.000,39.000,75.000,59.000,2.000,94.000,45.000,39.000,15.000,66.000,8.000,22.000,99.000,95.000,93.000,9.000,25.000,66.000,22.000,70.000,23.000,17.000,60.000,7.000,70.000,18.000,12.000,13.000,24.000,31.000,52.000,82.000,10.000,73.000,94.000,57.000,27.000,87.000,39.000,56.000,100.000,63.000,55.000,33.000,99.000,20.000,67.000,44.000,80.000,53.000,54.000,98.000,85.000,16.000,18.000,40.000,42.000,51.000,49.000,82.000,28.000,70.000,65.000,1.000,97.000,49.000,77.000,39.000,49.000,47.000,52.000,55.000,15.000
50.000,48.000,61.000,38.000,11.000,38.000,10.000,39.000,57.000,100.000,45.000,85.000,53.000,96.000,42.000,31.000,60.000,39.000,100.000,60.000,11.000,28.000,39.000,56.000,70.000,41.000,81.000,39.000,44.000,38.000,54.000,84.000,96.000,1.000,74.000,66.000,82.000,72.000,62.000,73.000,84.000,49.000,83.000,10.000,66.000,24.000,50.000,2.000,7.000,6.000,44.000,46.000,34.000,95.000,3.000,80.000,93.000,68.000,42.000,32.000,54.000,100.000,3.000,18.000,22.000,2.000,89.000,17.000,52.000,95.000,81.000,48.000,54.000,4.000,33.000,57.000,17.000,89.000,18.000,57.000
26.000,25.000,76.000,21.000,98.000,41.000,50.000,6.000,24.000,56.000,40.000,66.000,70.000,55.000,59.000,53.000,54.000,40.000,3.000,19.000,55.000,48.000,34.000,25.000,76.000,78.000,73.000,9.000,19.000,86.000,92.000,64.000,21.000,67.000,54.000,29.000,51.000,48.000,29.000,74.000,83.000,53.000,34.000,58.000,53.000,46.000,32.000,50.000,43.000,74.000,7.000,91.000,60.000,29.000,24.000,20.000,10.000,79.000,15.000,39.000,27.000,44.000,76.000,83.000,84.000,60.000,50.000,34.000,81.000,63.000,63.000,95.000,49.000,92.000,62.000,42.000,58.000,24.000,35.000,87.000
58.000,77.000,72.000,46.000,18.000,37.000,27.000,46.000,46.000,81.000,77.000,7.000,85.000,80.000,4.000,21.000,90.000,57.000,3.000,69.000,13.000,29.000,23.000,65.000,90.000,84.000,57.000,51.000,57.000,6.000,45.000,49.000,60.000,28.000,92.000,88.000,47.000,23.000,61.000,60.000,81.000,51.000,92.000,3.000,69.000,23.000,68.000,42.000,61.000,23.000,38.000,94.000,78.000,75.000,97.000,48.000,80.000,9.000,15.000,44.000,15.000,66.000,41.000,17.000,97.000,31.000,3.000,54.000,43.000,88.000,86.000,78.000,47.000,15.000,62.000,70.000,46.000,13.000,5.000,86.000
3.000,24.000,49.000,38.000,18.895,89.000,24.000,78.000,5.000,27.000,81.000,27.000,41.000,17.000,71.000,18.000,63.000,74.000,60.000,72.000,82.000,43.000,83.000,4.000,32.000,13.000,100.000,42.000,36.000,51.000,61.000,36.000,39.000,2.000,67.000,11.158,40.000,99.000,87.000,10.000,84.000,76.000,20.000,15.000,2.000,27.000,63.000,91.000,33.000,71.000,93.000,63.000,95.000,40.000,48.000,1.000,95.000,87.000,35.000,14.000,69.000,64.000,16.000,93.000,66.000,66.000,82.000,37.000,71.000,99.000,59.000,10.000,49.000,91.000,97.000,44.000,20.000,53.000,23.000,4.000
37.000,86.000,7.000,73.000,25.000,90.000,32.000,52.000,29.000,75.000,76.000,82.000,85.000,63.000,18.000,60.000,59.000,13.000,94.000,91.000,27.000,51.000,72.000,92.000,6.000,89.000,89.000,32.000,91.000,70.000,10.000,48.000,57.000,86.000,87.000,95.000,66.000,58.000,64.000,44.000,1.000,25.000,23.000,87.000,70.000,39.000,28.000,18.000,48.000,92.000,55.000,11.000,92.000,83.000,80.000,24.000,76.000,40.000,67.000,16.000,55.000,76.000,79.000,38.000,53.000,44.000,47.000,47.000,9.000,65.000,50.000,29.000,70.000,91.000,50.000,67.000,7.000,67.000,55.000,6.000
31.000,94.000,9.000,69.000,34.000,15.000,87.000,27.000,93.000,43.000,18.000,17.000,7.000,38.000,70.000,40.000,36.000,75.000,3.000,61.000,40.000,6.000,40.000,20.000,34.000,42.000,64.000,56.000,90.000,56.000,23.000,73.000,88.000,40.000,34.000,7.000,40.000,10.000,64.000,39.000,39.000,15.000,31.000,90.000,47.000,17.000,83.000,94.000,66.000,55.000,46.000,66.000,64.000,100.000,66.000,29.000,10.000,72.000,76.000,17.000,45.000,49.000,40.000,70.000,96.000,82.000,60.000,51.000,21.000,46.000,57.000,77.000,2.000,99.000,61.000,20.000,74.000,29.000,49.000,89.000
86.000,100.000,86.000,12.000,32.000,44.000,88.000,84.000,85.000,8.000,20.000,21.000,54.000,70.000,6.000,16.000,37.000,14.000,30.000,34.000,32.000,74.000,98.000,49.000,30.000,48.000,33.000,91.000,32.000,74.000,42.000,91.000,48.000,74.000,5.000,46.000,32.000,57.000,70.000,16.000,4.000,54.000,3.000,5.000,47.000,15.000,58.000,45.000,8.000,69.000,77.000,97.000,52.000,59.000,27.000,87.000,82.000,77.000,59.000,15.000,8.000,82.000,60.000,12.000,57.000,2.000,19.000,17.000,59.000,36.000,83.000,65.000,92.000,55.000,21.000,4.000,42.000,39.000,30.000,29.000
26.000,72.000,2.000,37.000,8.000,81.000,55.000,56.000,34.000,79.000,28.000,22.000,28.000,34.000,95.000,32.000,22.000,94.000,84.000,56.000,68.000,70.000,91.000,75.000,33.000,3.000,81.000,13.000,82.000,73.000,87.000,1.000,93.000,52.000,59.000,35.000,33.000,41.000,37.000,29.000,19.000,10.000,75.000,19.000,79.000,18.000,40.000,82.000,46.000,64.000,30.000,5.000,43.000,70.000,24.158,28.000,97.000,22.000,10.000,89.000,10.000,14.000,36.000,65.000,36.000,42.000,76.000,71.000,6.000,33.000,47.000,79.000,18.000,97.000,70.000,36.000,84.000,96.000,44.000,12.789
42.000,35.000,53.000,1.000,25.000,51.000,80.000,87.000,49.000,28.000,13.000,59.000,35.000,82.000,80.000,35.000,63.000,48.000,93.000,79.000,78.000,74.000,85.000,2.000,56.000,51.000,72.000,55.000,18.000,87.000,40.000,88.000,89.000,73.000,83.000,81.000,41.000,52.000,97.000,76.000,74.000,26.000,61.000,96.000,65.000,10.000,25.000,56.000,72.000,17.000,61.000,28.000,62.000,93.000,70.000,48.000,70.000,11.000,9.000,16.000,99.000,83.000,77.000,38.000,67.000,89.000,52.000,11.000,38.000,82.000,11.000,60.000,92.000,100.000,2.000,62.000,75.000,53.000,8.000,23.000
47.000,89.000,99.000,73.000,98.000,58.000,34.000,47.000,76.000,53.000,17.000,95.000,57.000,62.000,54.000,28.000,52.000,40.000,80.000,33.000,14.000,53.000,64.000,90.000,26.000,89.000,11.000,36.000,50.000,76.000,60.000,55.000,83.000,56.000,3.000,12.000,84.000,61.000,24.000,13.000,85.000,73.000,43.000,9.000,59.000,56.000,80.000,21.000,58.000,77.000,6.000,28.000,35.000,12.000,50.000,59.000,50.000,6.000,21.000,94.000,100.000,100.000,60.000,100.000,77.000,63.000,82.000,63.000,92.000,21.000,36.000,90.000,85.000,20.000,5.000,33.000,46.000,7.000,9.000,93.000
53.000,66.000,39.000,88.000,37.000,1.000,68.000,56.000,12.000,6.000,51.000,44.000,42.000,33.000,61.000,53.000,20.000,2.000,3.000,16.000,40.000,83.000,30.000,81.000,69.000,17.000,73.000,24.000,32.000,29.000,9.000,64.000,37.000,82.000,39.000,14.000,95.000,59.000,88.000,19.000,99.000,58.000,90.000,78.000,58.000,38.000,76.000,80.000,99.000,27.000,25.000,55.000,22.000,37.000,100.000,22.000,60.000,34.000,53.000,88.000,40.000,82.000,21.000,43.000,32.000,89.000,21.000,25.000,78.000,44.000,20.000,63.000,37.000,99.000,69.000,55.000,10.000,62.000,28.000,3.000
5.000,34.000,22.000,3.000,56.000,37.000,75.000,95.000,88.000,24.000,3.000,31.000,15.000,15.000,25.000,40.000,19.000,77.000,6.000,3.000,87.000,51.000,86.000,44.000,59.000,75.000,67.000,50.000,97.000,82.000,50.000,15.000,46.000,18.000,3.000,34.000,84.000,45.000,49.000,17.000,22.000,3.000,7.000,95.000,61.000,31.000,93.000,49.000,60.000,67.000,49.000,22.000,66.000,68.000,51.000,92.000,75.000,67.000,76.000,4.000,67.000,63.000,86.000,36.000,51.000,99.000,50.000,17.000,33.000,60.000,44.000,23.000,96.000,39.000,59.000,40.000,89.000,19.000,88.000,47.000
32.000,62.000,11.000,98.000,64.000,62.000,100.000,10.000,50.000,57.000,97.000,85.000,32.000,72.000,19.000,53.000,78.000,93.000,73.000,92.000,14.000,40.000,49.000,57.000,55.000,64.000,15.000,57.000,30.000,58.000,4.000,85.000,30.000,66.000,13.000,83.000,96.000,48.000,30.000,89.000,37.000,80.000,16.000,4.000,62.000,92.000,52.000,48.000,5.000,94.000,56.000,76.000,96.000,78.000,47.000,80.000,17.000,28.000,13.000,80.000,33.000,61.000,36.000,76.000,24.000,98.000,71.000,16.000,2.000,60.000,36.000,87.000,8.000,34.000,2.000,64.000,35.000,64.000,82.000,12.000
27.000,69.000,46.000,42.000,27.000,66.000,29.000,91.000,17.000,31.000,44.000,59.000,74.000,43.000,20.000,10.000,8.000,86.000,81.000,67.000,24.000,75.000,21.000,3.000,37.000,45.000,14.000,84.000,71.000,58.000,84.000,38.000,28.000,56.000,28.000,70.000,41.000,33.000,90.000,35.000,48.000,55.000,8.000,15.000,100.000,5.000,86.000,73.000,70.000,57.000,12.000,99.000,93.000,57.000,15.000,91.000,91.000,33.000,24.000,44.000,57.000,73.000,40.000,39.000,50.000,7.000,5.000,68.000,98.000,54.000,90.000,95.000,45.000,87.000,24.000,54.000,13.000,63.000,63.000,18.000
53.000,1.000,38.000,91.000,49.000,25.000,46.000,9.000,58.000,30.000,57.000,32.000,62.000,75.000,83.000,67.000,28.000,88.000,11.000,49.000,16.000,65.000,39.000,49.000,2.000,93.000,69.000,41.000,11.000,20.000,3.000,68.000,19.000,53.000,67.000,12.000,77.000,43.000,8.000,20.000,40.000,18.000,80.000,49.000,94.000,34.000,32.000,55.000,81.000,85.000,16.000,68.000,26.000,27.000,35.000,46.000,56.000,77.000,92.000,28.000,89.000,52.000,8.000,28.000,90.000,11.000,46.000,95.000,44.000,71.000,67.000,55.000,9.000,88.000,9.000,30.000,54.000,43.000,74.000,33.000
9.000,43.000,47.000,67.000,73.000,19.000,94.000,88.000,90.000,70.000,75.000,99.000,16.000,58.000,99.000,92.000,58.000,93.000,56.000,75.000,65.000,69.000,42.000,10.000,29.000,11.000,49.000,96.000,34.000,64.000,58.000,2.000,81.000,95.000,61.000,44.000,94.000,92.000,45.000,90.000,91.000,41.000,69.000,31.000,55.000,84.000,88.000,9.000,85.000,6.000,66.000,66.000,39.000,58.000,17.000,15.000,60.000,27.000,87.000,72.000,90.000,3.000,94.000,60.000,20.000,2.000,67.000,39.000,73.000,7.000,30.000,77.000,25.000,90.000,24.000,42.000,68.000,54.000,71.000,35.000
75.000,75.000,18.000,33.000,65.000,7.000,83.000,95.000,59.000,47.000,76.000,11.000,60.000,3.000,97.000,70.000,88.000,61.000,33.000,89.000,63.000,94.000,61.000,16.000,28.000,17.000,47.000,82.000,85.000,16.000,60.000,30.000,12.000,12.000,84.000,29.000,38.000,98.000,36.000,97.000,60.000,24.000,10.000,46.000,31.000,30.000,89.000,17.000,33.000,43.000,51.000,76.000,22.000,11.000,3.000,99.000,87.000,33.000,28.000,44.000,64.000,74.000,10.000,70.000,40.000,21.000,24.000,86.000,6.000,44.000,24.000,73.000,3.000,34.000,79.000,70.000,54.000,34.000,51.000,32.000
3.000,28.000,88.000,8.000,78.000,98.000,93.000,38.000,12.000,41.000,6.000,92.000,93.000,21.000,58.000,57.000,40.000,2.000,43.000,64.000,66.000,93.000,72.000,57.000,24.000,94.000,57.000,34.000,57.000,59.000,3.000,29.000,55.000,73.000,57.000,53.000,51.000,97.000,68.000,18.000,48.000,33.000,13.000,93.000,89.000,52.000,13.000,15.000,62.000,71.000,76.000,56.000,27.000,96.000,72.000,47.000,75.000,74.000,8.000,96.000,72.000,83.000,90.000,74.000,82.000,84.000,52.000,76.000,44.000,90.000,79.000,33.000,88.000,79.000,73.000,39.000,70.000,93.000,68.000,23.000
32.000,6.000,13.000,81.000,54.000,73.000,24.000,53.000,18.000,46.000,50.000,85.000,100.000,16.000,39.000,62.000,10.000,42.000,31.000,55.000,72.000,72.000,81.000,95.000,66.000,49.000,25.000,100.000,45.000,48.000,26.000,45.000,43.000,81.000,52.000,19.000,29.000,12.000,100.000,6.000,71.000,59.000,43.000,70.000,22.000,25.000,68.000,10.000,24.000,15.000,34.000,58.000,1.000,24.000,22.000,10.000,81.000,90.000,44.000,19.000,79.000,2.000,21.000,60.000,3.000,48.000,20.000,5.000,41.000,30.000,28.000,82.000,33.000,9.000,71.000,71.000,61.000,34.000,23.000,73.000
22.000,54.000,84.000,47.000,59.000,10.000,85.000,18.000,86.000,39.000,39.000,9.000,54.000,17.000,5.000,71.000,5.000,22.000,32.000,73.000,20.000,24.000,3.000,37.000,1.000,38.000,4.000,94.000,10.000,2.000,30.000,59.000,17.000,94.000,7.000,2.000,13.000,31.000,87.000,65.000,94.000,10.000,67.000,5.000,100.000,15.000,94.000,22.526,74.000,100.000,36.000,18.000,44.000,86.000,72.000,39.000,4.000,100.000,90.000,91.000,18.000,66.000,38.000,30.000,14.000,65.000,16.000,54.000,36.000,78.000,77.000,47.000,1.000,85.000,12.000,44.000,53.000,64.000,42.000,18.000
16.000,70.000,9.000,60.000,17.000,23.000,8.000,77.000,97.000,50.000,87.000,35.000,26.000,37.000,34.000,16.000,12.000,9.000,83.000,93.000,8.000,11.000,41.000,73.000,81.000,47.000,94.000,71.000,85.000,99.000,32.000,34.000,39.000,59.000,14.000,26.000,4.000,36.000,60.000,65.000,37.000,48.000,28.000,55.000,9.000,12.000,24.000,99.000,80.000,53.000,32.000,41.000,58.000,52.000,14.000,95.000,29.000,50.000,1.000,55.000,32.000,70.000,64.000,86.000,60.000,77.000,37.000,76.000,53.000,82.000,58.000,40.000,61.000,92.000,60.000,36.000,73.000,1.000,13.000,72.000
62.000,68.000,17.000,69.000,87.000,76.000,48.000,29.000,86.000,57.000,99.000,55.000,100.000,40.000,94.000,96.000,43.000,83.000,73.000,81.000,31.000,72.000,8.000,51.000,14.000,89.000,20.000,47.000,92.000,69.000,67.000,48.000,7.000,44.000,52.000,72.000,42.000,1.000,93.000,4.000,8.000,2.000,70.000,48.000,62.000,99.000,34.000,18.000,29.000,20.000,8.000,96.000,46.000,4.000,57.000,22.000,27.000,31.000,19.000,17.000,14.000,26.000,99.000,16.000,47.000,99.000,55.000,68.000,67.000,59.000,43.000,79.000,42.000,48.000,75.000,97.000,71.000,63.000,80.000,31.000
56.000,57.000,81.000,16.000,18.895,78.000,45.000,64.000,7.000,74.000,18.000,76.000,8.000,17.000,32.000,25.000,63.000,49.000,69.000,63.000,54.000,73.000,4.000,86.000,38.000,58.000,74.000,8.000,71.000,91.000,22.000,20.000,15.000,74.000,56.000,15.000,33.000,59.000,92.000,99.000,5.000,89.000,23.000,94.000,63.000,77.000,6.000,89.000,42.000,30.000,11.000,96.000,7.000,14.000,67.000,9.000,91.000,11.000,18.000,10.000,86.000,9.000,22.316,78.000,51.000,5.105,63.000,16.842,56.000,34.000,29.000,70.000,49.000,63.000,12.000,18.000,38.000,60.000,10.000,70.000
46.000,32.000,10.000,41.000,20.000,61.000,87.000,52.000,44.000,99.000,62.000,71.000,84.000,37.000,9.000,62.000,17.000,72.000,71.000,30.000,40.000,70.000,87.000,56.000,66.000,70.000,1.000,7.000,36.000,1.000,71.000,77.000,35.000,54.000,17.000,81.000,34.000,36.000,69.000,81.000,83.000,27.000,39.000,13.000,8.000,61.000,79.000,36.000,9.000,52.000,9.000,47.000,48.000,17.000,78.000,91.000,2.000,10.000,16.000,72.000,21.000,13.000,22.000,11.000,100.000,46.000,13.000,32.000,83.000,17.000,61.000,95.000,78.000,76.000,20.000,75.000,75.000,16.000,59.000,64.000
21.000,6.000,82.000,98.000,86.000,49.000,49.000,48.000,44.000,23.000,22.000,20.000,62.000,13.000,20.000,31.000,30.000,31.000,81.000,90.000,36.000,59.000,26.000,92.000,44.000,73.000,12.000,86.000,34.000,47.000,15.000,51.000,71.000,34.000,57.000,17.000,22.000,38.000,65.000,62.000,95.000,79.000,32.000,71.000,40.000,73.000,11.000,20.000,76.000,92.000,26.000,88.000,57.000,73.000,27.000,93.000,35.000,97.000,19.000,77.000,86.000,75.000,24.000,61.000,56.000,59.000,88.000,82.000,27.000,18.000,47.000,31.000,24.000,98.000,100.000,96.000,74.000,94.000,82.000,97.000
53.000,16.000,63.000,26.000,85.000,70.000,37.000,62.000,19.000,100.000,46.000,60.000,59.000,60.000,14.000,73.000,84.000,95.000,77.000,25.000,85.000,28.000,86.000,73.000,98.000,95.000,53.000,9.000,88.000,24.000,66.000,46.000,11.000,6.000,13.000,21.000,30.000,64.000,32.000,57.000,5.000,20.000,60.000,75.000,73.000,41.000,82.000,18.000,22.000,90.000,98.000,19.000,60.000,8.000,98.000,41.000,11.000,71.000,28.000,93.000,67.000,10.000,85.000,71.000,7.000,71.000,16.000,33.000,58.000,19.000,37.000,18.000,47.000,5.000,97.000,97.000,87.000,48.000,17.000,7.000
99.000,19.000,59.000,95.000,88.000,37.000,75.000,71.000,32.000,88.000,34.000,57.000,29.000,78.000,64.000,50.000,27.000,19.000,51.000,95.000,85.000,1.000,94.000,19.000,60.000,76.000,16.000,45.000,97.000,40.000,11.000,55.000,1.000,99.000,41.000,98.000,49.000,76.000,25.000,57.000,55.000,30.000,2.000,27.000,43.000,49.000,87.000,24.000,38.000,25.000,37.000,74.000,54.000,30.000,23.000,92.000,8.000,73.000,56.000,36.000,51.000,8.000,69.000,39.000,84.000,17.000,73.000,67.000,100.000,15.000,77.000,29.000,55.000,48.000,78.000,78.000,71.000,85.000,57.000,99.000
34.000,11.000,13.000,60.000,51.000,68.000,16.000,58.000,53.000,56.000,48.000,56.000,80.000,63.000,54.000,71.000,80.000,43.000,17.000,94.000,76.000,22.000,16.000,66.000,21.000,51.000,100.000,22.000,30.000,52.000,30.000,86.000,85.000,90.000,70.000,51.000,34.000,44.000,57.000,42.000,98.000,46.000,35.000,28.000,73.000,52.000,21.000,88.000,40.000,94.000,60.000,44.000,73.000,87.000,92.000,32.000,89.000,8.000,50.000,65.000,89.000,12.000,73.000,19.000,86.000,41.000,8.000,94.000,75.000,42.000,73.000,89.000,62.000,24.000,83.000,91.000,86.000,21.000,100.000,65.000
13.000,61.000,34.000,39.000,75.000,19.000,9.000,64.000,32.000,33.000,99.000,90.000,55.000,92.000,76.000,16.000,46.000,8.000,95.000,93.000,82.000,56.000,63.000,19.000,64.000,59.000,38.000,68.000,56.000,60.000,28.000,14.000,97.000,55.000,87.000,51.000,40.000,93.000,66.000,66.000,60.000,99.000,21.000,20.000,72.000,23.000,20.000,9.000,59.000,95.000,58.000,74.000,97.000,74.000,28.000,34.000,80.000,90.000,100.000,89.000,62.000,88.000,93.000,15.000,41.000,72.000,63.000,68.000,11.000,73.000,17.000,39.000,77.000,66.000,61.000,77.000,55.000,100.000,65.000,52.000
68.000,61.000,21.000,89.000,5.000,81.000,79.000,76.000,78.000,91.000,43.000,20.000,2.000,30.000,12.000,97.000,91.000,61.000,70.000,87.000,3.000,92.000,15.000,59.000,25.000,61.000,55.000,31.000,28.000,84.000,93.000,16.000,49.000,85.000,12.000,28.000,82.000,34.000,78.000,85.000,73.000,15.000,89.000,71.000,79.000,36.000,99.000,62.000,67.000,89.000,70.000,29.000,91.000,18.000,69.000,45.000,49.000,78.000,67.000,37.000,21.000,92.000,86.000,89.000,78.000,99.000,59.000,95.000,25.000,64.000,67.000,39.000,75.000,20.000,30.000,29.000,71.000,33.000,79.000,76.000
33.000,83.000,13.000,94.000,46.000,69.000,2.000,87.000,5.000,50.000,28.000,67.000,96.000,22.000,61.000,59.000,16.000,22.000,31.000,2.000,11.000,34.000,13.000,23.000,6.000,15.000,93.000,19.000,32.000,59.000,27.000,31.000,59.000,100.000,70.000,84.000,22.000,47.000,18.000,14.895,90.000,72.000,15.000,23.000,92.000,8.000,3.000,53.000,68.000,23.000,73.000,43.000,43.000,7.000,35.000,55.000,17.000,71.000,71.000,54.000,8.000,72.000,83.000,83.000,18.000,75.000,66.000,38.000,49.000,64.000,82.000,66.000,11.000,4.000,100.000,69.000,61.000,89.000,89.000,67.000
32.000,31.000,97.000,78.000,55.000,50.000,70.000,41.000,68.000,88.000,27.000,9.000,74.000,93.000,8.000,6.000,82.000,17.000,4.000,57.000,98.000,43.000,92.000,39.000,73.000,96.000,75.000,68.000,9.000,73.000,28.000,94.000,11.000,77.000,53.000,65.000,22.000,4.000,27.000,57.000,16.000,81.000,43.000,61.000,61.000,32.000,56.000,83.000,11.000,81.000,7.000,45.000,71.000,73.000,58.000,90.000,31.000,40.000,63.000,54.000,33.000,44.000,45.000,2.000,36.000,97.000,88.000,42.000,88.000,65.000,67.000,24.000,98.000,67.000,68.000,77.000,54.000,10.000,12.000,24.000
19.000,83.000,92.000,92.000,81.000,18.000,50.000,97.000,76.000,74.000,59.000,43.000,73.000,27.000,22.000,64.000,6.000,99.000,75.000,72.000,43.000,24.000,61.000,6.000,78.000,30.000,22.000,60.000,87.000,71.000,58.000,48.000,43.000,14.000,72.000,62.000,19.000,67.000,22.000,85.000,75.000,13.000,11.000,46.000,40.000,74.000,63.000,35.000,47.000,6.000,88.000,31.000,28.000,72.000,87.000,40.000,33.000,3.000,52.000,98.000,66.000,49.000,32.000,39.000,7.000,17.000,62.000,44.000,24.000,19.000,53.000,14.000,87.000,40.000,44.000,47.000,33.000,4.000,86.000,30.000
54.000,14.000,29.000,29.000,99.000,100.000,47.000,9.000,71.000,88.000,77.000,22.000,29.000,74.000,8.000,24.000,62.000,67.000,45.000,68.000,88.000,58.000,99.000,53.000,60.000,83.000,37.000,30.000,59.000,47.000,90.000,10.000,74.000,25.000,53.000,84.000,62.000,93.000,51.000,63.000,80.000,57.000,68.000,57.000,45.000,34.000,47.000,55.000,86.000,4.000,50.000,81.000,29.000,92.000,15.000,98.000,51.000,95.000,44.000,48.000,89.000,89.000,51.000,99.000,61.000,98.000,78.000,51.000,95.000,62.000,70.000,46.000,58.000,82.000,32.000,26.000,60.000,93.000,96.000,72.000
65.000,32.000,72.000,69.000,68.000,15.000,92.000,10.000,80.000,24.000,67.000,75.000,77.000,87.000,62.000,53.000,85.000,72.000,35.000,18.000,19.000,22.000,59.000,11.000,98.000,71.000,42.000,72.000,12.000,12.000,64.000,14.000,12.000,58.000,81.000,66.000,31.000,59.000,10.000,56.000,73.000,24.000,55.000,17.000,7.000,50.000,47.000,99.000,96.000,5.000,52.000,85.000,66.000,40.000,41.000,62.000,93.000,28.000,76.000,10.000,60.000,38.000,71.000,60.000,74.000,66.000,27.000,14.000,33.000,44.000,41.000,67.000,49.000,20.000,74.000,12.000,32.000,27.000,6.000,82.000
85.000,60.000,50.000,24.000,1.000,73.000,43.000,92.000,19.000,48.000,17.000,96.000,27.000,21.000,6.000,77.000,85.000,85.000,97.000,63.000,94.000,28.000,66.000,94.000,14.000,42.000,8.000,6.000,78.000,85.000,19.000,61.000,10.000,39.000,82.000,68.000,48.000,45.000,93.000,77.000,80.000,27.000,74.000,41.000,51.000,74.000,17.000,57.000,81.000,36.000,10.000,10.000,46.000,4.000,79.000,83.000,97.000,34.000,9.000,86.000,66.000,33.000,81.000,73.000,42.000,73.000,89.000,21.000,84.000,22.000,78.000,6.000,12.000,39.000,16.000,94.000,64.000,99.000,65.000,97.000
23.000,75.000,83.000,17.000,2.000,91.000,51.000,22.000,73.000,47.000,68.000,44.000,16.000,10.000,14.000,62.000,62.000,28.000,4.000,43.000,90.000,67.000,46.000,39.000,92.000,70.000,45.000,31.000,25.000,55.000,20.000,4.000,18.000,28.000,70.000,81.000,38.000,100.000,8.000,31.000,97.000,59.000,9.000,3.000,90.000,12.000,67.000,28.000,59.000,61.000,62.000,14.000,56.000,2.000,17.000,54.000,23.000,16.000,61.000,63.000,10.000,50.000,65.000,70.000,49.000,51.000,12.000,12.000,10.000,85.000,28.000,78.000,66.000,19.000,41.000,18.000,8.000,65.000,45.000,41.000
66.000,1.000,13.000,32.000,94.000,31.000,60.000,17.000,36.000,48.000,18.000,64.000,28.000,65.000,26.000,18.000,4.000,63.000,37.000,43.000,37.000,21.000,21.000,63.000,3.000,34.000,77.000,80.000,60.000,80.000,65.000,13.000,64.000,1.000,65.000,64.000,62.000,5.000,94.000,92.000,69.000,34.000,80.000,33.000,97.000,79.000,31.000,89.000,57.000,32.000,16.000,45.000,90.000,38.000,3.000,96.000,69.000,60.000,32.000,14.000,65.000,86.000,88.000,6.000,77.000,8.000,34.000,22.000,77.000,20.000,54.000,41.000,87.000,62.000,24.000,100.000,70.000,69.000,53.000,47.000
99.000,26.000,54.000,69.000,80.000,51.000,90.000,87.000,85.000,4.000,99.000,22.000,71.000,30.000,59.000,4.000,90.000,83.000,58.000,56.000,97.000,65.000,24.000,74.000,62.000,83.000,67.000,52.000,6.000,15.000,60.000,68.000,57.000,75.000,67.000,79.000,79.000,91.000,84.000,99.000,70.000,54.000,87.000,67.000,52.000,15.000,31.000,88.000,80.000,59.000,45.000,1.000,14.000,52.000,18.000,5.000,52.000,99.000,7.000,8.000,100.000,98.000,8.000,6.000,61.000,22.000,42.000,97.000,15.000,79.000,42.000,89.000,18.000,86.000,88.000,99.000,65.000,74.000,50.000,67.000
37.000,100.000,43.000,73.000,79.000,46.000,66.000,59.000,22.000,68.000,15.000,64.000,16.000,1.000,47.000,85.000,47.000,48.000,16.000,43.000,67.000,28.000,10.000,1.000,93.000,68.000,6.000,98.000,83.000,66.000,47.000,31.000,68.000,65.000,34.000,46.000,52.000,58.000,58.000,77.000,7.000,54.000,89.000,32.000,7.000,81.000,86.000,32.000,84.000,5.000,76.000,45.000,97.000,63.000,66.000,77.000,23.000,29.000,47.000,15.000,59.000,51.000,35.000,47.000,31.000,41.000,43.000,48.000,87.000,66.000,62.000,31.000,85.000,20.000,88.000,56.000,4.000,62.000,28.000,76.000
84.000,20.000,2.000,12.000,100.000,99.000,99.000,75.000,5.000,28.000,60.000,47.000,41.000,59.000,57.000,7.000,50.000,63.000,33.000,9.000,75.000,56.000,81.000,60.000,90.000,97.000,87.000,67.000,47.000,91.000,28.000,22.000,19.000,34.000,20.000,28.000,23.000,59.000,59.000,6.000,13.000,56.000,16.000,73.000,54.000,47.000,2.000,20.000,33.000,46.000,88.000,18.000,74.000,96.000,98.000,57.000,86.000,84.000,65.000,79.000,59.000,14.000,3.000,2.000,3.000,29.000,5.000,51.000,58.000,9.000,99.000,90.000,16.000,20.000,22.000,98.000,56.000,59.000,19.000,74.000
46.000,77.000,1.000,43.000,66.000,53.000,87.000,36.000,85.000,23.000,29.000,83.000,61.000,87.000,41.000,16.000,79.000,16.000,97.000,86.000,24.000,64.000,16.000,17.000,7.000,77.000,3.000,80.000,89.000,65.000,57.000,64.000,61.000,20.000,47.000,87.000,66.000,73.000,51.000,26.000,19.000,60.000,49.000,18.000,30.000,70.000,65.000,55.000,29.000,43.000,72.000,67.000,37.000,46.000,48.000,26.000,43.000,49.000,37.000,98.000,6.000,48.000,66.000,91.000,7.000,2.000,98.000,21.000,1.000,8.000,83.000,63.000,25.000,19.000,99.000,9.000,46.000,39.000,41.000,62.000
27.000,23.000,2.000,41.000,53.000,39.000,35.000,70.000,91.000,71.000,46.000,27.000,29.000,88.000,100.000,34.000,26.000,27.000,63.000,16.000,100.000,98.000,54.000,98.000,21.000,60.000,84.000,81.000,64.000,97.000,67.000,21.000,14.000,44.000,98.000,70.000,52.000,47.000,24.000,44.000,10.000,83.000,34.000,41.000,28.000,60.000,97.000,25.000,86.000,8.000,3.000,87.000,51.000,13.000,67.000,23.000,91.000,82.000,55.000,20.000,58.000,32.000,56.000,46.000,56.000,90.000,29.000,48.000,38.000,24.000,76.000,46.000,99.000,53.000,3.000,60.000,22.000,12.000,33.000,70.000
99.000,72.000,80.000,19.000,76.000,21.000,10.000,35.000,84.000,94.000,30.000,81.000,36.000,4.000,100.000,5.000,55.000,21.000,30.000,39.000,21.000,74.000,9.000,34.000,79.000,86.000,31.000,48.000,75.000,26.000,38.000,79.000,76.000,12.000,19.000,30.000,28.000,44.000,10.000,11.000,82.000,35.000,1.000,29.000,55.000,67.000,17.000,20.000,64.000,39.000,28.000,43.000,65.000,11.000,41.000,40.000,21.000,46.000,12.000,47.000,6.000,82.000,93.000,87.000,93.000,79.000,86.000,11.000,91.000,29.000,53.000,92.000,40.000,27.000,63.000,82.000,49.000,90.000,74.000,10.000
51.000,76.000,77.000,48.000,97.000,45.000,97.000,49.000,53.000,71.000,53.000,18.000,34.000,7.000,73.000,11.000,24.000,59.000,66.000,98.000,11.000,35.000,10.000,99.000,25.000,83.000,65.000,48.000,3.000,15.000,89.000,91.000,36.000,15.000,64.000,98.000,10.000,95.000,30.000,6.000,13.000,39.000,97.000,91.000,61.000,40.000,66.000,43.000,63.000,67.000,8.000,30.000,20.000,51.000,70.000,59.000,7.000,49.000,21.000,75.000,27.000,30.000,52.000,29.000,39.000,78.000,39.000,84.000,55.000,48.000,62.000,47.000,24.000,80.000,32.000,26.000,42.000,14.000,37.000,82.000
88.000,99.000,52.000,2.000,72.000,78.000,89.000,15.000,31.000,38.000,89.000,36.000,80.000,74.000,37.000,27.000,68.000,3.000,12.000,31.000,36.000,99.000,8.000,80.000,76.000,13.000,77.000,76.000,7.000,94.000,2.421,17.000,61.000,95.000,67.000,15.000,45.000,32.000,23.000,30.000,27.000,74.000,73.000,39.000,52.000,70.000,21.000,47.000,90.000,80.000,12.000,10.000,18.000,23.000,39.000,44.000,99.000,38.000,42.000,5.000,5.000,78.000,89.000,14.000,6.000,94.000,63.000,22.000,31.000,66.000,9.000,26.000,24.000,51.000,90.000,42.000,68.000,22.000,79.000,25.000
63.000,76.000,37.000,75.000,56.000,69.000,40.000,83.000,47.000,34.000,10.000,52.000,97.000,86.000,95.000,93.000,30.000,61.000,96.000,59.000,77.000,58.000,4.000,52.000,84.000,59.000,81.000,92.000,46.000,20.000,59.000,33.000,19.000,39.000,37.000,33.000,36.000,52.000,10.000,65.000,74.000,19.000,77.000,38.000,60.000,67.000,11.000,50.000,23.000,66.000,81.000,82.000,14.000,19.000,2.000,3.000,79.000,30.000,56.000,98.000,96.000,89.000,99.000,19.000,19.000,65.000,73.000,74.000,91.000,32.000,13.000,47.000,38.000,26.000,59.000,93.000,88.000,47.000,72.000,90.000
5.000,13.000,56.000,25.000,53.000,20.000,12.000,39.000,38.000,11.000,28.000,9.000,62.000,36.000,27.000,69.000,52.000,66.000,37.000,3.000,5.000,18.000,95.000,67.000,46.000,82.000,3.000,74.000,71.000,57.000,98.000,85.000,68.000,58.000,68.000,64.000,34.000,75.000,74.000,51.000,66.000,30.000,93.000,91.000,81.000,1.000,74.000,32.000,50.000,95.000,48.000,66.000,87.000,87.000,35.000,26.000,50.000,10.316,91.000,34.000,61.000,57.000,44.000,98.000,19.000,35.000,42.000,38.000,87.000,85.000,7.000,99.000,94.000,73.000,50.000,35.000,65.000,90.000,64.000,71.000
29.000,99.000,48.000,46.000,18.895,67.000,1.000,14.000,24.000,24.000,66.000,41.000,36.000,13.000,19.947,22.000,85.000,44.000,99.000,23.000,95.000,21.000,13.000,73.000,42.000,43.000,80.000,54.000,17.000,26.000,61.000,41.000,96.000,4.000,25.000,96.000,76.000,18.000,43.000,59.000,92.000,1.000,56.000,18.000,65.000,61.000,67.000,65.000,41.000,61.000,5.000,45.000,60.000,29.000,48.000,60.000,25.000,56.000,55.000,87.000,32.000,33.000,93.000,11.000,68.000,84.000,90.000,45.000,10.000,5.000,59.000,9.000,13.000,26.000,100.000,39.000,7.000,75.000,7.000,79.000
40.000,99.000,57.000,71.000,4.000,38.000,31.000,78.000,4.000,67.000,84.000,23.000,75.000,87.000,72.000,69.000,18.000,58.000,4.000,32.000,44.000,90.000,73.000,60.000,40.000,42.000,50.000,32.000,51.000,69.000,11.000,15.000,55.000,65.000,24.000,7.000,36.000,9.000,57.000,99.000,27.000,18.000,96.000,77.000,23.000,100.000,18.000,93.000,40.000,84.000,8.000,74.000,27.000,76.000,58.000,68.000,58.000,86.000,14.000,24.000,69.000,8.000,63.000,4.000,9.000,21.000,12.000,42.000,26.000,55.000,19.000,71.000,42.000,49.000,65.000,95.000,79.000,17.000,39.000,2.000
71.000,46.000,46.000,76.000,46.000,63.000,56.000,42.000,21.000,15.000,11.000,93.000,94.000,22.000,67.000,84.000,49.000,58.000,90.000,45.000,81.000,6.000,78.000,100.000,43.000,43.000,31.000,80.000,8.000,50.000,64.000,80.000,84.000,61.000,63.000,84.000,84.000,29.000,90.000,23.000,62.000,15.000,20.000,4.000,49.000,87.000,25.000,22.000,94.000,54.000,47.000,16.000,46.000,72.000,22.000,62.000,100.000,91.000,22.000,12.000,49.000,45.000,53.000,89.000,61.000,85.000,84.000,89.000,15.000,93.000,63.000,81.000,4.000,97.000,30.000,69.000,52.000,47.000,12.000,77.000
77.000,76.000,14.000,77.000,8.000,80.000,36.000,46.000,2.000,91.000,33.000,72.000,85.000,44.000,95.000,72.000,9.000,39.000,47.000,62.000,5.000,69.000,39.000,51.000,34.000,72.000,78.000,31.000,93.000,1.000,34.000,71.000,76.000,55.000,86.000,15.000,41.000,1.000,92.000,8.000,57.000,99.000,8.000,55.000,27.000,75.000,4.000,84.000,29.000,45.000,62.000,61.000,74.000,39.000,30.000,46.000,76.000,85.000,48.000,27.000,99.000,62.000,62.000,2.000,92.000,94.000,63.000,37.000,68.000,77.000,35.000,6.000,87.000,20.000,33.000,26.000,59.000,9.000,39.000,22.000
72.000,12.000,33.000,67.000,48.000,31.000,36.000,37.000,38.000,71.000,81.000,80.000,93.000,2.000,54.000,87.000,85.000,61.000,11.000,46.000,63.000,21.000,22.000,16.000,62.000,47.000,10.000,88.000,35.000,91.000,87.000,17.000,89.000,53.000,46.000,83.000,56.000,60.000,83.000,94.000,66.000,14.000,91.000,90.000,83.000,73.000,57.000,17.000,1.000,75.000,20.000,91.000,8.000,50.000,68.000,38.000,78.000,78.000,96.000,50.000,59.000,14.000,50.000,71.000,6.000,18.000,56.000,17.000,96.000,48.000,60.000,4.000,59.000,49.000,71.000,98.000,32.000,77.000,97.000,26.000
63.000,71.000,95.000,32.000,55.000,26.000,16.000,87.000,55.000,76.000,37.000,47.000,15.000,79.000,67.000,54.000,71.000,13.000,70.000,81.000,95.000,71.000,68.000,77.000,32.000,18.000,61.000,97.000,75.000,22.000,37.000,11.000,71.000,63.000,3.000,12.000,3.000,23.000,16.000,71.000,65.000,81.000,69.000,76.000,26.000,13.000,43.000,10.000,33.000,74.000,33.000,54.000,31.000,9.000,78.000,73.000,20.000,35.000,29.000,79.000,15.000,94.000,91.000,56.000,14.000,15.000,31.000,14.000,86.000,17.000,34.000,19.000,17.000,96.000,70.000,88.000,6.842,70.000,28.000,40.000
45.000,86.000,42.000,66.000,53.000,92.000,59.000,1.000,16.000,33.000,94.000,5.000,43.000,100.000,75.000,50.000,100.000,74.000,38.000,20.000,97.000,41.000,16.000,52.000,60.000,76.000,79.000,22.000,64.000,57.000,70.000,38.000,31.000,74.000,100.000,6.000,89.000,10.000,6.000,36.000,25.000,3.000,67.000,11.000,69.000,75.000,31.000,66.000,94.000,90.000,12.000,12.000,51.000,35.000,8.000,67.000,2.000,59.000,70.000,89.000,28.000,45.000,32.000,10.895,18.000,4.000,70.000,15.000,83.000,63.000,56.000,8.000,50.000,62.000,86.000,23.000,52.000,75.000,79.000,88.000
63.000,50.000,56.000,23.000,5.000,86.000,7.000,27.000,93.000,87.000,32.000,58.000,64.000,44.000,45.000,54.000,93.000,94.000,99.000,5.000,92.000,52.000,88.000,70.000,49.000,94.000,35.000,9.000,65.000,89.000,63.000,22.000,44.000,83.000,82.000,50.000,86.000,3.000,49.000,83.000,96.000,50.000,91.000,73.000,73.000,78.000,20.000,34.000,92.000,33.000,13.000,49.000,67.000,58.000,6.000,67.000,58.000,55.000,12.000,39.000,96.000,100.000,17.000,24.000,38.000,23.000,56.000,62.000,82.000,52.000,4.000,12.000,45.000,83.000,25.000,71.000,72.000,61.000,84.000,44.000
97.000,7.000,17.000,33.000,35.000,14.000,11.000,71.000,26.000,36.000,67.000,46.000,62.000,10.000,73.000,47.000,47.000,94.000,96.000,28.000,92.000,50.000,26.000,49.000,57.000,42.000,6.000,44.000,41.000,11.000,52.000,43.000,79.000,62.000,8.000,59.000,71.000,7.000,57.000,31.000,32.000,29.000,1.000,74.000,75.000,54.000,55.000,28.000,2.000,56.000,54.000,64.000,63.000,3.000,12.000,66.000,37.000,47.000,80.000,59.000,98.000,7.000,7.000,1.000,42.000,7.000,95.000,90.000,96.000,86.000,70.000,43.000,63.000,26.000,79.000,94.000,36.000,41.000,24.000,6.000
28.000,29.000,69.000,89.000,45.000,36.000,92.000,46.000,49.000,33.000,18.000,30.000,3.000,79.000,18.000,88.000,93.000,52.000,35.000,41.000,43.000,58.000,83.000,97.000,21.000,92.000,74.000,8.000,32.000,27.000,71.000,75.000,1.000,78.000,25.000,10.000,63.000,49.000,88.000,85.000,72.000,38.000,58.000,12.000,49.000,83.000,90.000,34.000,59.000,43.000,4.000,57.000,94.000,47.000,35.000,86.000,11.000,14.000,45.000,57.000,82.000,72.000,32.000,75.000,46.000,59.000,91.000,28.000,100.000,39.000,16.000,13.000,90.000,76.000,30.000,68.000,70.000,77.000,33.000,92.000
22.000,24.000,55.000,31.000,21.000,27.000,25.000,97.000,7.000,8.000,42.000,31.000,19.000,5.000,21.000,48.000,93.000,7.000,100.000,30.000,70.000,41.000,85.000,98.000,58.000,18.000,71.000,14.000,76.000,86.000,9.000,67.000,97.000,64.000,62.000,98.000,3.000,26.000,44.000,25.000,64.000,53.000,95.000,4.000,82.000,49.000,74.000,81.000,87.000,78.000,66.000,4.000,53.000,82.000,67.000,8.000,98.000,20.000,57.000,49.000,98.000,47.000,63.000,22.000,51.000,11.000,48.000,66.000,8.000,15.000,80.000,44.000,61.000,12.000,18.000,74.000,41.000,70.000,27.000,21.000
87.000,41.000,39.000,56.000,77.000,86.000,30.000,59.000,43.000,84.000,91.000,61.000,66.000,49.000,92.000,79.000,55.000,34.000,72.000,57.000,92.000,68.000,99.000,16.000,69.000,91.000,58.000,90.000,9.000,79.000,18.000,71.000,88.000,65.000,13.000,38.000,87.000,37.000,49.000,96.000,63.000,77.000,43.000,52.000,15.000,98.000,42.000,20.000,25.000,39.000,91.000,72.000,87.000,25.000,69.000,42.000,77.000,64.000,70.000,80.000,50.000,61.000,62.000,21.000,81.000,45.000,9.000,39.000,26.000,94.000,12.000,87.000,25.000,24.000,38.000,52.000,23.000,46.000,64.000,31.000
37.000,11.000,41.000,47.000,57.000,44.000,99.000,93.000,27.000,63.000,31.000,60.000,51.000,12.000,94.000,57.000,11.000,93.000,8.000,12.000,79.000,30.000,23.000,52.000,6.000,79.000,8.000,82.000,8.000,35.000,49.000,38.000,17.000,40.000,15.000,21.000,80.000,79.000,52.000,73.000,48.000,93.000,2.000,86.000,85.000,69.000,47.000,58.000,24.000,19.000,70.000,44.000,77.000,44.000,24.000,77.000,15.000,38.000,61.000,53.000,27.000,29.000,83.000,74.000,32.000,30.000,11.000,73.000,91.000,40.000,94.000,69.000,47.000,85.000,41.000,64.000,52.000,42.000,100.000,94.000
92.000,82.000,67.000,71.000,17.000,17.000,15.000,65.000,43.000,62.000,86.000,13.000,57.000,21.000,58.000,56.000,89.000,15.000,80.000,15.000,86.000,5.000,68.000,33.000,58.000,36.000,90.000,69.000,55.000,39.000,50.000,35.000,87.000,90.000,89.000,40.000,80.000,53.000,4.000,4.000,83.000,45.000,11.000,75.000,16.000,23.000,10.000,83.000,86.000,80.000,6.000,35.000,41.000,8.000,54.000,31.000,37.000,59.000,60.000,42.000,58.000,48.000,38.000,89.000,45.000,33.000,62.000,81.000,11.000,21.000,72.000,99.000,66.000,22.000,69.000,28.000,44.000,75.000,6.000,83.000
85.000,4.000,35.000,14.000,73.000,9.000,82.000,49.000,13.000,6.000,9.000,53.000,53.000,22.000,52.000,6.000,45.000,77.000,78.000,3.000,76.000,57.000,64.000,42.000,64.000,2.000,27.000,33.000,73.000,100.000,7.000,7.000,54.000,53.000,5.000,39.000,20.000,53.000,41.000,1.579,90.000,4.000,77.000,28.000,81.000,17.000,11.000,46.000,85.000,45.000,27.000,72.000,55.000,74.000,46.000,35.000,41.000,46.000,7.000,60.000,64.000,88.000,90.000,32.000,35.000,33.000,26.000,14.000,1.000,82.000,25.000,62.000,32.000,49.000,7.000,88.000,5.000,31.000,71.000,48.000
100.000,23.000,50.000,4.000,7.000,85.000,97.000,21.000,48.000,72.000,82.000,55.000,98.000,54.000,21.000,52.000,23.000,1.000,75.000,96.000,70.000,74.000,40.000,82.000,4.000,7.000,87.000,32.000,72.000,36.000,93.000,30.000,2.000,78.000,50.000,6.000,27.000,21.000,60.000,61.000,23.000,97.000,92.000,23.000,53.000,9.000,34.000,78.000,5.000,27.000,94.000,40.000,62.000,84.000,28.000,17.000,72.000,18.000,70.000,84.000,27.000,20.000,34.000,4.000,45.000,22.000,4.000,93.000,9.000,5.000,55.000,46.000,55.000,40.000,19.000,94.000,61.000,84.000,11.000,8.000
79.000,96.000,54.000,59.000,25.000,94.000,47.000,47.000,73.000,47.000,97.000,11.000,8.000,7.000,39.000,77.000,33.000,3.000,32.000,15.000,75.000,57.000,87.000,36.000,55.000,72.000,53.000,39.000,98.000,28.000,70.000,95.000,45.000,47.000,67.000,100.000,91.000,3.000,47.000,64.000,40.000,56.000,16.000,19.000,31.000,6.000,81.000,61.000,71.000,23.000,24.000,63.000,11.000,22.000,56.000,30.000,36.000,55.000,25.000,92.000,68.000,55.000,34.000,50.000,90.000,64.000,69.000,45.000,85.000,18.000,63.000,68.000,14.000,79.000,64.000,18.000,65.000,24.000,59.000,79.000
48.000,54.000,89.000,77.000,92.000,45.000,89.000,54.000,54.000,62.000,97.000,67.000,49.000,43.000,91.000,64.000,16.000,62.000,20.000,48.000,20.000,59.000,99.000,12.000,70.000,20.000,29.000,62.000,63.000,97.000,30.000,56.000,25.000,52.000,25.000,1.000,10.000,55.000,14.000,43.000,81.000,49.000,5.000,44.000,76.000,91.000,60.000,1.000,97.000,27.263,82.000,27.000,30.000,25.000,88.000,26.000,83.000,48.000,16.000,14.000,1.000,86.000,72.000,29.000,85.000,41.000,51.000,71.000,31.000,29.000,17.895,78.000,75.000,10.000,72.000,73.000,60.000,6.000,52.000,53.000
0.000,0.000,0.000,0.000,0.000,0.000,0.000,0.000,0.000,0.000,0.000,0.000,0.000,0.000,0.000,0.000,0.000,0.000,0.000,0.000,0.000,0.000,0.000,0.000,0.000,1.000,0.000,0.000,0.000,0.000,0.000,0.000,0.000,0.000,0.000,0.000,0.000,0.000,0.000,0.000,0.000,0.000,1.000,0.000,0.000,0.000,0.000,0.000,0.000,0.000,0.000,0.000,0.000,0.000,0.000,0.000,0.000,0.000,0.000,0.000,0.000,0.000,0.000,0.000,0.000,0.000,0.000,0.000,0.000,0.000,0.000,0.000,0.000,0.000,0.000,0.000,0.000,0.000,0.000,1.000
0.000,0.000,0.000,0.000,0.000,0.000,0.000,0.000,0.000,0.000,0.000,0.000,0.000,0.000,0.000,0.000,0.000,0.000,0.000,0.000,0.000,0.000,0.000,0.000,0.000,0.000,0.000,0.000,0.000,0.000,0.000,0.000,0.000,0.000,0.000,0.000,0.000,0.000,0.000,0.000,0.000,0.000,0.000,0.000,0.000,0.000,0.000,0.000,0.000,0.000,0.000,0.000,0.000,0.000,0.000,0.000,0.000,0.000,0.000,0.000,0.000,0.000,0.000,0.000,0.000,0.000,0.000,0.000,0.000,0.000,0.000,0.000,0.000,0.000,0.000,0.000,0.000,0.000,0.000,0.000
0.000,0.000,0.000,0.000,0.000,0.000,0.000,0.000,0.000,0.000,0.000,0.000,0.000,0.000,0.000,0.000,0.000,0.000,0.000,0.000,0.000,0.000,0.000,0.000,0.000,0.000,0.000,0.000,0.000,0.000,0.000,0.000,0.000,0.000,0.000,0.000,0.000,0.000,0.000,0.000,0.000,0.000,0.000,0.000,0.000,0.000,0.000,0.000,0.000,0.000,0.000,0.000,0.000,0.000,0.000,0.000,0.000,0.000,0.000,0.000,0.000,0.000,0.000,0.000,0.000,0.000,0.000,0.000,0.000,0.000,0.000,0.000,0.000,0.000,0.000,0.000,0.000,0.000,0.000,0.000
0.000,0.000,0.000,0.000,0.000,0.000,1.000,1.000,0.000,0.000,0.000,0.000,0.000,0.000,1.000,0.000,0.000,0.000,0.000,0.000,0.000,0.000,0.000,0.000,0.000,0.000,1.000,0.000,0.000,0.000,0.000,0.000,1.000,0.000,1.000,0.000,0.000,0.000,0.000,1.000,0.000,0.000,0.000,0.000,0.000,0.000,0.000,0.000,0.000,0.000,0.000,0.000,0.000,0.000,0.000,0.000,0.000,0.000,0.000,0.000,0.000,0.000,0.000,0.000,0.000,0.000,0.000,0.000,0.000,0.000,0.000,0.000,0.000,0.000,0.000,1.000,0.000,0.000,0.000,0.000
0.000,0.000,0.000,0.000,0.000,0.000,0.000,0.000,0.000,0.000,0.000,0.000,0.000,0.000,0.000,0.000,0.000,0.000,0.000,0.000,0.000,0.000,0.000,0.000,0.000,1.000,0.000,0.000,0.000,0.000,0.000,0.000,0.000,0.000,0.000,0.000,0.000,1.000,0.000,0.000,0.000,0.000,0.000,0.000,0.000,0.000,0.000,0.000,0.000,0.000,0.000,0.000,0.000,0.000,0.000,0.000,0.000,0.000,1.000,0.000,0.000,0.000,0.000,0.000,0.000,0.000,0.000,0.000,0.000,0.000,0.000,0.000,0.000,0.000,0.000,0.000,0.000,0.000,0.000,0.000
0.000,0.000,0.000,0.000,1.000,0.000,0.000,0.000,0.000,0.000,0.000,0.000,0.000,0.000,0.000,0.000,0.000,0.000,0.000,0.000,0.000,0.000,0.000,0.000,0.000,0.000,0.000,0.000,0.000,0.000,0.000,0.000,0.000,0.000,0.000,0.000,0.000,0.000,1.000,0.000,0.000,0.000,0.000,0.000,0.000,0.000,0.000,0.000,0.000,0.000,0.000,0.000,0.000,0.000,0.000,0.000,0.000,0.000,1.000,0.000,0.000,0.000,0.000,0.000,0.000,0.000,0.000,0.000,0.000,0.000,0.000,0.000,0.000,0.000,0.000,0.000,0.000,0.000,0.000,0.000
0.000,0.000,0.000,0.000,0.000,0.000,0.000,0.000,0.000,0.000,0.000,0.000,0.000,0.000,0.000,0.000,0.000,0.000,0.000,0.000,0.000,0.000,0.000,0.000,0.000,0.000,0.000,0.000,0.000,0.000,0.000,0.000,0.000,0.000,0.000,0.000,0.000,0.000,0.000,0.000,0.000,0.000,0.000,0.000,0.000,0.000,0.000,0.000,0.000,0.000,0.000,0.000,0.000,0.000,0.000,0.000,0.000,0.000,0.000,0.000,0.000,0.000,0.000,0.000,0.000,0.000,0.000,0.000,0.000,0.000,0.000,0.000,0.000,0.000,0.000,0.000,0.000,0.000,0.000,0.000
0.000,0.000,0.000,0.000,0.000,0.000,0.000,0.000,0.000,0.000,0.000,0.000,0.000,0.000,0.000,0.000,0.000,0.000,0.000,0.000,0.000,0.000,0.000,0.000,0.000,0.000,0.000,0.000,0.000,0.000,0.000,0.000,0.000,0.000,0.000,0.000,0.000,0.000,0.000,0.000,0.000,0.000,0.000,0.000,0.000,0.000,0.000,0.000,0.000,0.000,0.000,0.000,0.000,0.000,0.000,0.000,0.000,0.000,0.000,0.000,0.000,0.000,0.000,0.000,0.000,0.000,0.000,0.000,0.000,0.000,0.000,0.000,0.000,0.000,0.000,0.000,0.000,0.000,0.000,0.000
0.000,0.000,0.000,0.000,0.000,0.000,0.000,0.000,0.000,0.000,0.000,0.000,0.000,0.000,0.000,0.000,0.000,0.000,0.000,0.000,0.000,0.000,0.000,0.000,0.000,0.000,0.000,0.000,0.000,0.000,0.000,0.000,0.000,0.000,0.000,0.000,0.000,0.000,0.000,0.000,0.000,0.000,0.000,0.000,1.000,0.000,0.000,0.000,0.000,0.000,0.000,0.000,0.000,0.000,0.000,0.000,0.000,0.000,0.000,0.000,0.000,0.000,0.000,0.000,0.000,1.000,0.000,0.000,0.000,0.000,0.000,0.000,0.000,0.000,0.000,0.000,0.000,0.000,0.000,0.000
0.000,0.000,0.000,0.000,0.000,0.000,0.000,0.000,0.000,0.000,0.000,1.000,0.000,0.000,0.000,0.000,0.000,0.000,0.000,0.000,0.000,0.000,0.000,0.000,0.000,0.000,0.000,0.000,0.000,0.000,0.000,0.000,0.000,0.000,0.000,0.000,0.000,0.000,0.000,0.000,0.000,0.000,0.000,0.000,0.000,0.000,0.000,0.000,0.000,0.000,0.000,0.000,0.000,0.000,0.000,0.000,0.000,0.000,0.000,0.000,0.000,0.000,1.000,0.000,0.000,0.000,1.000,0.000,0.000,0.000,0.000,0.000,0.000,0.000,0.000,0.000,0.000,0.000,0.000,0.000
0.000,0.000,0.000,0.000,0.000,0.000,0.000,0.000,0.000,0.000,0.000,0.000,0.000,0.000,0.000,0.000,0.000,0.000,0.000,0.000,0.000,0.000,0.000,0.000,0.000,0.000,0.000,0.000,0.000,0.000,0.000,0.000,0.000,0.000,0.000,0.000,0.000,0.000,0.000,0.000,0.000,0.000,0.000,0.000,0.000,0.000,0.000,0.000,0.000,0.000,0.000,0.000,0.000,0.000,0.000,0.000,0.000,0.000,0.000,0.000,0.000,0.000,0.000,0.000,0.000,0.000,0.000,0.000,0.000,0.000,0.000,0.000,0.000,0.000,0.000,0.000,0.000,0.000,0.000,0.000
0.000,0.000,0.000,0.000,0.000,0.000,0.000,0.000,0.000,0.000,0.000,0.000,0.000,0.000,0.000,0.000,0.000,0.000,0.000,0.000,0.000,0.000,0.000,0.000,0.000,0.000,0.000,0.000,0.000,0.000,0.000,0.000,0.000,0.000,0.000,0.000,0.000,0.000,0.000,0.000,0.000,0.000,0.000,0.000,0.000,0.000,0.000,0.000,0.000,0.000,0.000,0.000,0.000,0.000,0.000,0.000,0.000,0.000,0.000,0.000,0.000,0.000,0.000,0.000,0.000,0.000,0.000,0.000,0.000,0.000,0.000,0.000,0.000,0.000,0.000,0.000,0.000,0.000,0.000,0.000
0.000,0.000,0.000,0.000,0.000,0.000,0.000,0.000,0.000,0.000,0.000,0.000,0.000,0.000,0.000,0.000,0.000,0.000,0.000,0.000,0.000,0.000,0.000,0.000,0.000,0.000,0.000,0.000,0.000,0.000,0.000,0.000,0.000,0.000,0.000,0.000,0.000,0.000,0.000,0.000,0.000,0.000,0.000,0.000,0.000,0.000,0.000,0.000,0.000,0.000,0.000,0.000,0.000,0.000,0.000,0.000,0.000,0.000,0.000,0.000,0.000,0.000,0.000,0.000,0.000,0.000,0.000,0.000,0.000,0.000,0.000,0.000,0.000,0.000,0.000,0.000,0.000,0.000,0.000,0.000
0.000,0.000,0.000,0.000,0.000,0.000,0.000,0.000,0.000,0.000,0.000,0.000,0.000,0.000,0.000,0.000,0.000,0.000,0.000,0.000,0.000,0.000,0.000,0.000,0.000,0.000,0.000,0.000,0.000,0.000,0.000,0.000,0.000,0.000,0.000,0.000,0.000,0.000,0.000,0.000,0.000,0.000,0.000,0.000,0.000,0.000,0.000,0.000,0.000,0.000,0.000,0.000,0.000,0.000,0.000,0.000,0.000,0.000,0.000,0.000,0.000,0.000,0.000,0.000,0.000,0.000,0.000,0.000,0.000,0.000,0.000,0.000,0.000,0.000,0.000,0.000,0.000,0.000,0.000,0.000
0.000,0.000,0.000,0.000,0.000,0.000,0.000,0.000,0.000,0.000,0.000,0.000,0.000,0.000,0.000,0.000,0.000,0.000,0.000,0.000,0.000,0.000,0.000,0.000,0.000,0.000,0.000,0.000,0.000,0.000,0.000,0.000,0.000,0.000,0.000,0.000,0.000,0.000,0.000,0.000,0.000,0.000,0.000,0.000,0.000,0.000,0.000,0.000,0.000,0.000,0.000,0.000,0.000,0.000,0.000,0.000,0.000,0.000,0.000,0.000,0.000,0.000,0.000,0.000,0.000,0.000,0.000,0.000,0.000,0.000,0.000,0.000,0.000,0.000,0.000,0.000,0.000,0.000,0.000,0.000
0.000,0.000,0.000,0.000,0.000,0.000,0.000,0.000,0.000,0.000,0.000,0.000,0.000,0.000,0.000,0.000,0.000,0.000,0.000,0.000,0.000,0.000,0.000,0.000,0.000,0.000,0.000,0.000,0.000,0.000,0.000,0.000,0.000,0.000,0.000,0.000,0.000,0.000,0.000,0.000,0.000,0.000,0.000,0.000,0.000,0.000,0.000,0.000,0.000,0.000,0.000,0.000,0.000,0.000,0.000,0.000,0.000,0.000,0.000,0.000,0.000,0.000,0.000,0.000,0.000,0.000,0.000,0.000,0.000,0.000,0.000,0.000,0.000,0.000,0.000,0.000,0.000,0.000,0.000,0.000
0.000,0.000,0.000,0.000,0.000,0.000,0.000,0.000,0.000,0.000,0.000,0.000,0.000,0.000,0.000,0.000,0.000,0.000,0.000,0.000,0.000,0.000,0.000,0.000,0.000,0.000,0.000,0.000,0.000,0.000,0.000,0.000,0.000,0.000,0.000,0.000,0.000,0.000,0.000,0.000,0.000,0.000,0.000,0.000,0.000,0.000,0.000,0.000,0.000,0.000,0.000,0.000,0.000,0.000,0.000,0.000,0.000,0.000,0.000,0.000,0.000,0.000,0.000,0.000,0.000,0.000,0.000,0.000,0.000,0.000,0.000,0.000,0.000,0.000,0.000,0.000,0.000,0.000,0.000,0.000
0.000,0.000,0.000,0.000,1.000,0.000,0.000,0.000,0.000,0.000,0.000,0.000,0.000,1.000,0.000,0.000,0.000,0.000,0.000,0.000,0.000,0.000,0.000,0.000,0.000,1.000,0.000,0.000,0.000,0.000,0.000,0.000,0.000,0.000,0.000,1.000,0.000,0.000,0.000,1.000,0.000,0.000,0.000,0.000,0.000,0.000,0.000,0.000,0.000,0.000,0.000,0.000,0.000,0.000,0.000,0.000,0.000,0.000,0.000,1.000,0.000,0.000,0.000,0.000,0.000,0.000,0.000,0.000,0.000,0.000,0.000,0.000,0.000,0.000,0.000,0.000,0.000,0.000,0.000,0.000
0.000,0.000,0.000,0.000,0.000,0.000,0.000,0.000,0.000,0.000,0.000,0.000,0.000,0.000,0.000,0.000,0.000,0.000,0.000,0.000,0.000,0.000,0.000,0.000,0.000,0.000,0.000,0.000,0.000,0.000,0.000,0.000,0.000,0.000,0.000,0.000,0.000,0.000,0.000,0.000,0.000,0.000,0.000,0.000,0.000,0.000,0.000,0.000,0.000,0.000,0.000,0.000,0.000,0.000,0.000,0.000,0.000,0.000,0.000,0.000,0.000,0.000,0.000,0.000,0.000,0.000,0.000,0.000,0.000,0.000,0.000,0.000,0.000,0.000,0.000,0.000,0.000,0.000,0.000,0.000
0.000,0.000,0.000,0.000,0.000,0.000,0.000,0.000,0.000,0.000,0.000,0.000,0.000,0.000,0.000,0.000,0.000,0.000,0.000,0.000,0.000,0.000,0.000,0.000,0.000,0.000,0.000,0.000,0.000,0.000,0.000,0.000,0.000,0.000,0.000,0.000,0.000,0.000,0.000,0.000,0.000,0.000,0.000,0.000,0.000,0.000,0.000,0.000,0.000,0.000,0.000,0.000,0.000,0.000,0.000,0.000,0.000,0.000,0.000,0.000,0.000,0.000,0.000,0.000,0.000,0.000,0.000,0.000,0.000,0.000,0.000,0.000,0.000,0.000,0.000,0.000,0.000,0.000,0.000,0.000
0.000,0.000,0.000,0.000,0.000,0.000,0.000,0.000,0.000,0.000,0.000,0.000,0.000,0.000,0.000,0.000,0.000,0.000,0.000,0.000,0.000,0.000,0.000,0.000,0.000,0.000,0.000,0.000,0.000,0.000,0.000,0.000,0.000,0.000,0.000,0.000,0.000,0.000,0.000,0.000,0.000,0.000,0.000,0.000,0.000,0.000,0.000,0.000,0.000,0.000,0.000,0.000,0.000,0.000,0.000,0.000,0.000,0.000,0.000,0.000,0.000,0.000,0.000,0.000,0.000,0.000,0.000,0.000,0.000,0.000,0.000,0.000,0.000,0.000,0.000,0.000,0.000,0.000,0.000,0.000
0.000,0.000,0.000,0.000,0.000,0.000,0.000,0.000,0.000,0.000,0.000,0.000,1.000,0.000,0.000,0.000,0.000,0.000,0.000,0.000,0.000,0.000,0.000,0.000,0.000,0.000,0.000,0.000,0.000,0.000,0.000,0.000,0.000,0.000,0.000,0.000,0.000,0.000,0.000,0.000,0.000,1.000,0.000,0.000,0.000,0.000,0.000,0.000,0.000,0.000,0.000,0.000,0.000,0.000,1.000,0.000,0.000,0.000,0.000,0.000,0.000,0.000,0.000,0.000,0.000,0.000,0.000,0.000,0.000,0.000,0.000,0.000,0.000,0.000,0.000,0.000,0.000,0.000,0.000,1.000
0.000,0.000,0.000,0.000,0.000,0.000,0.000,0.000,0.000,0.000,0.000,0.000,0.000,0.000,0.000,0.000,0.000,0.000,0.000,0.000,0.000,0.000,0.000,0.000,0.000,0.000,0.000,0.000,0.000,0.000,0.000,0.000,0.000,0.000,0.000,0.000,0.000,0.000,0.000,0.000,0.000,0.000,0.000,0.000,0.000,0.000,0.000,0.000,0.000,0.000,0.000,0.000,0.000,0.000,0.000,0.000,0.000,0.000,0.000,0.000,0.000,0.000,0.000,0.000,0.000,0.000,0.000,0.000,0.000,0.000,0.000,0.000,0.000,0.000,0.000,0.000,0.000,0.000,0.000,0.000
0.000,0.000,0.000,0.000,0.000,0.000,0.000,0.000,0.000,0.000,0.000,0.000,0.000,0.000,0.000,0.000,0.000,0.000,0.000,0.000,0.000,0.000,0.000,0.000,0.000,0.000,0.000,0.000,0.000,0.000,0.000,0.000,0.000,0.000,0.000,0.000,0.000,0.000,0.000,0.000,0.000,0.000,0.000,0.000,0.000,0.000,0.000,0.000,0.000,0.000,0.000,0.000,0.000,0.000,0.000,0.000,0.000,0.000,0.000,0.000,0.000,0.000,0.000,0.000,0.000,0.000,0.000,0.000,0.000,0.000,0.000,0.000,0.000,0.000,0.000,0.000,0.000,0.000,0.000,0.000
0.000,0.000,0.000,0.000,0.000,0.000,0.000,0.000,0.000,0.000,0.000,0.000,0.000,0.000,0.000,0.000,0.000,0.000,0.000,0.000,0.000,0.000,0.000,0.000,0.000,0.000,0.000,0.000,0.000,0.000,0.000,0.000,0.000,0.000,0.000,0.000,0.000,0.000,0.000,0.000,0.000,0.000,0.000,0.000,0.000,0.000,0.000,0.000,0.000,0.000,0.000,0.000,0.000,0.000,0.000,0.000,0.000,0.000,0.000,0.000,0.000,0.000,0.000,0.000,0.000,0.000,0.000,0.000,0.000,0.000,0.000,0.000,0.000,0.000,0.000,0.000,0.000,0.000,0.000,0.000
0.000,0.000,0.000,0.000,0.000,0.000,0.000,0.000,0.000,0.000,0.000,0.000,0.000,0.000,0.000,0.000,0.000,0.000,0.000,0.000,0.000,0.000,0.000,0.000,0.000,0.000,0.000,0.000,0.000,0.000,0.000,0.000,0.000,0.000,0.000,0.000,0.000,0.000,0.000,0.000,0.000,0.000,0.000,0.000,0.000,0.000,0.000,0.000,0.000,0.000,0.000,0.000,0.000,0.000,0.000,0.000,0.000,0.000,0.000,0.000,0.000,0.000,0.000,0.000,0.000,0.000,0.000,0.000,0.000,0.000,0.000,0.000,0.000,0.000,0.000,0.000,0.000,0.000,0.000,0.000
0.000,0.000,0.000,0.000,0.000,0.000,0.000,0.000,0.000,0.000,0.000,0.000,0.000,0.000,0.000,0.000,0.000,0.000,0.000,0.000,0.000,0.000,0.000,0.000,0.000,0.000,0.000,0.000,0.000,0.000,0.000,0.000,0.000,0.000,0.000,0.000,0.000,0.000,0.000,0.000,0.000,0.000,0.000,0.000,0.000,0.000,0.000,0.000,0.000,0.000,0.000,0.000,0.000,0.000,0.000,0.000,0.000,0.000,0.000,0.000,0.000,0.000,0.000,0.000,0.000,0.000,0.000,0.000,0.000,0.000,0.000,0.000,0.000,0.000,0.000,0.000,0.000,0.000,0.000,0.000
0.000,0.000,0.000,0.000,0.000,0.000,0.000,0.000,0.000,0.000,0.000,0.000,0.000,0.000,0.000,0.000,0.000,0.000,0.000,0.000,0.000,0.000,0.000,0.000,0.000,0.000,0.000,0.000,0.000,0.000,0.000,0.000,0.000,0.000,0.000,0.000,0.000,0.000,0.000,0.000,0.000,0.000,0.000,0.000,0.000,0.000,0.000,0.000,0.000,0.000,0.000,0.000,0.000,0.000,0.000,0.000,0.000,0.000,0.000,0.000,0.000,0.000,0.000,0.000,0.000,0.000,0.000,0.000,0.000,0.000,0.000,0.000,0.000,0.000,0.000,0.000,0.000,0.000,0.000,0.000
0.000,0.000,0.000,0.000,0.000,0.000,0.000,0.000,0.000,0.000,0.000,0.000,0.000,0.000,0.000,0.000,0.000,0.000,0.000,0.000,0.000,0.000,0.000,0.000,0.000,0.000,0.000,0.000,0.000,0.000,0.000,0.000,0.000,0.000,0.000,0.000,0.000,0.000,0.000,0.000,0.000,0.000,0.000,0.000,0.000,0.000,0.000,0.000,0.000,0.000,0.000,0.000,0.000,0.000,0.000,0.000,0.000,0.000,0.000,0.000,0.000,0.000,0.000,0.000,0.000,0.000,0.000,0.000,0.000,0.000,0.000,0.000,0.000,0.000,0.000,0.000,0.000,0.000,0.000,0.000
0.000,0.000,0.000,0.000,0.000,0.000,0.000,0.000,0.000,0.000,0.000,0.000,0.000,0.000,0.000,0.000,0.000,0.000,0.000,0.000,0.000,0.000,0.000,0.000,0.000,0.000,0.000,0.000,0.000,0.000,0.000,0.000,0.000,0.000,0.000,0.000,0.000,0.000,0.000,0.000,0.000,0.000,0.000,0.000,0.000,0.000,0.000,0.000,0.000,0.000,0.000,0.000,0.000,0.000,0.000,0.000,0.000,0.000,0.000,0.000,0.000,0.000,0.000,0.000,0.000,0.000,0.000,0.000,0.000,0.000,0.000,0.000,0.000,0.000,0.000,0.000,0.000,0.000,0.000,0.000
0.000,0.000,0.000,0.000,0.000,0.000,0.000,0.000,0.000,0.000,0.000,0.000,0.000,0.000,0.000,0.000,0.000,0.000,0.000,0.000,0.000,0.000,0.000,0.000,0.000,0.000,0.000,0.000,0.000,0.000,0.000,0.000,0.000,0.000,0.000,0.000,0.000,0.000,0.000,0.000,0.000,0.000,0.000,0.000,0.000,0.000,0.000,0.000,0.000,0.000,0.000,0.000,0.000,0.000,0.000,0.000,0.000,0.000,0.000,0.000,0.000,0.000,0.000,0.000,0.000,0.000,0.000,0.000,0.000,0.000,0.000,0.000,0.000,0.000,0.000,0.000,0.000,0.000,0.000,0.000
0.000,0.000,0.000,0.000,0.000,0.000,0.000,0.000,0.000,0.000,0.000,0.000,0.000,0.000,0.000,0.000,0.000,0.000,0.000,0.000,0.000,0.000,0.000,0.000,0.000,0.000,0.000,0.000,0.000,0.000,0.000,0.000,0.000,0.000,0.000,0.000,0.000,0.000,0.000,0.000,0.000,0.000,0.000,0.000,0.000,0.000,0.000,0.000,0.000,0.000,0.000,0.000,0.000,0.000,0.000,0.000,0.000,0.000,0.000,0.000,0.000,0.000,0.000,0.000,0.000,0.000,0.000,0.000,0.000,0.000,0.000,0.000,0.000,0.000,0.000,0.000,0.000,0.000,0.000,0.000
0.000,0.000,0.000,0.000,0.000,0.000,0.000,0.000,0.000,0.000,0.000,0.000,0.000,0.000,0.000,0.000,0.000,0.000,0.000,0.000,0.000,0.000,0.000,0.000,0.000,0.000,0.000,0.000,0.000,0.000,0.000,0.000,0.000,0.000,0.000,0.000,0.000,0.000,0.000,0.000,0.000,0.000,0.000,0.000,0.000,0.000,0.000,0.000,0.000,0.000,0.000,0.000,0.000,0.000,0.000,0.000,0.000,0.000,0.000,0.000,0.000,0.000,0.000,0.000,0.000,0.000,0.000,0.000,0.000,0.000,0.000,0.000,0.000,0.000,0.000,0.000,0.000,0.000,0.000,0.000
1.000,0.000,0.000,0.000,0.000,0.000,0.000,0.000,0.000,0.000,0.000,0.000,0.000,1.000,0.000,0.000,0.000,1.000,0.000,0.000,1.000,1.000,0.000,0.000,0.000,0.000,0.000,0.000,0.000,0.000,0.000,0.000,1.000,0.000,0.000,0.000,0.000,0.000,0.000,0.000,0.000,0.000,0.000,0.000,0.000,0.000,0.000,1.000,0.000,0.000,0.000,1.000,0.000,0.000,0.000,0.000,0.000,0.000,0.000,0.000,0.000,0.000,0.000,0.000,0.000,0.000,0.000,0.000,0.000,0.000,0.000,0.000,0.000,0.000,0.000,0.000,0.000,0.000,0.000,0.000
0.000,0.000,0.000,0.000,0.000,0.000,0.000,0.000,0.000,0.000,0.000,0.000,0.000,0.000,0.000,0.000,0.000,0.000,0.000,0.000,0.000,0.000,0.000,0.000,0.000,0.000,0.000,0.000,0.000,0.000,0.000,0.000,0.000,0.000,0.000,0.000,0.000,0.000,0.000,0.000,0.000,0.000,0.000,0.000,0.000,0.000,0.000,0.000,0.000,0.000,0.000,0.000,0.000,0.000,0.000,0.000,0.000,0.000,0.000,0.000,0.000,0.000,0.000,0.000,0.000,0.000,0.000,0.000,0.000,0.000,0.000,0.000,0.000,0.000,0.000,0.000,0.000,0.000,0.000,0.000
0.000,0.000,0.000,0.000,0.000,0.000,0.000,0.000,0.000,0.000,0.000,0.000,0.000,0.000,0.000,0.000,0.000,0.000,0.000,0.000,0.000,0.000,0.000,0.000,0.000,0.000,0.000,0.000,0.000,0.000,0.000,0.000,0.000,0.000,0.000,0.000,0.000,0.000,0.000,0.000,0.000,0.000,0.000,0.000,0.000,0.000,0.000,0.000,0.000,0.000,0.000,0.000,0.000,0.000,0.000,0.000,0.000,0.000,0.000,0.000,0.000,0.000,0.000,0.000,0.000,0.000,0.000,0.000,0.000,0.000,0.000,0.000,0.000,0.000,0.000,0.000,0.000,0.000,0.000,0.000
0.000,0.000,0.000,0.000,1.000,0.000,0.000,0.000,1.000,0.000,0.000,0.000,0.000,0.000,0.000,0.000,0.000,0.000,0.000,0.000,0.000,0.000,0.000,0.000,0.000,0.000,0.000,0.000,0.000,0.000,0.000,0.000,0.000,0.000,0.000,0.000,0.000,0.000,0.000,0.000,0.000,0.000,0.000,0.000,0.000,0.000,0.000,0.000,0.000,0.000,0.000,0.000,0.000,1.000,0.000,1.000,0.000,0.000,0.000,0.000,0.000,0.000,1.000,0.000,0.000,1.000,0.000,1.000,0.000,0.000,0.000,0.000,0.000,0.000,0.000,1.000,0.000,0.000,0.000,0.000
0.000,0.000,0.000,0.000,0.000,0.000,0.000,0.000,0.000,0.000,0.000,0.000,0.000,0.000,0.000,0.000,0.000,0.000,0.000,0.000,0.000,0.000,0.000,0.000,0.000,0.000,0.000,0.000,0.000,0.000,0.000,0.000,0.000,0.000,0.000,0.000,0.000,0.000,0.000,0.000,0.000,0.000,0.000,0.000,0.000,0.000,0.000,0.000,0.000,0.000,0.000,0.000,0.000,0.000,0.000,0.000,0.000,0.000,0.000,0.000,0.000,0.000,0.000,0.000,0.000,0.000,0.000,0.000,0.000,0.000,0.000,0.000,0.000,0.000,0.000,0.000,0.000,0.000,0.000,0.000
0.000,0.000,0.000,0.000,0.000,0.000,0.000,0.000,0.000,0.000,0.000,0.000,0.000,0.000,0.000,0.000,0.000,0.000,0.000,0.000,0.000,0.000,0.000,0.000,0.000,0.000,0.000,0.000,0.000,0.000,0.000,0.000,0.000,0.000,0.000,0.000,0.000,0.000,0.000,0.000,0.000,0.000,0.000,0.000,0.000,0.000,0.000,0.000,0.000,0.000,0.000,0.000,0.000,0.000,0.000,0.000,0.000,0.000,0.000,0.000,0.000,0.000,0.000,0.000,0.000,0.000,0.000,0.000,0.000,0.000,0.000,0.000,0.000,0.000,0.000,0.000,0.000,0.000,0.000,0.000
0.000,0.000,0.000,0.000,0.000,0.000,0.000,0.000,0.000,0.000,0.000,0.000,0.000,0.000,0.000,0.000,0.000,0.000,0.000,0.000,0.000,0.000,0.000,0.000,0.000,0.000,0.000,0.000,0.000,0.000,0.000,0.000,0.000,0.000,0.000,0.000,0.000,0.000,0.000,0.000,0.000,0.000,0.000,0.000,0.000,0.000,0.000,0.000,0.000,0.000,0.000,0.000,0.000,0.000,0.000,0.000,0.000,0.000,0.000,0.000,0.000,0.000,0.000,0.000,0.000,0.000,0.000,0.000,0.000,0.000,0.000,0.000,0.000,0.000,0.000,0.000,0.000,0.000,0.000,0.000
0.000,0.000,0.000,0.000,0.000,0.000,0.000,0.000,0.000,0.000,0.000,0.000,0.000,0.000,0.000,0.000,0.000,0.000,0.000,0.000,0.000,0.000,0.000,0.000,0.000,0.000,0.000,0.000,0.000,0.000,0.000,0.000,0.000,0.000,0.000,0.000,0.000,0.000,0.000,0.000,0.000,0.000,0.000,0.000,0.000,0.000,0.000,0.000,0.000,0.000,0.000,0.000,0.000,0.000,0.000,0.000,0.000,0.000,0.000,0.000,0.000,0.000,0.000,0.000,0.000,0.000,0.000,0.000,0.000,0.000,0.000,0.000,0.000,0.000,0.000,0.000,0.000,0.000,0.000,0.000
0.000,0.000,0.000,0.000,0.000,0.000,0.000,0.000,0.000,0.000,0.000,0.000,0.000,0.000,0.000,0.000,0.000,0.000,0.000,0.000,0.000,0.000,0.000,0.000,0.000,0.000,0.000,0.000,0.000,0.000,0.000,0.000,0.000,0.000,0.000,0.000,0.000,0.000,0.000,0.000,0.000,0.000,0.000,0.000,0.000,0.000,0.000,0.000,0.000,0.000,0.000,0.000,0.000,0.000,0.000,0.000,0.000,0.000,0.000,0.000,0.000,0.000,0.000,0.000,0.000,0.000,0.000,0.000,0.000,0.000,0.000,0.000,0.000,0.000,0.000,0.000,0.000,0.000,0.000,0.000
0.000,0.000,0.000,0.000,0.000,0.000,0.000,0.000,0.000,0.000,0.000,0.000,0.000,0.000,0.000,0.000,0.000,0.000,0.000,0.000,0.000,0.000,0.000,0.000,0.000,0.000,0.000,0.000,0.000,0.000,0.000,0.000,0.000,0.000,0.000,0.000,0.000,0.000,0.000,0.000,0.000,0.000,0.000,0.000,0.000,0.000,0.000,0.000,0.000,0.000,0.000,0.000,0.000,0.000,0.000,0.000,0.000,0.000,0.000,0.000,0.000,0.000,0.000,0.000,0.000,0.000,0.000,0.000,0.000,0.000,0.000,0.000,0.000,0.000,0.000,0.000,0.000,0.000,0.000,0.000
0.000,0.000,0.000,0.000,0.000,0.000,0.000,0.000,0.000,0.000,0.000,0.000,0.000,0.000,0.000,0.000,0.000,0.000,0.000,0.000,0.000,0.000,0.000,0.000,0.000,0.000,0.000,0.000,0.000,0.000,0.000,0.000,0.000,0.000,0.000,0.000,0.000,0.000,0.000,0.000,0.000,0.000,0.000,0.000,0.000,0.000,0.000,0.000,0.000,0.000,0.000,0.000,0.000,0.000,0.000,0.000,0.000,0.000,0.000,0.000,0.000,0.000,0.000,0.000,0.000,0.000,0.000,0.000,0.000,0.000,0.000,0.000,0.000,0.000,0.000,0.000,0.000,0.000,0.000,0.000
0.000,0.000,0.000,0.000,0.000,0.000,0.000,0.000,0.000,0.000,0.000,0.000,0.000,0.000,0.000,0.000,0.000,0.000,0.000,0.000,0.000,0.000,0.000,0.000,0.000,0.000,0.000,0.000,0.000,0.000,0.000,0.000,0.000,0.000,0.000,0.000,0.000,0.000,0.000,1.000,0.000,0.000,0.000,0.000,0.000,0.000,0.000,0.000,0.000,0.000,0.000,0.000,0.000,0.000,0.000,0.000,0.000,0.000,0.000,0.000,0.000,0.000,0.000,0.000,0.000,0.000,0.000,0.000,0.000,0.000,0.000,0.000,0.000,0.000,0.000,0.000,0.000,0.000,0.000,0.000
0.000,0.000,0.000,0.000,0.000,0.000,0.000,0.000,0.000,0.000,0.000,0.000,0.000,0.000,0.000,0.000,0.000,0.000,0.000,0.000,0.000,0.000,0.000,0.000,0.000,0.000,0.000,0.000,0.000,0.000,0.000,0.000,0.000,0.000,0.000,0.000,0.000,0.000,0.000,0.000,0.000,0.000,0.000,0.000,0.000,0.000,0.000,0.000,0.000,0.000,0.000,0.000,0.000,0.000,0.000,0.000,0.000,0.000,0.000,0.000,0.000,0.000,0.000,0.000,0.000,0.000,0.000,0.000,0.000,0.000,0.000,0.000,0.000,0.000,0.000,0.000,0.000,0.000,0.000,0.000
0.000,0.000,0.000,0.000,0.000,0.000,0.000,0.000,0.000,0.000,0.000,0.000,0.000,0.000,0.000,0.000,0.000,0.000,0.000,0.000,0.000,0.000,0.000,0.000,0.000,0.000,0.000,0.000,0.000,0.000,0.000,0.000,0.000,0.000,0.000,0.000,0.000,0.000,0.000,0.000,0.000,0.000,0.000,0.000,0.000,0.000,0.000,0.000,0.000,0.000,0.000,0.000,0.000,0.000,0.000,0.000,0.000,0.000,0.000,0.000,0.000,0.000,0.000,0.000,0.000,0.000,0.000,0.000,0.000,0.000,0.000,0.000,0.000,0.000,0.000,0.000,0.000,0.000,0.000,0.000
0.000,0.000,0.000,0.000,0.000,0.000,0.000,0.000,0.000,0.000,0.000,0.000,0.000,0.000,0.000,0.000,0.000,0.000,0.000,0.000,0.000,0.000,0.000,0.000,0.000,0.000,0.000,0.000,0.000,0.000,0.000,0.000,0.000,0.000,0.000,0.000,0.000,0.000,0.000,0.000,0.000,0.000,0.000,0.000,0.000,0.000,0.000,0.000,0.000,0.000,0.000,0.000,0.000,0.000,0.000,0.000,0.000,0.000,0.000,0.000,0.000,0.000,0.000,0.000,0.000,0.000,0.000,0.000,0.000,0.000,0.000,0.000,0.000,0.000,0.000,0.000,0.000,0.000,0.000,0.000
0.000,0.000,0.000,0.000,0.000,0.000,0.000,0.000,0.000,0.000,0.000,0.000,0.000,0.000,0.000,0.000,0.000,0.000,0.000,0.000,0.000,0.000,0.000,0.000,0.000,0.000,0.000,0.000,0.000,0.000,0.000,0.000,0.000,0.000,0.000,0.000,0.000,0.000,0.000,0.000,0.000,0.000,0.000,0.000,0.000,0.000,0.000,0.000,0.000,0.000,0.000,0.000,0.000,0.000,0.000,0.000,0.000,0.000,0.000,0.000,0.000,0.000,0.000,0.000,0.000,0.000,0.000,0.000,0.000,0.000,0.000,0.000,0.000,0.000,0.000,0.000,0.000,0.000,0.000,0.000
0.000,0.000,0.000,0.000,0.000,0.000,0.000,0.000,0.000,0.000,0.000,0.000,0.000,0.000,0.000,0.000,0.000,0.000,0.000,0.000,0.000,0.000,0.000,0.000,0.000,0.000,0.000,0.000,0.000,0.000,0.000,0.000,0.000,0.000,0.000,0.000,0.000,0.000,0.000,0.000,0.000,0.000,0.000,0.000,0.000,0.000,0.000,0.000,0.000,0.000,0.000,0.000,0.000,0.000,0.000,0.000,0.000,0.000,0.000,0.000,0.000,0.000,0.000,0.000,0.000,0.000,0.000,0.000,0.000,0.000,0.000,0.000,0.000,0.000,0.000,0.000,0.000,0.000,0.000,0.000
0.000,0.000,0.000,0.000,0.000,0.000,0.000,0.000,0.000,0.000,0.000,0.000,0.000,0.000,0.000,0.000,0.000,0.000,0.000,0.000,0.000,0.000,0.000,0.000,0.000,0.000,0.000,0.000,0.000,0.000,0.000,0.000,0.000,0.000,0.000,0.000,0.000,0.000,0.000,0.000,0.000,0.000,0.000,0.000,0.000,0.000,0.000,0.000,0.000,0.000,0.000,0.000,0.000,0.000,0.000,0.000,0.000,0.000,0.000,0.000,0.000,0.000,0.000,0.000,0.000,0.000,0.000,0.000,0.000,0.000,0.000,0.000,0.000,0.000,0.000,0.000,0.000,0.000,0.000,0.000
0.000,0.000,0.000,0.000,0.000,0.000,0.000,0.000,0.000,0.000,1.000,0.000,0.000,0.000,0.000,1.000,0.000,0.000,0.000,0.000,0.000,0.000,0.000,0.000,0.000,0.000,0.000,0.000,0.000,0.000,0.000,0.000,0.000,0.000,0.000,0.000,0.000,0.000,0.000,0.000,0.000,0.000,0.000,0.000,0.000,0.000,0.000,0.000,0.000,0.000,0.000,0.000,0.000,0.000,0.000,0.000,0.000,0.000,0.000,0.000,0.000,0.000,0.000,1.000,0.000,0.000,0.000,0.000,0.000,0.000,0.000,0.000,0.000,0.000,0.000,0.000,0.000,0.000,0.000,0.000
0.000,0.000,0.000,0.000,0.000,0.000,0.000,0.000,0.000,0.000,0.000,0.000,0.000,0.000,0.000,0.000,0.000,0.000,0.000,0.000,0.000,0.000,0.000,0.000,0.000,0.000,0.000,0.000,0.000,0.000,0.000,0.000,0.000,0.000,0.000,0.000,0.000,0.000,0.000,0.000,0.000,0.000,0.000,0.000,0.000,0.000,0.000,0.000,0.000,0.000,0.000,0.000,0.000,0.000,0.000,0.000,0.000,0.000,0.000,0.000,0.000,0.000,0.000,0.000,0.000,0.000,0.000,0.000,0.000,0.000,0.000,0.000,0.000,0.000,0.000,0.000,0.000,0.000,0.000,0.000
0.000,0.000,0.000,0.000,0.000,0.000,0.000,0.000,0.000,0.000,0.000,0.000,0.000,0.000,0.000,0.000,0.000,0.000,0.000,0.000,0.000,0.000,0.000,0.000,0.000,0.000,0.000,0.000,0.000,0.000,0.000,0.000,0.000,0.000,0.000,0.000,0.000,0.000,0.000,0.000,0.000,0.000,0.000,0.000,0.000,0.000,0.000,0.000,0.000,0.000,0.000,0.000,0.000,0.000,0.000,0.000,0.000,0.000,0.000,0.000,0.000,0.000,0.000,0.000,0.000,0.000,0.000,0.000,0.000,0.000,0.000,0.000,0.000,0.000,0.000,0.000,0.000,0.000,0.000,0.000
0.000,0.000,0.000,0.000,0.000,0.000,0.000,0.000,0.000,0.000,0.000,0.000,0.000,0.000,0.000,0.000,0.000,0.000,0.000,0.000,0.000,0.000,0.000,0.000,0.000,0.000,0.000,0.000,0.000,0.000,0.000,0.000,0.000,0.000,0.000,0.000,0.000,0.000,0.000,0.000,0.000,0.000,0.000,0.000,0.000,0.000,0.000,0.000,0.000,0.000,0.000,0.000,0.000,0.000,0.000,0.000,0.000,0.000,0.000,0.000,0.000,0.000,0.000,0.000,0.000,0.000,0.000,0.000,0.000,0.000,0.000,0.000,0.000,0.000,0.000,0.000,0.000,0.000,0.000,0.000
0.000,0.000,0.000,0.000,0.000,0.000,0.000,0.000,0.000,0.000,0.000,0.000,0.000,0.000,0.000,0.000,0.000,0.000,0.000,0.000,0.000,0.000,0.000,0.000,0.000,0.000,0.000,0.000,0.000,0.000,0.000,0.000,0.000,0.000,0.000,0.000,0.000,0.000,0.000,0.000,0.000,0.000,0.000,0.000,0.000,0.000,0.000,0.000,0.000,0.000,0.000,0.000,0.000,0.000,0.000,0.000,0.000,0.000,0.000,0.000,0.000,0.000,0.000,0.000,0.000,0.000,0.000,0.000,0.000,0.000,0.000,0.000,0.000,0.000,0.000,0.000,0.000,0.000,0.000,0.000
0.000,0.000,0.000,0.000,0.000,0.000,0.000,0.000,0.000,0.000,0.000,0.000,0.000,0.000,0.000,0.000,0.000,0.000,0.000,0.000,0.000,0.000,0.000,0.000,0.000,0.000,0.000,0.000,0.000,0.000,0.000,0.000,0.000,0.000,0.000,0.000,0.000,0.000,0.000,0.000,0.000,0.000,0.000,0.000,0.000,0.000,0.000,0.000,0.000,0.000,0.000,0.000,0.000,0.000,0.000,0.000,0.000,0.000,0.000,0.000,0.000,0.000,0.000,0.000,0.000,0.000,0.000,0.000,0.000,0.000,0.000,0.000,0.000,0.000,0.000,0.000,0.000,0.000,0.000,0.000
0.000,0.000,0.000,0.000,0.000,0.000,0.000,0.000,0.000,0.000,0.000,0.000,0.000,0.000,0.000,0.000,0.000,0.000,0.000,0.000,0.000,0.000,0.000,0.000,0.000,0.000,0.000,0.000,0.000,0.000,0.000,0.000,0.000,0.000,0.000,0.000,0.000,0.000,0.000,0.000,0.000,0.000,0.000,0.000,0.000,0.000,0.000,0.000,0.000,0.000,0.000,0.000,0.000,0.000,0.000,0.000,0.000,0.000,0.000,0.000,0.000,0.000,0.000,0.000,0.000,0.000,0.000,0.000,0.000,0.000,0.000,0.000,0.000,0.000,0.000,0.000,0.000,0.000,0.000,0.000
0.000,0.000,0.000,0.000,0.000,0.000,0.000,0.000,0.000,0.000,0.000,0.000,0.000,0.000,0.000,0.000,0.000,0.000,0.000,0.000,0.000,0.000,0.000,0.000,0.000,0.000,0.000,0.000,0.000,0.000,0.000,0.000,0.000,0.000,0.000,0.000,0.000,0.000,0.000,0.000,0.000,0.000,0.000,0.000,0.000,0.000,0.000,0.000,0.000,0.000,0.000,0.000,0.000,0.000,0.000,0.000,0.000,0.000,0.000,0.000,0.000,0.000,0.000,0.000,0.000,0.000,0.000,0.000,0.000,0.000,0.000,0.000,0.000,0.000,0.000,0.000,0.000,0.000,0.000,0.000
0.000,0.000,0.000,0.000,0.000,0.000,0.000,0.000,0.000,0.000,0.000,0.000,0.000,0.000,0.000,0.000,0.000,0.000,0.000,0.000,0.000,0.000,0.000,0.000,0.000,1.000,0.000,0.000,0.000,0.000,1.000,0.000,0.000,0.000,0.000,0.000,0.000,0.000,0.000,0.000,0.000,0.000,0.000,0.000,0.000,0.000,0.000,0.000,0.000,0.000,0.000,0.000,0.000,0.000,0.000,0.000,0.000,0.000,0.000,0.000,0.000,0.000,0.000,0.000,0.000,0.000,0.000,0.000,0.000,0.000,0.000,0.000,0.000,0.000,0.000,0.000,0.000,0.000,0.000,0.000
0.000,0.000,0.000,0.000,0.000,0.000,0.000,0.000,0.000,0.000,0.000,0.000,0.000,0.000,0.000,0.000,0.000,0.000,0.000,0.000,0.000,0.000,0.000,0.000,0.000,0.000,0.000,0.000,0.000,0.000,0.000,0.000,0.000,0.000,0.000,0.000,0.000,0.000,0.000,0.000,0.000,0.000,0.000,0.000,0.000,0.000,0.000,0.000,0.000,0.000,0.000,0.000,0.000,0.000,0.000,0.000,0.000,0.000,0.000,0.000,0.000,0.000,0.000,0.000,0.000,0.000,0.000,0.000,0.000,0.000,0.000,0.000,0.000,0.000,0.000,0.000,0.000,0.000,0.000,0.000
0.000,0.000,0.000,0.000,0.000,0.000,0.000,0.000,0.000,0.000,0.000,0.000,0.000,0.000,0.000,0.000,0.000,0.000,0.000,0.000,0.000,0.000,0.000,0.000,0.000,0.000,0.000,0.000,0.000,0.000,0.000,0.000,0.000,0.000,0.000,0.000,0.000,0.000,0.000,0.000,0.000,0.000,0.000,0.000,0.000,0.000,0.000,0.000,0.000,0.000,0.000,0.000,0.000,0.000,0.000,0.000,0.000,1.000,0.000,0.000,0.000,0.000,0.000,0.000,0.000,0.000,0.000,0.000,0.000,0.000,0.000,0.000,0.000,0.000,0.000,0.000,0.000,0.000,0.000,0.000
0.000,0.000,0.000,0.000,1.000,0.000,0.000,0.000,0.000,0.000,0.000,0.000,0.000,0.000,1.000,0.000,0.000,0.000,0.000,0.000,0.000,1.000,0.000,0.000,0.000,0.000,0.000,0.000,1.000,0.000,0.000,0.000,0.000,0.000,0.000,0.000,0.000,0.000,0.000,0.000,0.000,0.000,0.000,0.000,0.000,0.000,0.000,0.000,0.000,0.000,0.000,0.000,0.000,0.000,0.000,0.000,0.000,0.000,0.000,0.000,0.000,0.000,0.000,0.000,0.000,0.000,0.000,0.000,0.000,0.000,0.000,0.000,0.000,0.000,0.000,0.000,0.000,0.000,0.000,0.000
0.000,0.000,0.000,0.000,0.000,0.000,0.000,0.000,0.000,0.000,0.000,0.000,0.000,0.000,0.000,0.000,0.000,0.000,0.000,0.000,0.000,0.000,0.000,0.000,0.000,0.000,0.000,0.000,0.000,0.000,0.000,0.000,0.000,0.000,0.000,0.000,0.000,0.000,0.000,0.000,0.000,0.000,0.000,0.000,0.000,0.000,0.000,0.000,0.000,0.000,0.000,0.000,0.000,0.000,0.000,0.000,0.000,0.000,0.000,0.000,0.000,0.000,0.000,0.000,0.000,0.000,0.000,0.000,0.000,0.000,0.000,0.000,0.000,0.000,0.000,0.000,0.000,0.000,0.000,0.000
0.000,0.000,0.000,0.000,0.000,0.000,0.000,0.000,0.000,0.000,0.000,0.000,0.000,0.000,0.000,0.000,0.000,0.000,0.000,0.000,0.000,0.000,0.000,0.000,0.000,0.000,0.000,0.000,0.000,0.000,0.000,0.000,0.000,0.000,0.000,0.000,0.000,0.000,0.000,0.000,0.000,0.000,0.000,0.000,0.000,0.000,0.000,0.000,0.000,0.000,0.000,0.000,0.000,0.000,0.000,0.000,0.000,0.000,0.000,0.000,0.000,0.000,0.000,0.000,0.000,0.000,0.000,0.000,0.000,0.000,0.000,0.000,0.000,0.000,0.000,0.000,0.000,0.000,0.000,0.000
0.000,0.000,0.000,0.000,0.000,0.000,0.000,0.000,0.000,0.000,0.000,0.000,0.000,0.000,0.000,0.000,0.000,0.000,0.000,0.000,0.000,0.000,0.000,0.000,0.000,0.000,0.000,0.000,0.000,0.000,0.000,0.000,0.000,0.000,0.000,0.000,0.000,0.000,0.000,0.000,0.000,0.000,0.000,0.000,0.000,0.000,0.000,0.000,0.000,0.000,0.000,0.000,0.000,0.000,0.000,0.000,0.000,0.000,0.000,0.000,0.000,0.000,0.000,0.000,0.000,0.000,0.000,0.000,0.000,0.000,0.000,0.000,0.000,0.000,0.000,0.000,0.000,0.000,0.000,0.000
0.000,0.000,0.000,0.000,0.000,0.000,0.000,0.000,0.000,0.000,0.000,0.000,0.000,0.000,0.000,0.000,0.000,0.000,0.000,0.000,0.000,0.000,0.000,0.000,0.000,0.000,0.000,0.000,0.000,0.000,0.000,0.000,0.000,0.000,0.000,0.000,0.000,0.000,0.000,0.000,0.000,0.000,0.000,0.000,0.000,0.000,0.000,0.000,0.000,0.000,0.000,0.000,0.000,0.000,0.000,0.000,0.000,0.000,0.000,0.000,0.000,0.000,0.000,0.000,0.000,0.000,0.000,0.000,0.000,0.000,0.000,0.000,0.000,0.000,0.000,0.000,0.000,0.000,0.000,0.000
0.000,0.000,0.000,0.000,0.000,0.000,0.000,0.000,0.000,0.000,0.000,0.000,0.000,0.000,0.000,0.000,0.000,0.000,0.000,0.000,0.000,0.000,0.000,0.000,0.000,0.000,0.000,0.000,0.000,0.000,0.000,0.000,0.000,0.000,0.000,0.000,0.000,0.000,0.000,0.000,0.000,0.000,0.000,0.000,0.000,0.000,0.000,0.000,0.000,0.000,0.000,0.000,0.000,0.000,0.000,0.000,0.000,0.000,0.000,0.000,0.000,0.000,0.000,0.000,0.000,0.000,0.000,0.000,0.000,0.000,0.000,0.000,0.000,0.000,0.000,0.000,1.000,0.000,0.000,0.000
0.000,0.000,0.000,0.000,0.000,0.000,0.000,0.000,0.000,0.000,0.000,0.000,0.000,0.000,0.000,0.000,0.000,0.000,0.000,0.000,0.000,0.000,0.000,0.000,0.000,0.000,0.000,0.000,0.000,0.000,0.000,0.000,0.000,0.000,0.000,0.000,0.000,0.000,0.000,0.000,0.000,0.000,0.000,0.000,0.000,0.000,0.000,0.000,0.000,0.000,1.000,0.000,0.000,0.000,0.000,0.000,0.000,0.000,0.000,0.000,0.000,0.000,0.000,1.000,0.000,0.000,0.000,0.000,0.000,0.000,0.000,0.000,0.000,0.000,0.000,0.000,0.000,0.000,0.000,0.000
0.000,0.000,0.000,0.000,0.000,0.000,0.000,0.000,0.000,0.000,0.000,0.000,0.000,0.000,0.000,0.000,0.000,0.000,0.000,0.000,0.000,0.000,0.000,0.000,0.000,0.000,0.000,0.000,0.000,0.000,0.000,0.000,0.000,0.000,0.000,0.000,0.000,0.000,0.000,0.000,0.000,0.000,0.000,0.000,0.000,0.000,0.000,0.000,0.000,0.000,0.000,0.000,0.000,0.000,0.000,0.000,0.000,0.000,0.000,0.000,0.000,0.000,0.000,0.000,0.000,0.000,0.000,0.000,0.000,0.000,0.000,0.000,0.000,0.000,0.000,0.000,0.000,0.000,0.000,0.000
0.000,0.000,0.000,0.000,0.000,0.000,0.000,0.000,0.000,0.000,0.000,0.000,0.000,0.000,0.000,0.000,0.000,0.000,0.000,0.000,0.000,0.000,0.000,0.000,0.000,0.000,0.000,0.000,0.000,0.000,0.000,0.000,0.000,0.000,0.000,0.000,0.000,0.000,0.000,0.000,0.000,0.000,0.000,0.000,0.000,0.000,0.000,0.000,0.000,0.000,0.000,0.000,0.000,0.000,0.000,0.000,0.000,0.000,0.000,0.000,0.000,0.000,0.000,0.000,0.000,0.000,0.000,0.000,0.000,0.000,0.000,0.000,0.000,0.000,0.000,0.000,0.000,0.000,0.000,0.000
0.000,0.000,0.000,0.000,0.000,0.000,0.000,0.000,0.000,0.000,0.000,0.000,0.000,0.000,0.000,0.000,0.000,0.000,0.000,0.000,0.000,0.000,0.000,0.000,0.000,0.000,0.000,0.000,0.000,0.000,0.000,0.000,0.000,0.000,0.000,0.000,0.000,0.000,0.000,0.000,0.000,0.000,0.000,0.000,0.000,0.000,0.000,0.000,0.000,0.000,0.000,0.000,0.000,0.000,0.000,0.000,0.000,0.000,0.000,0.000,0.000,0.000,0.000,0.000,0.000,0.000,0.000,0.000,0.000,0.000,0.000,0.000,0.000,0.000,0.000,0.000,0.000,0.000,0.000,0.000
0.000,0.000,0.000,0.000,0.000,0.000,0.000,0.000,0.000,0.000,0.000,0.000,0.000,0.000,0.000,0.000,0.000,0.000,0.000,0.000,0.000,0.000,0.000,0.000,0.000,0.000,0.000,0.000,0.000,0.000,0.000,0.000,0.000,0.000,0.000,0.000,1.000,0.000,0.000,0.000,0.000,0.000,0.000,0.000,0.000,0.000,0.000,0.000,0.000,0.000,0.000,0.000,0.000,0.000,0.000,0.000,0.000,0.000,0.000,0.000,0.000,0.000,0.000,0.000,0.000,1.000,0.000,0.000,0.000,0.000,0.000,0.000,0.000,0.000,0.000,0.000,0.000,0.000,0.000,0.000
0.000,0.000,0.000,0.000,0.000,0.000,0.000,0.000,0.000,0.000,0.000,0.000,0.000,0.000,0.000,0.000,0.000,0.000,0.000,0.000,0.000,0.000,0.000,0.000,0.000,0.000,0.000,0.000,0.000,0.000,0.000,0.000,0.000,0.000,0.000,0.000,0.000,0.000,0.000,0.000,0.000,0.000,0.000,0.000,0.000,0.000,0.000,0.000,0.000,0.000,0.000,0.000,0.000,0.000,0.000,0.000,0.000,0.000,0.000,0.000,0.000,0.000,0.000,0.000,0.000,0.000,0.000,0.000,0.000,0.000,0.000,0.000,0.000,0.000,0.000,0.000,0.000,0.000,0.000,0.000
0.000,0.000,0.000,0.000,0.000,0.000,0.000,0.000,0.000,0.000,0.000,0.000,0.000,0.000,0.000,0.000,0.000,0.000,0.000,0.000,0.000,0.000,0.000,0.000,0.000,0.000,0.000,0.000,0.000,0.000,0.000,0.000,0.000,0.000,0.000,0.000,0.000,0.000,0.000,0.000,0.000,0.000,0.000,0.000,0.000,0.000,0.000,0.000,0.000,0.000,0.000,0.000,0.000,0.000,0.000,0.000,0.000,0.000,0.000,0.000,0.000,0.000,0.000,0.000,0.000,0.000,0.000,0.000,0.000,0.000,0.000,0.000,0.000,0.000,0.000,0.000,0.000,0.000,0.000,0.000
0.000,0.000,0.000,0.000,0.000,0.000,0.000,0.000,0.000,0.000,0.000,0.000,0.000,0.000,0.000,0.000,0.000,0.000,0.000,0.000,0.000,0.000,0.000,0.000,0.000,0.000,0.000,0.000,0.000,0.000,0.000,0.000,0.000,0.000,0.000,0.000,0.000,0.000,0.000,0.000,0.000,0.000,0.000,0.000,0.000,0.000,0.000,0.000,0.000,0.000,0.000,0.000,0.000,0.000,0.000,0.000,0.000,0.000,0.000,0.000,0.000,0.000,0.000,0.000,0.000,0.000,0.000,0.000,0.000,0.000,0.000,0.000,0.000,0.000,0.000,0.000,0.000,0.000,0.000,0.000
0.000,0.000,0.000,0.000,0.000,0.000,0.000,0.000,0.000,0.000,0.000,0.000,0.000,0.000,0.000,0.000,0.000,0.000,0.000,0.000,0.000,0.000,0.000,0.000,0.000,0.000,0.000,0.000,0.000,0.000,0.000,0.000,0.000,0.000,0.000,0.000,0.000,0.000,0.000,1.000,0.000,0.000,0.000,0.000,0.000,0.000,0.000,0.000,0.000,0.000,0.000,0.000,0.000,0.000,0.000,0.000,0.000,0.000,0.000,0.000,0.000,0.000,0.000,0.000,0.000,0.000,0.000,0.000,0.000,0.000,0.000,0.000,0.000,0.000,0.000,0.000,0.000,0.000,0.000,0.000
0.000,0.000,0.000,0.000,0.000,0.000,0.000,0.000,0.000,0.000,0.000,0.000,0.000,0.000,0.000,0.000,0.000,0.000,0.000,0.000,0.000,0.000,0.000,0.000,0.000,0.000,0.000,0.000,0.000,0.000,0.000,0.000,0.000,0.000,0.000,0.000,0.000,0.000,0.000,0.000,0.000,0.000,0.000,0.000,0.000,0.000,0.000,0.000,0.000,0.000,0.000,0.000,0.000,0.000,0.000,0.000,0.000,0.000,0.000,0.000,0.000,0.000,0.000,0.000,0.000,0.000,0.000,0.000,0.000,0.000,0.000,0.000,0.000,0.000,0.000,0.000,0.000,0.000,0.000,0.000
0.000,0.000,0.000,0.000,0.000,0.000,0.000,0.000,0.000,0.000,0.000,0.000,0.000,0.000,0.000,0.000,0.000,0.000,0.000,0.000,0.000,0.000,0.000,0.000,0.000,0.000,0.000,0.000,0.000,0.000,0.000,0.000,0.000,0.000,0.000,0.000,0.000,0.000,0.000,0.000,0.000,0.000,0.000,0.000,0.000,0.000,0.000,0.000,0.000,0.000,0.000,0.000,0.000,0.000,0.000,0.000,0.000,0.000,0.000,0.000,0.000,0.000,0.000,0.000,0.000,0.000,0.000,0.000,0.000,0.000,0.000,0.000,1.000,0.000,0.000,1.000,0.000,0.000,0.000,0.000
0.000,0.000,0.000,0.000,0.000,0.000,0.000,0.000,0.000,0.000,0.000,0.000,0.000,0.000,0.000,0.000,1.000,0.000,0.000,0.000,1.000,0.000,0.000,0.000,0.000,0.000,0.000,0.000,0.000,0.000,0.000,0.000,0.000,0.000,0.000,0.000,0.000,0.000,0.000,0.000,0.000,0.000,0.000,0.000,0.000,0.000,0.000,0.000,0.000,1.000,0.000,0.000,1.000,0.000,0.000,0.000,0.000,0.000,0.000,1.000,0.000,0.000,0.000,0.000,0.000,0.000,0.000,0.000,0.000,0.000,1.000,0.000,0.000,0.000,0.000,0.000,0.000,0.000,0.000,0.000
129.000,170.000,196.000,156.000,105.000,103.000,190.000,131.000,132.000,107.000,171.000,176.000,174.000,174.000,190.000,127.000,170.000,116.000,110.000,138.000,143.000,106.000,146.000,162.000,111.000,197.000,157.000,153.000,111.000,173.000,188.000,143.000,158.000,180.000,195.000,133.000,133.000,144.000,199.000,106.000,176.000,182.000,115.000,124.000,136.000,138.000,122.000,186.000,157.000,185.000,156.000,119.000,165.000,164.000,156.000,151.000,125.000,155.000,159.000,128.000,131.000,121.000,123.000,111.000,105.000,200.000,131.000,101.000,115.000,120.000,193.000,110.000,113.000,194.000,102.000,191.000,198.000,194.000,110.000,118.000
0.000,0.000,0.000,0.000,0.000,0.000,0.000,0.000,0.000,0.000,0.000,0.000,0.000,0.000,0.000,0.000,0.000,0.000,0.000,0.000,0.000,0.000,0.000,0.000,0.000,0.000,0.000,0.000,0.000,0.000,0.000,0.000,0.000,0.000,0.000,0.000,0.000,0.000,0.000,0.000,0.000,0.000,0.000,0.000,0.000,0.000,0.000,0.000,0.000,0.000,0.000,0.000,0.000,0.000,0.000,0.000,0.000,0.000,0.000,0.000,0.000,0.000,0.000,0.000,0.000,0.000,0.000,0.000,0.000,0.000,0.000,0.000,0.000,0.000,0.000,0.000,0.000,0.000,0.000,0.000
514.632
