42.000,29.000,33.000,55.000,49.000,15.099,81.000,2.000,37.000,14.000,71.000,81.000,51.000,77.000,34.000,14.000,20.000,90.000,90.000,27.000,92.000,9.000,9.000,10.000,37.000,52.000,5.000,46.000,76.000,77.000,8.000,94.000,32.000,23.000,50.000,62.000,51.000,77.000,9.000,25.000,71.000,45.000,85.000,8.000,16.000,23.000,97.000,55.000,48.000,83.000,2.000,6.000,13.000,3.000,6.000,22.015,82.000,21.000,100.000,15.170,33.000,51.000,13.000,13.000,8.000,51.000,8.000,43.000,53.000,83.000,27.951,83.000,56.000,61.000,17.000,19.000,98.000,55.000,13.000,74.000
83.000,84.000,61.000,33.000,32.000,13.000,18.000,38.000,51.000,72.000,28.000,20.000,26.000,99.000,18.000,58.000,77.000,88.000,42.000,62.000,91.000,78.000,97.000,21.000,91.000,73.000,43.000,49.000,90.000,2.000,70.000,89.000,79.000,34.000,37.000,61.000,76.000,100.000,91.000,96.000,29.000,38.000,100.000,11.000,20.000,68.000,4.000,51.000,31.000,77.000,72.000,75.000,76.000,53.000,6.000,32.000,82.000,94.000,16.000,18.000,93.000,36.000,60.000,39.000,15.000,1.000,74.000,84.000,94.000,76.000,28.000,31.000,69.000,97.000,23.000,6.000,61.000,35.000,53.000,18.000
51.000,97.000,50.000,74.000,52.000,65.000,13.000,95.000,26.000,33.000,96.000,73.000,1.000,17.000,87.000,95.000,87.000,64.000,60.000,36.000,89.000,2.000,100.000,84.000,82.000,2.000,98.000,38.000,84.000,19.000,83.000,48.000,30.000,36.000,4.000,49.000,60.000,19.000,89.000,87.000,91.000,22.000,86.000,35.000,86.000,49.000,37.000,84.000,21.000,85.000,92.000,2.000,4.000,15.000,21.000,35.000,56.000,8.000,61.000,55.000,28.000,61.000,69.000,51.000,60.000,95.000,95.000,49.000,37.000,44.000,11.000,75.000,64.000,15.000,92.000,76.000,99.000,92.000,55.000,5.000
11.000,74.000,8.000,8.000,79.000,44.000,44.000,12.000,96.000,55.000,11.000,82.000,33.000,89.000,69.000,23.000,15.000,40.000,85.000,71.000,31.000,20.000,73.000,77.000,99.000,67.000,46.000,41.000,55.000,39.000,13.000,14.000,25.000,45.000,81.000,36.000,59.000,59.000,76.000,70.000,12.000,39.000,42.000,38.000,72.000,30.000,79.000,60.000,31.000,71.000,86.000,67.000,47.000,38.000,34.000,4.000,17.000,51.000,38.000,41.000,6.000,65.000,19.000,17.000,56.000,67.000,50.000,11.000,82.000,64.000,75.000,43.000,77.000,21.000,62.000,98.000,77.000,55.000,28.000,19.000
90.000,88.000,76.000,14.000,93.000,21.000,99.000,45.000,83.000,54.000,60.000,18.000,21.000,48.000,98.000,10.000,66.000,91.000,34.000,82.000,67.000,67.000,42.000,94.000,9.000,49.000,17.000,78.000,57.000,59.000,89.000,26.000,16.000,37.000,29.000,9.000,84.000,52.000,97.000,85.000,60.000,5.000,92.000,33.000,20.000,32.000,79.000,20.000,46.000,5.000,38.000,98.000,13.000,16.000,20.000,50.000,94.000,63.000,78.000,100.000,41.000,18.000,39.000,51.000,9.000,10.000,70.000,51.000,75.000,98.000,6.000,47.000,54.000,52.000,22.000,97.000,96.000,95.000,71.000,19.000
68.000,49.000,19.000,4.000,13.000,2.000,37.000,56.000,6.000,59.000,50.000,36.000,15.000,57.000,75.000,14.000,66.000,45.000,29.000,29.000,100.000,30.000,82.000,17.000,42.000,72.000,10.000,11.000,54.000,47.000,47.000,97.000,66.000,100.000,24.000,49.000,12.000,57.000,13.442,45.000,69.000,25.000,5.000,50.000,5.000,13.951,45.000,97.000,31.000,93.000,78.000,96.000,19.000,45.000,54.000,88.000,76.000,71.000,27.000,87.000,47.000,95.000,72.000,1.000,73.000,40.000,73.000,57.000,59.000,33.000,100.000,82.000,58.000,99.000,46.000,67.000,46.000,2.000,48.000,82.000
24.000,65.000,47.000,32.000,79.000,43.000,52.000,19.000,15.000,75.000,32.000,27.000,49.000,16.000,23.000,89.000,68.000,31.000,82.000,24.000,42.000,29.000,50.000,16.000,71.000,33.000,6.000,70.000,36.000,36.000,69.000,41.000,36.000,66.000,5.000,95.000,82.000,46.000,45.000,16.000,34.000,87.000,72.000,68.000,2.000,54.000,27.000,3.000,58.000,62.000,82.000,83.000,28.000,91.000,70.000,43.000,30.000,8.941,82.000,30.000,5.000,4.000,53.000,51.000,83.000,83.000,51.000,44.000,77.000,97.000,94.000,81.000,9.000,67.000,17.000,50.000,40.000,90.000,94.000,24.000
63.000,15.000,50.000,21.000,96.000,18.000,41.000,39.000,39.000,73.000,46.000,3.000,4.000,18.000,19.000,14.000,31.000,16.000,27.000,54.000,37.000,67.000,83.000,8.000,32.000,57.000,80.000,97.000,80.000,29.000,83.000,100.000,28.000,19.000,78.000,13.000,32.000,70.000,11.000,93.000,90.000,89.000,6.000,99.000,71.000,5.000,70.000,41.000,18.000,77.000,55.000,25.000,53.000,16.000,27.000,97.000,60.000,92.000,11.000,81.000,92.000,80.000,23.000,38.000,99.000,1.000,3.000,5.000,43.000,25.000,45.000,90.000,17.000,36.000,1.000,93.000,37.000,69.000,13.000,35.000
94.000,54.000,33.000,57.000,38.000,15.000,13.000,19.000,9.000,20.000,2.000,11.000,100.000,56.000,46.000,36.000,69.000,79.000,28.000,92.000,62.000,46.000,70.000,28.000,98.000,43.000,99.000,58.000,22.000,23.000,69.000,49.000,19.000,28.000,90.000,41.000,57.000,67.000,55.000,25.000,13.000,74.000,58.000,20.000,26.000,4.000,28.000,1.000,62.000,68.000,42.000,21.000,30.000,53.000,71.000,43.000,96.000,49.000,62.000,97.000,97.000,67.000,58.000,90.000,23.000,3.000,58.000,43.000,66.000,88.000,15.000,17.000,72.000,43.000,53.000,26.000,20.000,50.000,95.000,60.000
92.000,81.000,79.000,4.000,74.000,100.000,40.000,84.000,31.000,42.000,89.000,96.000,61.000,40.000,94.000,81.000,61.000,28.000,8.000,67.000,77.000,37.000,67.000,4.000,90.000,53.000,16.000,64.000,100.000,12.000,20.000,21.000,89.000,28.000,2.000,66.000,39.000,59.000,2.000,36.000,5.000,95.000,48.000,48.000,29.000,42.000,94.000,39.000,52.000,67.000,84.000,99.000,9.000,40.000,17.000,31.000,31.000,31.000,91.000,97.000,5.000,63.000,28.000,16.000,88.000,31.000,95.000,5.000,8.000,11.000,66.000,34.000,70.000,47.000,73.000,72.000,83.000,75.000,18.000,19.000
71.000,53.000,100.000,45.000,71.000,37.000,54.000,93.000,85.000,39.000,64.000,40.000,47.000,75.000,16.000,70.000,38.000,98.000,99.000,45.000,17.000,67.000,83.000,34.000,84.000,21.000,59.000,32.000,69.000,62.000,63.000,99.000,82.000,66.000,82.000,26.000,94.000,56.000,33.000,78.000,21.000,62.000,82.000,69.000,81.000,49.000,5.000,91.000,76.000,82.000,70.000,62.000,21.000,100.000,12.000,41.000,21.000,67.000,13.000,60.000,22.000,61.000,64.000,60.000,79.000,81.000,96.000,100.000,55.000,1.000,76.000,29.000,37.000,13.000,21.000,39.000,57.000,52.000,47.000,20.000
64.000,90.000,70.000,81.000,75.000,17.000,63.000,67.000,59.000,20.000,28.000,20.000,82.000,52.000,71.000,8.000,95.000,28.000,3.000,4.000,58.000,12.000,79.000,91.000,77.000,100.000,94.000,46.000,48.000,47.000,63.000,9.000,43.000,28.000,74.000,92.000,39.000,8.000,51.000,2.000,99.000,15.000,1.000,75.000,6.000,44.000,78.000,68.000,25.000,2.000,52.000,39.000,98.000,99.000,4.000,47.000,64.000,93.000,7.000,14.000,31.000,5.000,88.000,28.000,15.000,18.000,48.000,58.000,99.000,16.000,23.000,45.000,15.000,97.000,52.000,96.000,79.000,59.000,48.000,28.000
47.000,22.000,20.000,34.000,52.000,66.000,63.000,17.000,42.000,47.000,12.000,82.000,55.000,18.000,11.000,37.000,71.000,4.000,44.000,81.000,42.000,25.000,89.000,24.000,31.000,17.000,51.000,75.000,60.000,71.000,74.000,77.000,87.000,79.000,91.000,62.000,54.000,35.000,78.000,12.000,1.000,44.000,21.000,52.000,4.000,22.000,92.000,64.000,41.000,43.000,40.000,42.000,84.000,13.000,33.000,89.000,64.000,92.000,8.000,31.000,1.000,3.000,17.000,36.000,51.000,95.000,25.000,56.000,16.000,31.000,97.000,98.000,82.000,56.000,48.000,53.000,47.000,26.000,82.000,65.000
70.000,63.000,52.000,42.000,43.000,23.000,56.000,76.000,86.000,69.000,46.000,5.000,45.000,27.000,91.000,43.000,19.000,9.000,33.000,63.000,81.000,70.000,98.000,31.000,3.000,58.000,15.000,18.000,36.000,98.000,11.000,23.000,2.000,99.000,16.000,62.000,4.000,10.000,31.000,92.000,11.000,87.000,30.000,86.000,54.000,56.000,84.000,69.000,50.000,1.000,26.000,13.000,99.000,98.000,69.000,84.000,34.000,64.000,48.000,10.000,42.000,28.000,9.000,13.000,59.000,40.000,89.000,91.000,54.000,69.000,49.000,83.000,61.000,16.000,28.000,35.000,93.000,87.000,98.000,69.000
100.000,61.000,2.000,47.000,65.000,28.000,33.000,16.000,45.000,5.000,36.000,99.000,74.000,53.000,43.000,23.000,30.000,28.000,95.000,34.000,83.000,68.000,9.000,20.000,44.000,46.000,85.000,26.000,40.000,9.000,51.000,27.000,54.000,48.000,18.000,99.000,44.000,12.000,36.000,80.000,93.000,53.000,32.000,61.000,36.000,10.000,19.000,13.000,81.000,97.000,78.000,76.000,33.000,69.000,11.000,55.000,7.000,74.000,82.000,66.000,74.000,19.000,89.000,51.000,23.000,89.000,38.000,65.000,77.000,45.000,11.000,93.000,85.000,34.000,97.000,20.000,99.000,68.000,27.000,28.000
68.000,95.000,23.000,5.000,46.000,53.000,48.000,46.000,68.000,98.000,93.000,37.000,33.000,36.000,80.000,64.000,56.000,38.000,63.000,95.000,82.000,64.000,77.000,53.000,59.000,37.000,40.000,64.000,3.000,56.000,31.000,12.000,32.000,90.000,79.000,50.000,27.000,100.000,56.000,8.000,1.000,54.000,65.000,83.000,73.000,86.000,1.000,21.000,36.000,99.000,93.000,98.000,30.000,47.000,94.000,2.000,34.000,27.000,6.000,44.000,28.000,6.000,78.000,87.000,59.000,80.000,22.000,33.000,9.000,92.000,75.000,48.000,17.000,86.000,24.000,11.000,14.000,55.000,34.000,57.000
24.000,99.000,54.000,11.000,16.000,27.000,72.000,64.000,84.000,46.000,39.000,61.000,99.000,66.000,74.000,58.000,23.000,59.000,71.000,73.000,78.000,28.000,17.000,5.000,67.000,29.000,3.000,78.000,36.000,22.000,39.000,81.000,28.000,59.000,47.000,96.000,36.000,39.000,69.000,89.000,8.000,91.000,40.000,99.000,6.000,65.000,15.000,5.000,76.000,1.000,81.000,18.000,87.000,69.000,8.000,79.000,52.000,84.000,50.000,49.000,5.000,86.000,98.000,90.000,33.000,84.000,36.000,77.000,2.000,47.000,8.000,71.000,28.000,11.000,84.000,47.000,4.000,62.000,16.000,53.000
19.000,67.000,82.000,81.000,23.000,55.000,89.000,41.000,79.000,27.000,20.000,18.000,80.000,96.000,72.000,1.000,17.000,28.000,13.000,37.000,53.000,15.000,22.000,37.000,96.000,61.000,90.000,99.000,16.000,17.000,94.000,43.000,47.000,64.000,19.000,40.000,90.000,85.000,37.000,47.000,53.000,32.000,27.000,98.000,80.000,13.000,8.000,21.000,58.000,33.000,85.000,78.000,98.000,67.000,10.000,80.000,12.000,61.000,3.000,13.000,12.000,92.000,53.000,83.000,44.000,82.000,40.000,79.000,18.000,67.000,86.000,31.000,69.000,61.000,13.000,93.000,42.000,6.000,54.000,62.000
41.000,77.000,20.000,7.000,59.000,55.000,93.000,95.000,79.000,81.000,7.000,59.000,87.000,11.000,19.000,24.000,8.000,67.000,99.000,35.000,57.000,98.000,71.000,66.000,85.000,89.000,60.000,90.000,43.000,8.000,15.000,58.000,43.000,68.000,44.000,2.000,10.000,42.000,83.000,79.000,20.000,98.000,84.000,91.000,32.000,27.000,83.000,11.000,60.000,86.000,64.000,60.000,58.000,24.000,46.000,66.000,44.000,7.000,16.000,1.000,72.000,78.000,24.000,54.000,92.000,68.000,39.000,63.000,43.000,84.000,67.000,41.000,48.000,84.000,65.000,24.000,60.000,27.000,34.000,37.000
81.000,17.000,76.000,70.000,97.000,68.000,10.000,29.000,6.847,41.000,95.000,22.000,100.000,86.000,70.000,2.000,15.000,74.000,96.000,82.000,99.000,53.000,9.000,82.000,17.000,44.000,84.000,13.000,66.000,2.000,36.000,1.000,49.000,29.000,50.000,53.000,56.000,99.000,67.000,65.000,38.000,62.000,58.000,92.000,6.000,61.000,33.000,22.000,51.000,48.000,53.000,38.000,43.000,96.000,60.000,99.000,4.000,78.000,91.000,26.000,90.000,57.000,45.000,1.000,4.000,38.000,62.000,43.000,45.000,61.000,86.000,67.000,16.000,97.000,64.000,38.000,67.000,63.000,29.000,12.000
82.000,15.000,82.000,55.000,46.000,95.000,79.000,86.000,60.000,10.000,44.000,15.000,48.000,48.000,14.000,91.000,64.000,8.000,89.000,41.000,53.000,67.000,49.000,5.000,29.000,54.000,12.000,4.000,33.000,10.000,90.000,24.000,41.000,33.000,17.000,89.000,60.000,79.000,43.000,49.000,82.000,72.000,21.000,94.000,18.000,95.000,79.000,91.000,56.000,24.000,29.000,45.000,41.000,77.000,67.000,65.000,61.000,86.000,77.000,57.000,83.000,85.000,45.000,46.000,13.000,17.000,60.000,96.000,42.000,66.000,58.000,100.000,22.000,58.000,56.000,49.000,36.000,11.000,11.000,3.000
35.000,7.000,24.000,31.000,24.000,66.000,72.000,84.000,35.000,99.000,42.000,67.000,37.000,6.000,77.000,90.000,10.000,46.000,64.000,33.000,2.000,62.000,54.000,17.000,36.000,36.000,76.000,83.000,64.000,16.000,93.000,98.000,67.000,56.000,49.000,40.000,63.000,40.000,90.000,66.000,56.000,35.000,80.000,96.000,82.000,41.000,74.000,64.000,38.000,23.000,2.000,86.000,16.000,14.000,48.000,38.000,28.000,59.000,31.000,45.000,53.000,91.000,12.000,73.000,73.000,64.000,9.000,64.000,45.000,24.000,57.000,84.000,60.000,74.000,11.000,72.000,54.000,1.000,84.000,35.000
55.000,93.000,87.000,99.000,56.000,17.000,3.000,84.000,34.000,86.000,29.000,15.459,52.000,10.000,64.000,66.000,94.000,54.000,42.000,62.000,12.000,32.000,93.000,17.000,48.000,51.000,32.000,6.000,4.000,13.000,13.000,17.000,3.000,99.000,77.000,60.000,62.000,13.000,57.000,28.000,6.262,80.000,1.000,7.000,20.000,43.000,72.000,15.000,21.000,57.000,57.000,70.000,12.000,13.000,72.000,27.000,65.000,36.000,98.000,73.000,20.000,63.000,80.000,13.000,99.000,9.000,19.000,99.000,43.000,94.000,62.000,80.000,60.000,99.000,82.000,44.000,22.000,58.000,55.000,66.000
64.000,54.000,46.000,64.000,99.000,1.000,18.000,54.000,49.000,88.000,60.000,12.000,66.000,50.000,3.000,52.000,92.000,34.000,43.000,13.000,50.000,18.000,45.000,66.000,54.000,51.000,41.000,79.000,25.000,2.000,68.000,21.000,48.000,23.000,2.000,43.000,9.000,74.000,60.000,90.000,59.000,22.000,3.000,62.000,22.000,78.000,80.000,3.000,72.000,39.000,23.000,29.000,74.000,89.000,71.000,28.000,90.000,37.000,10.000,43.000,11.000,49.000,77.000,76.000,24.000,68.000,8.000,91.000,86.000,82.000,89.000,72.000,76.000,11.000,39.000,36.000,82.000,84.000,84.000,98.000
75.000,72.000,96.000,22.000,80.000,14.000,66.000,73.000,14.000,77.000,93.000,66.000,70.000,81.000,83.000,73.000,13.000,66.000,68.000,37.000,91.000,64.000,1.000,2.000,42.000,55.000,33.000,4.000,17.000,3.000,3.000,29.000,56.000,68.000,21.000,28.000,7.000,31.000,9.000,82.000,41.000,11.000,92.000,70.000,55.000,89.000,24.000,73.000,54.000,33.000,98.000,30.000,5.000,52.000,97.000,67.000,76.000,83.000,67.000,61.000,8.000,33.000,62.000,89.000,83.000,51.000,37.000,90.000,5.000,27.000,79.000,16.000,4.000,51.000,12.000,63.000,84.000,42.000,5.000,82.000
4.000,81.000,32.000,78.000,50.000,4.000,92.000,18.000,41.000,9.000,83.000,2.000,3.000,8.000,33.000,92.000,26.000,75.000,33.000,99.000,18.000,40.000,55.000,55.000,8.000,64.000,6.000,84.000,67.000,71.000,89.000,87.000,23.000,88.000,27.000,4.000,82.000,100.000,65.000,98.000,90.000,4.000,33.000,80.000,10.000,63.000,82.000,86.000,20.000,92.000,25.000,79.000,6.000,36.000,89.000,41.000,19.000,43.000,92.000,78.000,71.000,72.000,76.000,36.000,38.000,89.000,33.000,18.000,66.000,99.000,46.000,71.000,27.000,70.000,93.000,67.000,50.000,40.000,83.000,24.000
4.000,64.000,55.000,27.000,63.000,65.000,2.000,62.000,75.000,14.000,42.000,91.000,93.000,6.000,44.000,8.000,32.000,72.000,30.000,83.000,64.000,5.000,65.000,94.000,26.000,71.000,93.000,82.000,91.000,38.000,46.000,35.000,36.000,5.000,35.000,72.000,52.000,46.000,74.000,7.000,33.000,23.000,83.000,82.000,52.000,85.000,86.000,91.000,75.000,34.000,55.000,99.000,16.000,9.000,45.000,56.000,38.000,58.000,63.000,6.000,66.000,41.000,81.000,49.000,81.000,56.000,89.000,26.000,61.000,45.000,16.000,64.000,71.000,23.000,97.000,48.000,92.000,48.000,42.000,100.000
37.000,17.000,71.000,97.000,98.000,76.000,98.000,21.000,99.000,56.000,2.000,27.000,96.000,2.000,91.000,26.000,24.000,66.000,9.000,11.000,48.000,48.000,43.000,100.000,83.000,58.000,64.000,28.000,69.000,52.000,15.000,19.000,69.000,66.000,54.000,27.000,38.000,96.000,82.000,45.000,23.000,98.000,10.000,30.000,95.000,77.000,9.000,87.000,41.000,72.000,21.000,29.000,77.000,33.000,53.000,51.000,75.000,95.000,54.000,45.000,52.000,75.000,51.000,21.000,30.000,61.000,70.000,90.000,31.000,98.000,2.000,26.000,12.000,24.000,17.000,80.000,62.000,79.000,25.000,64.000
71.000,17.000,97.000,94.000,6.000,86.000,11.000,55.000,31.000,39.000,62.000,73.000,30.000,75.000,5.000,50.000,59.000,86.000,100.000,54.000,94.000,73.000,60.000,53.000,1.000,17.000,29.000,22.000,3.000,38.000,29.000,57.000,23.000,17.000,17.000,88.000,91.000,89.000,90.000,85.000,67.000,45.000,23.000,32.000,39.000,23.000,37.000,85.000,70.000,46.000,32.000,62.000,43.000,67.000,39.000,19.000,75.000,83.000,33.000,2.000,44.000,34.000,92.000,95.000,84.000,82.000,42.000,29.000,100.000,94.000,44.000,61.000,62.000,94.000,16.000,94.000,79.000,73.000,16.000,67.000
88.000,65.000,100.000,78.000,33.000,14.000,15.000,3.000,12.000,14.000,88.000,78.000,73.000,35.000,46.000,14.000,9.000,98.000,31.000,38.000,62.000,36.000,39.000,16.000,6.000,64.000,67.000,25.000,77.000,96.000,21.000,4.000,55.000,99.000,8.000,42.000,22.000,53.000,33.000,14.000,64.000,16.000,71.000,92.000,29.000,51.000,96.000,74.000,9.000,18.000,23.000,76.000,37.000,48.000,36.000,40.000,70.000,54.000,61.000,27.000,52.000,35.000,26.000,55.000,62.000,28.000,4.000,89.000,38.000,40.000,70.000,99.000,86.000,56.000,77.000,50.000,61.000,92.000,76.000,62.000
59.000,34.000,10.220,56.000,88.000,50.000,24.000,64.000,27.000,87.000,20.000,24.000,53.000,44.000,16.000,46.000,15.000,51.000,68.000,1.000,44.000,71.000,28.000,63.000,22.000,13.000,17.000,87.000,10.000,91.000,1.000,22.000,77.000,95.000,44.000,22.000,87.000,42.000,31.000,18.000,71.000,31.000,87.000,68.000,8.000,52.000,45.000,63.000,75.000,52.000,59.000,59.000,83.000,97.000,11.000,47.000,76.000,20.000,6.000,57.000,84.000,7.000,75.000,61.000,71.000,71.000,37.000,22.000,62.000,54.000,19.000,29.000,3.000,16.000,62.000,50.000,23.000,29.000,4.000,33.000
86.000,37.000,49.000,20.000,60.000,71.000,39.000,82.000,19.000,2.000,67.000,78.000,75.000,23.000,94.000,31.000,49.000,87.000,62.000,31.000,49.000,36.000,85.000,64.000,84.000,86.000,43.000,54.000,19.000,53.000,41.000,44.000,57.000,48.000,44.000,56.000,92.000,7.000,2.000,94.000,42.000,58.000,56.000,71.000,89.000,72.000,24.000,41.000,71.000,49.000,21.000,18.000,70.000,30.000,54.000,68.000,38.000,76.000,39.000,5.000,83.000,41.000,35.000,84.000,58.000,17.000,52.000,33.000,55.000,30.000,75.000,9.000,11.000,76.000,98.000,18.000,16.000,78.000,3.000,70.000
15.000,34.000,19.000,69.000,78.000,52.000,91.000,8.000,98.000,55.000,1.000,81.000,8.000,15.000,68.000,38.000,55.000,93.000,71.000,81.000,20.000,78.000,91.000,42.000,44.000,96.000,92.000,80.000,2.000,72.000,22.000,11.000,62.000,83.000,54.000,93.000,13.000,38.000,56.000,74.000,51.000,17.000,76.000,66.000,6.000,57.000,65.000,96.000,51.000,52.000,17.000,32.000,50.000,56.000,91.000,3.000,45.000,19.000,74.000,79.000,17.000,82.000,65.000,13.000,85.000,16.000,99.000,78.000,46.000,34.000,87.000,11.000,17.000,12.000,24.000,7.000,22.000,100.000,25.000,41.000
18.000,45.000,85.000,73.000,94.000,66.000,37.000,43.000,90.000,100.000,88.000,92.000,94.000,25.000,45.000,79.000,19.000,38.000,64.000,27.000,27.000,73.000,95.000,15.000,47.000,100.000,95.000,4.000,76.000,15.000,41.000,23.000,90.000,64.000,15.000,12.000,21.000,34.000,31.000,100.000,69.000,4.000,49.000,69.000,82.000,100.000,59.000,60.000,4.000,24.000,71.000,23.000,8.000,38.000,59.000,73.000,91.000,15.000,78.000,13.000,38.000,91.000,86.000,86.000,12.000,97.000,2.000,100.000,96.000,77.000,81.000,76.000,16.000,38.000,97.000,62.000,43.000,73.000,5.000,38.000
21.000,78.000,2.000,92.000,92.000,58.000,61.000,19.000,13.000,7.000,97.000,81.000,41.000,73.000,33.000,85.000,100.000,37.000,63.000,2.000,12.000,100.000,24.000,87.000,73.000,76.000,34.000,57.000,35.000,19.000,80.000,18.000,36.000,66.000,84.000,89.000,74.000,99.000,72.000,36.000,51.000,73.000,36.000,15.000,40.000,4.000,60.000,75.000,61.000,91.000,57.000,60.000,97.000,22.000,82.000,33.000,45.000,19.000,3.000,28.000,64.000,87.000,27.000,85.000,1.000,21.000,72.000,60.000,48.000,42.000,23.000,100.000,90.000,24.000,44.000,11.000,97.000,77.000,47.000,44.000
22.000,6.000,62.000,2.000,67.000,98.000,7.000,97.000,1.000,61.000,30.000,70.000,11.000,84.000,44.000,24.000,13.000,93.000,78.000,98.000,100.000,14.000,86.000,60.000,51.000,64.000,25.000,54.000,40.000,89.000,23.000,18.000,20.000,88.000,43.000,71.000,58.000,19.000,43.000,18.000,60.000,17.000,45.000,71.000,42.000,7.000,39.000,28.000,97.000,69.000,16.000,82.000,76.000,37.000,63.000,28.000,41.000,33.000,76.000,26.000,12.000,86.000,76.000,82.000,3.000,32.000,98.000,2.000,85.000,17.000,12.000,52.000,57.000,30.000,54.000,37.000,58.000,52.000,24.000,58.000
92.000,29.000,67.000,79.000,4.000,28.000,73.000,77.000,61.000,41.000,79.000,12.000,43.000,59.000,83.000,2.000,35.000,93.000,88.000,41.000,76.000,34.000,2.000,83.000,67.000,66.000,68.000,70.000,74.000,98.000,54.000,80.000,40.000,23.000,90.000,68.000,33.000,2.000,14.000,10.000,90.000,82.000,51.000,34.000,48.000,53.000,50.000,67.000,18.000,4.000,61.000,1.000,1.000,60.000,83.000,4.000,22.000,10.000,50.000,58.000,35.000,27.000,60.000,32.000,3.000,76.000,17.000,86.000,52.000,39.000,36.000,71.000,79.000,14.000,71.000,50.000,9.000,32.000,41.000,8.000
68.000,21.000,90.000,88.000,15.000,47.000,30.000,98.000,83.000,55.000,24.000,72.000,63.000,75.000,71.000,5.000,40.000,38.000,38.000,88.000,14.000,51.000,55.000,62.000,94.000,68.000,30.000,91.000,46.000,57.000,86.000,25.000,27.000,23.000,14.000,40.000,69.000,20.000,41.000,94.000,2.000,73.000,95.000,6.000,3.000,36.000,19.000,76.000,19.000,68.000,28.000,78.000,39.000,63.000,5.000,58.000,78.000,49.000,82.000,65.000,33.000,61.000,79.000,47.000,48.000,34.000,35.000,80.000,32.000,58.000,91.000,69.000,37.000,86.000,51.000,16.000,97.000,100.000,60.000,12.000
91.000,77.000,41.000,78.000,11.000,34.000,85.000,1.000,83.000,90.000,88.000,76.000,85.000,71.000,69.000,50.000,59.000,5.000,58.000,41.000,25.000,3.000,92.000,91.000,31.000,66.000,37.000,95.000,2.000,70.000,55.000,88.000,64.000,85.000,62.000,49.000,12.000,30.000,48.000,80.000,66.000,99.000,59.000,67.000,97.000,39.000,33.000,28.000,96.000,73.000,81.000,95.000,15.000,65.000,42.000,63.000,89.000,47.000,91.000,62.000,26.000,70.000,33.000,60.000,74.000,22.000,91.000,54.000,34.000,16.000,22.000,2.000,10.000,41.000,51.000,77.000,81.000,87.000,11.000,17.000
57.000,56.000,25.000,56.000,90.000,64.000,28.000,64.000,41.000,32.000,38.000,92.000,59.000,24.000,90.000,98.000,52.000,85.000,72.000,76.000,30.000,46.000,32.000,61.000,85.000,85.000,73.000,81.000,23.000,96.000,24.000,30.000,55.000,34.000,54.000,4.000,90.000,74.000,20.000,17.000,70.000,89.000,39.000,96.000,98.000,44.000,17.000,95.000,20.000,24.000,6.000,65.000,21.000,67.000,70.000,63.000,76.000,71.000,25.000,30.000,83.000,50.000,62.000,59.000,22.000,91.000,85.000,100.000,54.000,63.000,30.000,36.000,29.000,66.000,45.000,66.000,13.000,52.000,58.000,37.000
79.000,26.000,76.000,1.000,18.000,85.000,71.000,28.000,57.000,89.000,77.000,30.000,17.000,72.000,100.000,13.000,51.000,83.000,45.000,31.000,99.000,72.000,32.000,55.000,15.000,89.000,43.000,87.000,89.000,43.000,71.000,9.000,53.000,98.000,89.000,93.000,6.000,77.000,26.000,2.000,19.000,14.000,9.000,6.000,91.000,21.000,95.000,43.000,32.000,38.000,100.000,52.000,97.000,83.000,60.000,81.000,70.000,40.000,21.000,13.000,50.000,71.000,12.000,51.000,81.000,50.000,11.000,19.000,71.000,10.000,56.000,83.000,22.000,43.000,24.000,64.000,43.000,42.000,25.000,3.000
28.000,60.000,95.000,26.000,80.000,46.000,23.000,34.000,49.000,5.000,62.000,34.000,4.000,53.000,76.000,83.000,67.000,84.000,3.000,27.000,32.000,7.000,7.000,89.000,19.000,46.000,93.000,5.000,94.000,60.000,54.000,25.000,95.000,79.000,99.000,81.000,50.000,12.000,57.000,11.000,33.000,79.000,12.000,85.000,11.000,89.000,30.000,100.000,41.000,19.000,45.000,64.000,60.000,26.000,24.000,77.000,22.000,30.000,3.000,54.000,40.000,22.000,2.000,56.000,21.000,61.000,82.000,10.000,45.000,42.000,2.000,98.000,27.000,97.000,74.000,76.000,78.000,81.000,60.000,53.000
27.000,86.000,42.000,10.000,38.000,73.000,32.000,77.000,64.000,66.000,10.000,94.000,20.000,60.000,68.000,46.000,14.000,26.000,48.000,3.000,26.000,75.000,6.000,60.000,67.000,17.000,95.000,57.000,89.000,27.000,38.000,28.000,49.000,73.000,47.000,47.000,77.000,12.000,34.000,79.000,17.000,82.000,52.000,21.000,88.000,43.000,20.000,20.000,70.000,38.000,66.000,66.000,37.000,27.000,60.000,29.000,72.000,29.000,77.000,30.000,88.000,89.000,36.000,86.000,100.000,63.000,3.000,50.000,73.000,75.000,99.000,63.000,61.000,92.000,92.000,5.000,34.000,75.000,38.000,46.000
59.000,19.000,1.000,94.000,96.000,58.000,23.000,39.000,61.000,12.000,98.000,99.000,2.000,21.000,65.000,11.000,69.000,10.000,72.000,8.000,70.000,3.000,69.000,64.000,36.000,25.000,31.000,33.000,10.000,64.000,34.000,48.000,96.000,100.000,96.000,42.000,100.000,93.000,15.000,80.000,56.000,82.000,25.000,51.000,90.000,88.000,32.000,91.000,97.000,42.000,93.000,15.000,75.000,87.000,97.000,85.000,61.000,2.000,55.000,83.000,80.000,84.000,48.000,87.000,51.000,8.000,6.000,5.000,34.000,85.000,100.000,61.000,10.000,85.000,49.000,15.000,78.000,24.000,37.000,36.000
26.000,68.000,27.000,58.000,60.000,67.000,60.000,28.000,22.000,17.000,21.000,61.000,44.000,34.000,53.000,38.000,100.000,9.000,13.000,7.000,95.000,43.000,82.000,24.000,12.000,98.000,87.000,57.000,91.000,14.000,52.000,49.000,42.000,13.000,99.000,48.000,32.000,32.000,76.000,58.000,43.000,37.000,84.000,96.000,9.000,8.000,45.000,27.000,43.000,100.000,65.000,94.000,4.000,46.000,15.000,50.000,79.000,40.000,38.000,91.000,24.000,72.000,25.000,25.000,96.000,8.000,85.000,37.000,66.000,52.000,33.000,14.000,15.000,60.000,62.000,65.000,91.000,41.000,17.000,22.000
52.000,1.000,20.000,11.000,6.000,75.000,8.000,64.000,88.000,79.000,87.000,53.000,28.000,50.000,75.000,78.000,96.000,33.000,34.000,52.000,78.000,54.000,68.000,8.000,69.000,16.000,42.000,78.000,82.000,55.000,16.000,91.000,13.000,32.000,25.000,45.000,74.000,23.000,59.000,93.000,13.000,1.000,47.000,74.000,63.000,45.000,80.000,76.000,9.000,54.000,51.000,92.000,3.000,92.000,54.000,93.000,74.000,42.000,10.000,19.000,71.000,15.000,17.000,22.000,71.000,84.000,90.000,53.000,36.000,54.000,80.000,50.000,86.000,22.000,86.000,76.000,65.000,62.000,30.000,51.000
27.000,81.000,20.000,86.000,66.000,78.000,89.000,80.000,72.000,93.000,12.000,6.000,6.000,15.000,40.000,73.000,53.000,55.000,57.000,2.000,11.000,25.000,1.000,26.000,36.000,6.000,18.000,80.000,24.000,19.000,87.000,14.000,88.000,37.000,65.000,22.000,62.000,9.000,13.442,80.000,51.000,60.000,59.000,47.000,6.000,34.000,14.000,85.000,1.000,2.000,99.000,16.620,97.000,22.000,38.000,39.000,92.000,47.000,66.000,39.000,80.000,22.000,27.000,23.000,32.000,84.000,37.000,30.000,24.383,62.000,52.000,29.000,81.000,54.000,31.000,79.000,61.000,42.000,90.000,3.000
96.000,42.000,91.000,43.000,84.000,3.000,70.000,65.000,92.000,74.000,34.000,79.000,76.000,79.000,57.000,100.000,22.000,43.000,85.000,30.000,69.000,31.000,14.000,17.000,87.000,28.000,22.000,85.000,37.000,83.000,55.000,63.000,71.000,61.000,21.000,15.000,3.000,89.000,1.000,41.000,75.000,52.000,61.000,30.000,96.000,15.000,69.000,8.000,83.000,37.000,25.000,98.000,60.000,46.000,18.000,81.000,95.000,67.000,58.000,94.000,89.000,57.000,60.000,66.000,92.000,5.000,42.000,52.000,64.000,89.000,83.000,87.000,32.000,3.000,13.000,81.000,63.000,57.000,12.000,40.000
46.000,10.000,93.000,43.000,55.000,81.000,48.000,78.000,68.000,25.000,31.000,44.000,52.000,71.000,89.000,39.000,63.000,59.000,25.000,97.000,76.000,45.000,37.000,50.000,5.000,30.000,10.000,74.000,20.000,60.000,75.000,36.000,99.000,72.000,43.000,33.000,5.000,3.000,10.000,86.000,39.000,62.000,55.000,62.000,83.000,4.000,9.000,62.000,68.000,97.000,88.000,48.000,78.000,80.000,31.000,76.000,94.000,26.000,78.000,83.000,18.000,67.000,64.000,84.000,90.000,43.000,47.000,13.000,27.000,35.000,92.000,43.000,14.000,42.000,67.000,93.000,31.000,8.000,16.000,67.000
52.000,32.000,47.000,66.000,66.000,33.000,98.000,23.000,32.000,45.000,57.000,27.000,25.000,56.000,66.000,55.000,2.000,46.000,70.000,92.000,90.000,51.000,46.000,85.000,87.000,95.000,96.000,42.000,50.000,13.000,16.000,4.000,3.000,85.000,35.000,97.000,41.000,78.000,33.000,21.000,98.000,72.000,79.000,40.000,44.000,57.000,52.000,67.000,13.000,48.000,79.000,69.000,34.000,44.000,98.000,15.000,19.000,21.000,22.000,62.000,17.000,7.000,81.000,100.000,39.000,41.000,35.000,35.000,59.000,37.000,39.000,49.000,55.000,36.000,88.000,26.000,63.000,31.000,53.000,86.000
3.000,73.000,7.000,39.000,59.000,35.000,10.000,25.000,12.000,80.000,41.000,55.000,77.000,12.000,74.000,60.000,39.000,68.000,84.000,14.000,51.000,72.000,61.000,14.000,11.000,7.000,22.000,75.000,21.000,33.000,51.000,93.000,100.000,2.000,36.000,4.000,53.000,6.000,22.000,8.000,20.000,91.000,90.000,11.000,89.000,96.000,69.000,62.000,69.000,79.000,23.000,81.000,53.000,23.000,95.000,43.000,80.000,73.000,7.000,36.000,54.000,69.000,44.000,18.000,41.000,31.000,21.000,10.000,33.000,84.000,40.000,78.000,96.000,93.000,27.000,52.000,8.000,49.000,43.000,73.000
69.000,96.000,33.000,77.000,57.000,2.000,93.000,53.000,93.000,69.000,81.000,59.000,14.000,5.000,73.000,54.000,67.000,61.000,3.000,14.000,16.000,1.000,29.000,23.000,78.000,57.000,40.000,72.000,76.000,11.000,9.000,60.000,50.000,21.000,98.000,95.000,90.000,79.000,88.000,46.000,70.000,55.000,97.000,84.000,87.000,69.000,66.000,91.000,7.000,93.000,69.000,23.000,50.000,8.000,64.000,99.000,19.000,83.000,48.000,77.000,6.000,23.000,56.000,77.000,66.000,12.000,58.000,3.000,60.000,97.000,100.000,53.000,14.000,91.000,83.000,67.000,79.000,97.000,47.000,9.000
87.000,44.000,42.000,76.000,73.000,79.000,56.000,18.000,91.000,16.000,63.000,26.000,37.000,51.000,43.000,57.000,8.000,55.000,70.000,89.000,64.000,32.000,26.000,55.000,97.000,82.000,69.000,32.000,54.000,75.000,66.000,85.000,28.000,77.000,49.000,48.000,12.000,41.000,19.000,70.000,82.000,12.000,67.000,23.000,72.000,61.000,9.000,74.000,26.000,9.000,66.000,58.000,65.000,95.000,72.000,18.000,21.000,30.000,65.000,51.000,55.000,9.000,2.000,30.000,33.000,80.000,33.000,14.000,6.000,60.000,54.000,19.000,15.000,95.000,28.000,89.000,33.000,13.000,71.000,39.000
19.000,95.000,14.000,27.000,98.000,22.000,10.000,2.000,17.000,67.000,23.000,18.000,19.000,14.000,58.000,97.000,44.000,30.000,58.000,24.000,10.000,67.000,48.000,30.000,23.000,10.000,86.000,19.000,17.000,55.000,30.000,93.000,15.000,65.000,28.000,48.000,77.000,49.000,50.000,80.000,15.000,3.000,6.000,37.000,73.000,38.000,25.000,96.000,95.000,78.000,50.000,37.000,96.000,26.000,84.000,85.000,8.000,28.000,88.000,54.000,97.000,66.000,68.000,52.000,32.000,12.000,22.000,66.000,30.000,18.000,98.000,81.000,31.000,33.000,86.000,69.000,44.000,27.000,94.000,42.000
39.000,56.000,98.000,69.000,37.000,11.000,50.000,72.000,10.000,6.000,74.000,94.000,60.000,96.000,43.000,71.000,48.000,54.000,62.000,78.000,58.000,66.000,86.000,49.000,20.000,6.000,57.000,42.000,93.000,56.000,87.000,70.000,49.000,68.000,74.000,66.000,83.000,4.000,38.000,17.000,97.000,62.000,48.000,53.000,4.000,60.000,27.000,71.000,75.000,71.000,14.000,37.000,63.000,45.000,75.000,61.000,68.000,44.000,33.000,42.000,63.000,27.000,87.000,54.000,80.000,78.000,77.000,5.000,68.000,48.000,13.000,91.000,56.000,89.000,73.000,79.000,49.000,11.000,92.000,29.000
49.000,71.000,53.000,16.000,96.000,49.000,55.000,97.000,35.000,16.000,99.000,98.000,62.000,70.000,94.000,18.000,90.000,44.000,97.000,90.000,59.000,53.000,94.000,26.000,41.000,24.000,66.000,56.000,100.000,2.000,88.000,98.000,62.000,59.000,38.000,55.000,14.000,35.000,23.000,20.000,77.000,19.000,59.000,76.000,4.000,33.000,78.000,35.000,47.000,33.000,46.000,64.000,87.000,66.000,87.000,17.000,8.000,96.000,53.000,93.000,60.000,51.000,47.000,71.000,43.000,99.000,61.000,66.000,14.000,11.000,40.000,89.000,8.000,97.000,3.000,63.000,19.000,70.000,11.000,28.000
93.000,63.000,66.000,10.000,6.000,49.000,33.000,55.000,58.000,72.000,25.000,85.000,6.000,92.000,56.000,86.000,58.000,91.000,26.000,9.000,6.000,78.000,59.000,37.000,83.000,42.000,50.000,90.000,71.000,15.000,23.000,61.000,29.000,11.000,84.000,21.000,12.000,60.000,67.000,14.886,73.000,35.000,43.000,68.000,44.000,4.000,64.000,61.000,51.000,77.000,99.000,63.000,28.000,13.000,99.000,46.000,67.000,63.000,61.000,16.000,56.000,85.000,94.000,91.000,31.000,98.000,21.000,19.000,31.000,2.000,86.000,79.000,20.000,54.000,88.000,95.000,8.000,74.000,83.000,37.000
70.000,7.000,69.000,40.000,60.000,54.000,19.667,23.000,95.000,76.000,35.000,64.000,65.000,21.000,61.000,89.000,72.000,84.000,87.000,84.000,87.000,50.000,33.000,20.000,74.000,51.000,10.000,39.000,85.000,47.000,1.000,5.000,31.000,8.000,77.000,22.000,65.000,95.000,72.000,6.000,19.000,13.000,66.000,86.000,7.000,16.000,87.000,15.000,40.000,19.000,39.000,82.000,1.000,19.000,48.000,89.000,72.000,92.000,1.000,99.000,6.383,76.000,26.000,37.000,25.000,62.000,22.000,17.000,1.000,62.000,67.000,70.000,88.000,26.000,73.000,13.000,17.000,27.602,1.000,39.000
41.000,70.000,5.000,40.000,47.000,38.000,43.000,95.000,41.000,41.000,31.000,66.000,45.000,30.000,92.000,50.000,99.000,9.000,1.000,81.000,69.000,90.000,82.000,83.000,7.000,35.000,75.000,88.000,47.000,64.000,8.000,92.000,6.000,42.000,73.000,65.000,5.000,76.000,45.000,37.000,83.000,100.000,85.000,35.000,30.000,4.000,62.000,46.000,25.000,77.000,64.000,42.000,63.000,69.000,57.000,67.000,22.000,26.000,41.000,15.170,73.000,80.000,26.000,24.000,79.000,46.000,24.000,64.000,29.000,32.000,57.000,80.000,71.000,1.000,85.000,23.000,60.000,37.000,13.000,19.000
28.000,78.000,46.000,9.000,1.000,76.000,28.000,82.000,37.000,89.000,11.000,15.000,10.000,30.000,44.000,8.000,48.000,10.000,79.000,62.000,27.000,15.000,100.000,99.000,19.000,73.000,78.000,98.000,94.000,16.000,75.000,13.000,44.000,14.000,22.000,19.000,66.000,72.000,89.000,86.000,14.000,83.000,11.000,60.000,86.000,19.000,19.000,8.000,20.000,24.000,3.000,55.000,96.000,86.000,38.000,33.000,36.000,75.000,100.000,42.000,9.000,39.000,78.000,53.000,14.000,2.000,73.000,64.000,8.000,13.000,32.000,60.000,86.000,17.000,68.000,25.000,40.000,37.000,64.000,33.000
32.000,46.000,61.000,9.000,7.000,50.000,74.000,78.000,99.000,76.000,95.000,82.000,50.000,35.000,22.000,70.000,20.000,97.000,70.000,25.000,78.000,75.000,44.000,48.000,27.000,58.000,37.000,35.000,44.000,65.000,17.000,90.000,89.000,75.000,32.000,66.000,49.000,73.000,78.000,7.000,74.000,54.000,9.000,51.000,3.000,48.000,47.000,76.000,70.000,84.000,65.000,58.000,72.000,52.000,74.000,1.000,33.000,40.000,12.000,30.000,20.000,52.000,36.000,42.000,56.000,64.000,22.000,22.000,21.000,41.000,91.000,79.000,23.000,48.000,42.000,94.000,78.000,74.000,14.000,81.000
33.000,90.000,25.000,56.000,57.000,14.000,66.000,14.000,42.000,26.000,27.000,42.000,45.000,27.000,42.000,49.000,18.000,99.000,40.000,72.000,21.000,98.000,99.000,67.000,95.000,40.000,78.000,12.000,66.000,60.000,42.000,98.000,56.000,45.000,27.000,86.000,82.000,39.000,48.000,24.000,1.000,91.000,6.000,98.000,46.000,12.000,43.000,71.000,51.000,87.000,52.000,58.000,88.000,11.000,48.000,70.000,93.000,83.000,53.000,15.000,93.000,98.000,2.000,89.000,50.000,80.000,67.000,94.000,20.000,62.000,67.000,20.000,84.000,5.000,100.000,2.000,22.000,42.000,14.000,86.000
55.000,34.000,9.000,77.000,55.000,94.000,11.000,90.000,23.000,95.000,69.000,46.000,84.000,42.000,94.000,42.000,16.000,72.000,15.000,20.000,90.000,11.000,20.000,90.000,9.000,40.000,69.000,98.000,44.000,76.000,25.000,53.000,54.000,53.000,45.000,99.000,12.000,45.000,50.000,90.000,21.000,83.000,47.000,33.000,32.000,14.000,76.000,29.000,63.000,82.000,13.000,45.000,2.000,57.000,13.000,29.000,70.000,71.000,97.000,42.000,98.000,26.000,97.000,45.000,1.000,20.000,42.000,11.000,35.000,37.000,69.000,3.000,11.000,84.000,2.654,98.000,21.000,48.000,17.000,76.000
26.000,14.000,18.000,86.000,29.000,19.000,7.000,100.000,28.000,39.000,87.000,40.000,45.000,70.000,76.000,87.000,37.000,37.000,23.000,79.000,36.000,86.000,45.000,87.000,47.000,1.000,26.000,72.000,27.000,5.000,50.000,30.000,30.000,81.000,31.000,25.000,63.000,94.000,40.000,41.000,30.000,58.000,35.000,9.000,92.000,44.000,83.000,77.000,35.000,79.000,85.000,32.000,77.000,48.000,35.000,83.000,18.000,56.000,93.000,37.000,91.000,30.000,54.000,97.000,33.000,15.000,63.000,18.000,86.000,63.000,91.000,54.000,40.000,38.000,37.000,11.000,41.000,26.000,27.000,29.000
30.000,22.000,70.000,27.000,39.000,38.000,71.000,29.000,87.000,28.000,65.000,27.000,77.000,55.000,22.000,1.000,91.000,54.000,88.000,12.778,39.000,93.000,9.000,63.000,77.000,30.000,54.000,17.000,22.000,33.000,8.000,79.000,13.000,39.000,95.000,52.000,17.000,72.000,13.442,91.000,90.000,91.000,15.000,79.000,81.000,22.000,81.000,7.000,56.000,63.000,39.000,22.000,96.000,83.000,46.000,2.000,8.000,68.000,33.000,3.000,65.000,60.000,64.000,96.000,1.000,21.000,66.000,59.000,84.000,3.000,98.000,15.000,16.000,55.000,53.000,26.000,68.000,40.000,42.000,40.000
52.000,83.000,36.000,3.000,47.000,30.000,96.000,13.000,66.000,69.000,94.000,17.000,47.000,88.000,5.000,51.000,54.000,93.000,40.000,94.000,37.000,26.000,59.000,97.000,77.000,78.000,12.000,66.000,61.000,98.000,15.000,42.000,24.000,46.000,24.000,23.000,90.000,65.000,77.000,87.000,88.000,17.000,98.000,31.000,82.000,43.000,34.000,61.000,18.000,88.000,77.000,67.000,20.000,27.000,62.000,25.000,9.000,10.000,5.000,7.000,82.000,32.000,40.000,80.000,12.000,97.000,43.000,96.000,15.000,63.000,64.000,53.000,22.000,23.000,56.000,78.000,38.000,94.000,57.000,12.000
92.000,100.000,22.000,40.000,92.000,73.000,96.000,46.000,74.000,75.000,58.000,26.000,20.000,56.000,50.000,36.000,44.000,4.000,52.000,51.000,90.000,70.000,26.000,45.000,70.000,95.000,3.000,38.000,75.000,88.000,86.000,57.000,51.000,20.000,86.000,83.000,66.000,1.000,26.000,18.000,59.000,10.000,19.000,42.000,70.000,18.000,89.000,13.000,1.000,63.000,70.000,74.000,63.000,12.000,10.000,45.000,12.000,24.000,78.000,36.000,43.000,58.000,22.000,92.000,95.000,73.000,64.000,77.000,49.000,51.000,96.000,44.000,84.000,38.000,89.000,97.000,13.000,47.000,34.000,49.000
99.000,97.000,71.000,42.000,100.000,26.000,47.000,35.000,25.000,31.000,41.000,9.000,60.000,96.000,85.000,20.000,62.000,6.000,30.000,35.000,68.000,35.000,81.000,1.000,9.000,64.000,93.000,32.000,80.000,56.000,90.000,60.000,38.000,69.000,100.000,72.000,97.000,90.000,46.000,58.000,78.000,24.000,56.000,62.000,47.000,93.000,60.000,86.000,13.000,17.000,33.000,71.000,25.000,66.000,33.000,69.000,30.000,52.000,40.000,61.000,27.000,2.000,41.000,72.000,86.000,34.000,10.000,41.000,59.000,95.000,29.000,8.000,30.000,48.000,78.000,30.000,89.000,67.000,91.000,27.000
77.000,57.000,17.000,11.000,95.000,22.000,67.000,5.000,67.000,17.000,36.000,78.000,13.000,75.000,56.000,96.000,23.000,46.000,14.000,96.000,26.000,47.000,2.000,24.000,33.000,73.000,61.000,88.000,47.000,33.000,88.000,50.000,13.000,17.000,59.000,80.000,46.000,87.000,40.000,50.000,14.000,8.000,22.000,46.000,38.000,43.000,73.000,30.000,30.000,1.000,51.000,74.000,2.000,5.000,35.000,8.000,89.000,64.000,47.000,11.000,30.000,1.000,17.000,87.000,60.000,3.000,90.000,96.000,63.000,40.000,9.000,33.000,15.000,97.000,94.000,32.000,34.000,22.000,41.000,17.000
20.000,15.000,99.000,59.000,26.000,17.000,26.000,23.000,87.000,18.000,88.000,12.000,67.000,41.000,27.180,55.000,92.000,15.000,100.000,29.000,87.000,58.000,85.000,92.000,5.000,84.000,6.000,38.000,3.000,63.000,25.000,8.000,68.000,97.000,56.000,31.000,19.000,19.000,99.000,71.000,70.000,10.000,84.000,72.000,74.000,42.000,94.000,85.000,17.000,34.000,88.000,77.000,46.000,11.000,90.000,23.000,89.000,56.000,70.000,53.000,87.000,84.000,9.000,31.000,65.000,97.000,8.000,100.000,27.000,25.000,85.000,99.000,77.000,80.000,90.000,54.000,84.000,88.000,49.000,49.000
38.000,61.000,31.000,13.000,84.000,69.000,9.000,58.000,91.000,76.000,37.000,37.000,100.000,31.000,18.000,35.000,88.000,48.000,68.000,44.000,30.000,50.000,44.000,18.000,3.000,78.000,87.000,94.000,57.000,64.000,34.000,37.000,65.000,71.000,61.000,70.000,6.000,87.000,63.000,10.000,73.000,3.000,8.000,87.000,6.000,77.000,58.000,90.000,32.000,6.000,93.000,73.000,95.000,34.000,74.000,96.000,78.000,82.000,31.000,3.000,82.000,40.000,89.000,77.000,71.000,24.000,11.000,61.000,56.000,32.000,12.000,26.000,64.000,28.000,51.000,80.000,58.000,49.000,29.000,62.000
22.000,23.000,75.000,86.000,82.000,11.000,37.000,71.000,40.000,8.000,54.000,80.000,23.000,4.000,67.000,31.000,67.000,100.000,4.000,26.000,51.000,29.000,21.000,38.000,79.000,51.000,3.000,74.000,86.000,29.000,73.000,24.000,92.000,67.000,62.000,3.000,72.000,39.000,22.000,91.000,22.000,60.000,88.000,74.000,54.000,65.000,42.000,68.000,66.000,55.000,27.000,57.000,68.000,89.000,85.000,20.000,13.000,83.000,11.000,77.000,95.000,60.000,58.000,61.000,85.000,64.000,49.000,36.000,4.000,31.000,73.000,76.000,66.000,98.000,9.000,79.000,6.000,36.000,66.000,74.000
94.000,17.000,100.000,90.000,50.000,60.000,98.000,22.000,87.000,55.000,33.000,80.000,95.000,82.000,37.000,17.000,6.000,62.000,43.000,45.000,97.000,82.000,33.000,84.000,35.000,16.000,57.000,89.000,12.000,16.000,56.000,73.000,97.000,64.000,93.000,19.000,50.000,58.000,9.000,46.000,44.000,95.000,10.000,36.000,42.000,21.000,82.000,6.000,77.000,83.000,8.000,72.000,24.000,57.000,85.000,74.000,93.000,81.000,47.000,65.000,97.000,73.000,65.000,93.000,98.000,69.000,65.000,76.000,25.000,28.000,63.000,63.000,26.000,69.000,1.000,90.000,21.000,89.000,24.000,70.000
81.000,39.000,61.000,27.000,75.000,40.000,99.000,83.000,21.000,8.000,62.000,56.000,65.000,33.000,68.000,46.000,50.000,12.000,68.000,64.000,89.000,53.000,76.000,93.000,35.000,67.000,5.000,81.000,14.000,26.000,23.000,21.000,27.000,43.000,33.000,18.000,12.000,40.000,32.000,74.000,54.000,61.000,5.000,75.000,54.000,81.000,11.000,52.000,57.000,50.000,46.000,40.000,62.000,65.000,89.000,16.000,86.000,6.000,72.000,98.000,97.000,87.000,86.000,31.000,97.000,2.000,25.000,24.000,88.000,29.000,45.000,88.000,38.000,63.000,33.000,79.000,5.000,86.000,65.000,18.000
68.000,58.000,49.000,17.000,52.000,38.000,61.000,24.000,30.000,77.000,95.000,79.000,51.000,65.000,15.000,7.000,42.000,56.000,57.000,98.000,14.000,52.000,87.000,49.000,49.000,64.000,88.000,66.000,2.000,36.000,76.000,91.000,85.000,19.000,53.000,74.000,99.000,62.000,88.000,77.000,74.000,4.000,68.000,84.000,48.000,93.000,85.000,57.000,43.000,54.000,75.000,57.000,17.000,76.000,41.000,43.000,62.000,44.000,7.000,17.000,64.000,22.000,20.000,89.000,3.000,64.000,89.000,34.000,27.000,56.000,100.000,85.000,29.000,98.000,47.000,74.000,72.000,23.000,51.000,5.000
78.000,66.000,92.000,62.000,7.000,12.000,74.000,46.000,89.000,75.000,26.000,24.000,71.000,39.000,62.000,21.000,97.000,87.000,52.000,96.000,10.000,54.000,5.000,32.000,50.000,83.000,48.000,58.000,16.000,5.000,44.000,70.000,33.000,95.000,87.000,71.000,21.000,9.000,69.000,91.000,5.000,10.000,9.000,84.000,60.000,13.000,52.000,17.000,28.000,16.000,30.000,53.000,74.000,33.000,24.000,81.000,97.000,61.000,48.000,44.000,45.000,98.000,80.000,14.000,6.000,68.000,64.000,87.000,12.000,88.000,94.000,100.000,7.000,42.000,90.000,90.000,28.000,35.000,8.000,75.000
31.000,86.000,4.000,32.000,7.000,1.000,80.000,41.000,76.000,61.000,26.000,69.000,50.000,16.000,34.000,53.000,65.000,67.000,85.000,18.000,33.000,96.000,79.000,83.000,57.000,52.000,21.000,46.000,74.000,76.000,36.000,29.000,60.000,25.000,35.000,6.000,20.000,65.000,9.000,70.000,60.000,84.000,77.000,32.000,65.000,34.000,89.000,48.000,92.000,75.000,64.000,59.000,42.000,76.000,51.000,20.000,65.000,75.000,92.000,3.000,85.000,93.000,84.000,19.000,4.000,43.000,98.000,57.000,31.000,14.000,92.000,7.000,97.000,24.000,31.000,88.000,54.000,67.000,48.000,28.000
43.000,26.000,33.000,70.000,70.000,9.000,31.000,16.000,46.000,85.000,11.719,48.000,5.000,43.000,81.000,71.000,44.000,31.000,27.000,46.000,45.000,88.000,88.000,54.000,17.000,52.000,55.000,8.000,84.000,94.000,61.000,9.000,2.000,32.000,80.000,25.000,27.000,64.000,53.000,78.000,1.000,8.000,51.000,33.000,49.000,68.000,68.000,16.000,16.000,50.000,36.000,6.000,45.000,22.000,28.000,34.000,84.000,10.000,43.000,89.000,68.000,88.000,18.000,6.000,3.000,10.000,19.000,16.000,42.000,92.000,57.000,53.000,89.000,29.000,97.000,9.000,64.000,74.000,53.000,48.000
26.000,91.000,3.000,91.000,68.000,96.000,43.000,59.000,30.000,66.000,24.000,43.000,97.000,1.000,29.000,23.000,76.000,34.000,96.000,90.000,78.000,91.000,63.000,25.000,7.000,99.000,24.000,18.000,55.000,55.000,38.000,54.000,68.000,37.000,96.000,81.000,50.000,45.000,68.000,3.000,26.000,47.000,1.000,13.000,56.000,71.000,57.000,37.000,19.000,4.000,56.000,17.000,79.000,66.000,12.000,91.000,99.000,47.000,16.000,85.000,71.000,16.000,75.000,56.000,43.000,71.000,32.000,98.000,11.000,91.000,85.000,54.000,36.000,3.000,70.000,73.000,10.000,2.000,19.000,40.000
62.000,26.000,15.000,38.000,89.000,2.000,35.000,63.000,14.000,46.000,25.000,53.000,43.000,35.000,40.000,38.000,44.000,72.000,69.000,41.000,78.000,15.000,39.000,29.000,52.000,1.000,74.000,75.000,54.000,71.000,67.000,64.000,18.000,27.000,62.000,43.000,67.000,97.000,17.000,18.000,1.000,80.000,99.000,85.000,78.000,13.000,7.000,21.000,41.000,38.000,29.000,31.000,7.000,12.000,1.000,5.000,6.000,99.000,12.000,55.000,67.000,62.000,21.000,97.000,1.000,82.000,31.000,23.000,60.000,20.000,93.000,12.000,83.000,84.000,85.000,18.000,59.000,51.000,45.000,18.000
0.000,0.000,0.000,0.000,0.000,1.000,0.000,0.000,0.000,0.000,0.000,0.000,0.000,0.000,0.000,0.000,0.000,0.000,0.000,0.000,0.000,0.000,0.000,0.000,0.000,0.000,0.000,0.000,0.000,0.000,0.000,0.000,0.000,0.000,0.000,0.000,0.000,0.000,0.000,0.000,0.000,0.000,0.000,0.000,0.000,0.000,0.000,0.000,0.000,0.000,0.000,0.000,0.000,0.000,0.000,1.000,0.000,0.000,0.000,1.000,0.000,0.000,0.000,1.000,0.000,0.000,0.000,0.000,0.000,0.000,1.000,0.000,0.000,0.000,0.000,0.000,0.000,0.000,1.000,0.000
0.000,0.000,0.000,0.000,0.000,0.000,0.000,0.000,0.000,0.000,0.000,0.000,0.000,0.000,0.000,0.000,0.000,0.000,0.000,0.000,0.000,0.000,0.000,0.000,0.000,0.000,0.000,0.000,0.000,0.000,0.000,0.000,0.000,0.000,0.000,0.000,0.000,0.000,0.000,0.000,0.000,0.000,0.000,0.000,0.000,0.000,0.000,0.000,0.000,0.000,0.000,0.000,0.000,0.000,0.000,0.000,0.000,0.000,0.000,0.000,0.000,0.000,0.000,0.000,0.000,0.000,0.000,0.000,0.000,0.000,0.000,0.000,0.000,0.000,0.000,0.000,0.000,0.000,0.000,0.000
0.000,0.000,0.000,0.000,0.000,0.000,0.000,0.000,0.000,0.000,0.000,0.000,0.000,0.000,0.000,0.000,0.000,0.000,0.000,0.000,0.000,0.000,0.000,0.000,0.000,0.000,0.000,0.000,0.000,0.000,0.000,0.000,0.000,0.000,0.000,0.000,0.000,0.000,0.000,0.000,0.000,0.000,0.000,0.000,0.000,0.000,0.000,0.000,0.000,0.000,0.000,0.000,0.000,0.000,0.000,0.000,0.000,0.000,0.000,0.000,0.000,0.000,0.000,0.000,0.000,0.000,0.000,0.000,0.000,0.000,0.000,0.000,0.000,0.000,0.000,0.000,0.000,0.000,0.000,0.000
0.000,0.000,0.000,0.000,0.000,0.000,0.000,0.000,0.000,0.000,0.000,0.000,0.000,0.000,0.000,0.000,0.000,0.000,0.000,0.000,0.000,0.000,0.000,0.000,0.000,0.000,0.000,0.000,0.000,0.000,0.000,0.000,0.000,0.000,0.000,0.000,0.000,0.000,0.000,0.000,0.000,0.000,0.000,0.000,0.000,0.000,0.000,0.000,0.000,0.000,0.000,0.000,0.000,0.000,0.000,0.000,0.000,0.000,0.000,0.000,0.000,0.000,0.000,0.000,0.000,0.000,0.000,0.000,0.000,0.000,0.000,0.000,0.000,0.000,0.000,0.000,0.000,0.000,0.000,0.000
0.000,0.000,0.000,0.000,0.000,0.000,0.000,0.000,0.000,0.000,0.000,0.000,0.000,0.000,0.000,0.000,0.000,0.000,0.000,0.000,0.000,0.000,0.000,0.000,0.000,0.000,0.000,0.000,0.000,0.000,0.000,0.000,0.000,0.000,0.000,0.000,0.000,0.000,0.000,0.000,0.000,0.000,0.000,0.000,0.000,0.000,0.000,0.000,0.000,0.000,0.000,0.000,0.000,0.000,0.000,0.000,0.000,0.000,0.000,0.000,0.000,0.000,0.000,0.000,0.000,0.000,0.000,0.000,0.000,0.000,0.000,0.000,0.000,0.000,0.000,0.000,0.000,0.000,0.000,0.000
0.000,0.000,0.000,0.000,0.000,0.000,0.000,0.000,0.000,0.000,0.000,0.000,0.000,0.000,0.000,1.000,0.000,0.000,0.000,0.000,0.000,0.000,0.000,0.000,0.000,0.000,0.000,0.000,0.000,0.000,0.000,0.000,0.000,0.000,0.000,0.000,0.000,0.000,1.000,0.000,0.000,0.000,0.000,0.000,0.000,1.000,0.000,0.000,0.000,0.000,0.000,0.000,0.000,0.000,0.000,0.000,0.000,0.000,0.000,0.000,0.000,0.000,0.000,0.000,0.000,0.000,0.000,0.000,0.000,0.000,0.000,0.000,0.000,0.000,0.000,0.000,0.000,0.000,0.000,0.000
0.000,0.000,0.000,0.000,0.000,0.000,0.000,0.000,0.000,0.000,0.000,0.000,0.000,0.000,0.000,0.000,0.000,0.000,0.000,0.000,0.000,0.000,0.000,0.000,0.000,0.000,0.000,0.000,0.000,0.000,0.000,0.000,0.000,0.000,0.000,0.000,0.000,0.000,0.000,0.000,0.000,0.000,0.000,0.000,0.000,0.000,0.000,0.000,0.000,0.000,0.000,0.000,0.000,0.000,0.000,0.000,0.000,1.000,0.000,0.000,0.000,0.000,0.000,0.000,0.000,0.000,0.000,0.000,0.000,0.000,0.000,0.000,0.000,0.000,0.000,0.000,0.000,0.000,0.000,0.000
0.000,0.000,0.000,0.000,0.000,0.000,0.000,0.000,0.000,0.000,0.000,0.000,0.000,0.000,0.000,0.000,0.000,0.000,0.000,0.000,0.000,0.000,0.000,0.000,0.000,0.000,0.000,0.000,0.000,0.000,0.000,0.000,0.000,0.000,0.000,0.000,0.000,0.000,0.000,0.000,0.000,0.000,0.000,0.000,0.000,0.000,0.000,0.000,0.000,0.000,0.000,0.000,0.000,0.000,0.000,0.000,0.000,0.000,0.000,0.000,0.000,0.000,0.000,0.000,0.000,0.000,0.000,0.000,0.000,0.000,0.000,0.000,0.000,0.000,0.000,0.000,0.000,0.000,0.000,0.000
0.000,0.000,0.000,0.000,0.000,0.000,0.000,0.000,0.000,0.000,0.000,0.000,0.000,0.000,0.000,0.000,0.000,0.000,0.000,0.000,0.000,0.000,0.000,0.000,0.000,0.000,0.000,0.000,0.000,0.000,0.000,0.000,0.000,0.000,0.000,0.000,0.000,0.000,0.000,0.000,0.000,0.000,0.000,0.000,0.000,0.000,0.000,0.000,0.000,0.000,0.000,0.000,0.000,0.000,0.000,0.000,0.000,0.000,0.000,0.000,0.000,0.000,0.000,0.000,0.000,0.000,0.000,0.000,0.000,0.000,0.000,0.000,0.000,0.000,0.000,0.000,0.000,0.000,0.000,0.000
0.000,0.000,0.000,0.000,0.000,0.000,0.000,0.000,0.000,0.000,0.000,0.000,0.000,0.000,0.000,0.000,0.000,0.000,0.000,0.000,0.000,0.000,0.000,0.000,0.000,0.000,0.000,0.000,0.000,0.000,0.000,0.000,0.000,0.000,0.000,0.000,0.000,0.000,0.000,0.000,0.000,0.000,0.000,0.000,0.000,0.000,0.000,0.000,0.000,0.000,0.000,0.000,0.000,0.000,0.000,0.000,0.000,0.000,0.000,0.000,0.000,0.000,0.000,0.000,0.000,0.000,0.000,0.000,0.000,0.000,0.000,0.000,0.000,0.000,0.000,0.000,0.000,0.000,0.000,0.000
0.000,0.000,0.000,0.000,0.000,0.000,0.000,0.000,0.000,0.000,0.000,0.000,0.000,0.000,0.000,0.000,0.000,0.000,0.000,0.000,0.000,0.000,0.000,0.000,0.000,0.000,0.000,0.000,0.000,0.000,0.000,0.000,0.000,0.000,0.000,0.000,0.000,0.000,0.000,0.000,0.000,0.000,0.000,0.000,0.000,0.000,0.000,0.000,0.000,0.000,0.000,0.000,0.000,0.000,0.000,0.000,0.000,0.000,0.000,0.000,0.000,0.000,0.000,0.000,0.000,0.000,0.000,0.000,0.000,0.000,0.000,0.000,0.000,0.000,0.000,0.000,0.000,0.000,0.000,0.000
0.000,0.000,0.000,0.000,0.000,0.000,0.000,0.000,0.000,0.000,0.000,0.000,0.000,0.000,0.000,0.000,0.000,0.000,0.000,0.000,0.000,0.000,0.000,0.000,0.000,0.000,0.000,0.000,0.000,0.000,0.000,0.000,0.000,0.000,0.000,0.000,0.000,0.000,0.000,0.000,0.000,0.000,0.000,0.000,0.000,0.000,0.000,0.000,0.000,0.000,0.000,0.000,0.000,0.000,0.000,0.000,0.000,0.000,0.000,0.000,0.000,0.000,0.000,0.000,0.000,0.000,0.000,0.000,0.000,0.000,0.000,0.000,0.000,0.000,0.000,0.000,0.000,0.000,0.000,0.000
0.000,0.000,0.000,0.000,0.000,0.000,0.000,0.000,0.000,0.000,0.000,0.000,0.000,0.000,0.000,0.000,0.000,0.000,0.000,0.000,0.000,0.000,0.000,0.000,0.000,0.000,0.000,0.000,0.000,0.000,0.000,0.000,0.000,0.000,0.000,0.000,0.000,0.000,0.000,0.000,0.000,0.000,0.000,0.000,0.000,0.000,0.000,0.000,0.000,0.000,0.000,0.000,0.000,0.000,0.000,0.000,0.000,0.000,0.000,0.000,0.000,0.000,0.000,0.000,0.000,0.000,0.000,0.000,0.000,0.000,0.000,0.000,0.000,0.000,0.000,0.000,0.000,0.000,0.000,0.000
0.000,0.000,0.000,0.000,0.000,0.000,0.000,0.000,0.000,0.000,0.000,0.000,0.000,0.000,0.000,0.000,0.000,0.000,0.000,0.000,0.000,0.000,0.000,0.000,0.000,0.000,0.000,0.000,0.000,0.000,0.000,0.000,0.000,0.000,0.000,0.000,0.000,0.000,0.000,0.000,0.000,0.000,0.000,0.000,0.000,0.000,0.000,0.000,0.000,0.000,0.000,0.000,0.000,0.000,0.000,0.000,0.000,0.000,0.000,0.000,0.000,0.000,0.000,0.000,0.000,0.000,0.000,0.000,0.000,0.000,0.000,0.000,0.000,0.000,0.000,0.000,0.000,0.000,0.000,0.000
0.000,0.000,0.000,0.000,0.000,0.000,0.000,0.000,0.000,0.000,0.000,0.000,0.000,0.000,0.000,0.000,0.000,0.000,0.000,0.000,0.000,0.000,0.000,0.000,0.000,0.000,0.000,0.000,0.000,0.000,0.000,0.000,0.000,0.000,0.000,0.000,0.000,0.000,0.000,0.000,0.000,0.000,0.000,0.000,0.000,0.000,0.000,0.000,0.000,0.000,0.000,0.000,0.000,0.000,0.000,0.000,0.000,0.000,0.000,0.000,0.000,0.000,0.000,0.000,0.000,0.000,0.000,0.000,0.000,0.000,0.000,0.000,0.000,0.000,0.000,0.000,0.000,0.000,0.000,0.000
0.000,0.000,0.000,0.000,0.000,0.000,0.000,0.000,0.000,0.000,0.000,0.000,0.000,0.000,0.000,0.000,0.000,0.000,0.000,0.000,0.000,0.000,0.000,0.000,0.000,0.000,0.000,0.000,0.000,0.000,0.000,0.000,0.000,0.000,0.000,0.000,0.000,0.000,0.000,0.000,0.000,0.000,0.000,0.000,0.000,0.000,0.000,0.000,0.000,0.000,0.000,0.000,0.000,0.000,0.000,0.000,0.000,0.000,0.000,0.000,0.000,0.000,0.000,0.000,0.000,0.000,0.000,0.000,0.000,0.000,0.000,0.000,0.000,0.000,0.000,0.000,0.000,0.000,0.000,0.000
0.000,0.000,0.000,0.000,0.000,0.000,0.000,0.000,0.000,0.000,0.000,0.000,0.000,0.000,0.000,0.000,0.000,0.000,0.000,0.000,0.000,0.000,0.000,0.000,0.000,0.000,0.000,0.000,0.000,0.000,0.000,0.000,0.000,0.000,0.000,0.000,0.000,0.000,0.000,0.000,0.000,0.000,0.000,0.000,0.000,0.000,0.000,0.000,0.000,0.000,0.000,0.000,0.000,0.000,0.000,0.000,0.000,0.000,0.000,0.000,0.000,0.000,0.000,0.000,0.000,0.000,0.000,0.000,0.000,0.000,0.000,0.000,0.000,0.000,0.000,0.000,0.000,0.000,0.000,0.000
0.000,0.000,0.000,0.000,0.000,0.000,0.000,0.000,0.000,0.000,0.000,0.000,0.000,0.000,0.000,0.000,0.000,0.000,0.000,0.000,0.000,0.000,0.000,0.000,0.000,0.000,0.000,0.000,0.000,0.000,0.000,0.000,0.000,0.000,0.000,0.000,0.000,0.000,0.000,0.000,0.000,0.000,0.000,0.000,0.000,0.000,0.000,0.000,0.000,0.000,0.000,0.000,0.000,0.000,0.000,0.000,0.000,0.000,0.000,0.000,0.000,0.000,0.000,0.000,0.000,0.000,0.000,0.000,0.000,0.000,0.000,0.000,0.000,0.000,0.000,0.000,0.000,0.000,0.000,0.000
0.000,0.000,0.000,0.000,0.000,0.000,0.000,0.000,0.000,0.000,0.000,0.000,0.000,0.000,0.000,0.000,0.000,0.000,0.000,0.000,0.000,0.000,0.000,0.000,0.000,0.000,0.000,0.000,0.000,0.000,0.000,0.000,0.000,0.000,0.000,0.000,0.000,0.000,0.000,0.000,0.000,0.000,0.000,0.000,0.000,0.000,0.000,0.000,0.000,0.000,0.000,0.000,0.000,0.000,0.000,0.000,0.000,0.000,0.000,0.000,0.000,0.000,0.000,0.000,0.000,0.000,0.000,0.000,0.000,0.000,0.000,0.000,0.000,0.000,0.000,0.000,0.000,0.000,0.000,0.000
0.000,0.000,0.000,0.000,0.000,0.000,0.000,0.000,1.000,0.000,0.000,0.000,0.000,0.000,0.000,0.000,0.000,0.000,0.000,0.000,0.000,0.000,0.000,0.000,0.000,0.000,0.000,0.000,0.000,0.000,0.000,0.000,0.000,0.000,0.000,0.000,0.000,0.000,0.000,0.000,0.000,0.000,0.000,0.000,0.000,0.000,0.000,0.000,0.000,0.000,0.000,0.000,0.000,0.000,0.000,0.000,0.000,0.000,0.000,0.000,0.000,0.000,0.000,0.000,0.000,0.000,0.000,0.000,0.000,0.000,0.000,0.000,0.000,0.000,0.000,0.000,0.000,0.000,0.000,0.000
0.000,0.000,0.000,0.000,0.000,0.000,0.000,0.000,0.000,0.000,0.000,0.000,0.000,0.000,0.000,0.000,0.000,0.000,0.000,0.000,0.000,0.000,0.000,0.000,0.000,0.000,0.000,0.000,0.000,0.000,0.000,0.000,0.000,0.000,0.000,0.000,0.000,0.000,0.000,0.000,0.000,0.000,0.000,0.000,0.000,0.000,0.000,0.000,0.000,0.000,0.000,0.000,0.000,0.000,0.000,0.000,0.000,0.000,0.000,0.000,0.000,0.000,0.000,0.000,0.000,0.000,0.000,0.000,0.000,0.000,0.000,0.000,0.000,0.000,0.000,0.000,0.000,0.000,0.000,0.000
0.000,0.000,0.000,0.000,0.000,0.000,0.000,0.000,0.000,0.000,0.000,0.000,0.000,0.000,0.000,0.000,0.000,0.000,0.000,0.000,0.000,0.000,0.000,0.000,0.000,0.000,0.000,0.000,0.000,0.000,0.000,0.000,0.000,0.000,0.000,0.000,0.000,0.000,0.000,0.000,0.000,0.000,0.000,0.000,0.000,0.000,0.000,0.000,0.000,0.000,0.000,0.000,0.000,0.000,0.000,0.000,0.000,0.000,0.000,0.000,0.000,0.000,0.000,0.000,0.000,0.000,0.000,0.000,0.000,0.000,0.000,0.000,0.000,0.000,0.000,0.000,0.000,0.000,0.000,0.000
0.000,0.000,0.000,0.000,0.000,0.000,0.000,0.000,0.000,0.000,0.000,1.000,0.000,0.000,0.000,0.000,0.000,0.000,0.000,0.000,0.000,0.000,0.000,1.000,0.000,0.000,0.000,0.000,0.000,0.000,0.000,0.000,0.000,0.000,0.000,0.000,0.000,0.000,0.000,0.000,1.000,0.000,0.000,0.000,0.000,0.000,0.000,0.000,0.000,0.000,0.000,0.000,0.000,0.000,0.000,0.000,0.000,0.000,0.000,0.000,0.000,0.000,0.000,0.000,0.000,0.000,0.000,0.000,0.000,0.000,0.000,0.000,0.000,0.000,0.000,0.000,0.000,0.000,0.000,0.000
0.000,0.000,0.000,0.000,0.000,0.000,0.000,0.000,0.000,0.000,0.000,0.000,0.000,0.000,0.000,0.000,0.000,0.000,0.000,0.000,0.000,0.000,0.000,0.000,0.000,0.000,0.000,0.000,0.000,0.000,0.000,0.000,0.000,0.000,0.000,0.000,0.000,0.000,0.000,0.000,0.000,0.000,0.000,0.000,0.000,0.000,0.000,0.000,0.000,0.000,0.000,0.000,0.000,0.000,0.000,0.000,0.000,0.000,0.000,0.000,0.000,0.000,0.000,0.000,0.000,0.000,0.000,0.000,0.000,0.000,0.000,0.000,0.000,0.000,0.000,0.000,0.000,0.000,0.000,0.000
0.000,0.000,0.000,0.000,0.000,0.000,0.000,0.000,0.000,0.000,0.000,0.000,0.000,0.000,0.000,0.000,0.000,0.000,0.000,0.000,0.000,0.000,0.000,0.000,0.000,0.000,0.000,0.000,0.000,0.000,0.000,0.000,0.000,0.000,0.000,0.000,0.000,0.000,0.000,0.000,0.000,0.000,0.000,0.000,0.000,0.000,0.000,0.000,0.000,0.000,0.000,0.000,0.000,0.000,0.000,0.000,0.000,0.000,0.000,0.000,0.000,0.000,0.000,0.000,0.000,0.000,0.000,0.000,0.000,0.000,0.000,0.000,0.000,0.000,0.000,0.000,0.000,0.000,0.000,0.000
0.000,0.000,0.000,0.000,0.000,0.000,0.000,0.000,0.000,0.000,0.000,0.000,0.000,0.000,0.000,0.000,0.000,0.000,0.000,0.000,0.000,0.000,0.000,0.000,0.000,0.000,0.000,0.000,0.000,0.000,0.000,0.000,0.000,0.000,0.000,0.000,0.000,0.000,0.000,0.000,0.000,0.000,0.000,0.000,0.000,0.000,0.000,0.000,0.000,0.000,0.000,0.000,0.000,0.000,0.000,0.000,0.000,0.000,0.000,0.000,0.000,0.000,0.000,0.000,0.000,0.000,0.000,0.000,0.000,0.000,0.000,0.000,0.000,0.000,0.000,0.000,0.000,0.000,0.000,0.000
0.000,0.000,0.000,0.000,0.000,0.000,0.000,0.000,0.000,0.000,0.000,0.000,0.000,0.000,0.000,0.000,0.000,0.000,0.000,0.000,0.000,0.000,0.000,0.000,0.000,0.000,0.000,0.000,0.000,0.000,0.000,0.000,0.000,0.000,0.000,0.000,0.000,0.000,0.000,0.000,0.000,0.000,0.000,0.000,0.000,0.000,0.000,0.000,0.000,0.000,0.000,0.000,0.000,0.000,0.000,0.000,0.000,0.000,0.000,0.000,0.000,0.000,0.000,0.000,0.000,0.000,0.000,0.000,0.000,0.000,0.000,0.000,0.000,0.000,0.000,0.000,0.000,0.000,0.000,0.000
0.000,0.000,0.000,0.000,0.000,0.000,0.000,0.000,0.000,0.000,0.000,0.000,0.000,0.000,0.000,0.000,0.000,0.000,0.000,0.000,0.000,0.000,0.000,0.000,0.000,0.000,0.000,0.000,0.000,0.000,0.000,0.000,0.000,0.000,0.000,0.000,0.000,0.000,0.000,0.000,0.000,0.000,0.000,0.000,0.000,0.000,0.000,0.000,0.000,0.000,0.000,0.000,0.000,0.000,0.000,0.000,0.000,0.000,0.000,0.000,0.000,0.000,0.000,0.000,0.000,0.000,0.000,0.000,0.000,0.000,0.000,0.000,0.000,0.000,0.000,0.000,0.000,0.000,0.000,0.000
0.000,0.000,0.000,0.000,0.000,0.000,0.000,0.000,0.000,0.000,0.000,0.000,0.000,0.000,0.000,0.000,0.000,0.000,0.000,0.000,0.000,0.000,0.000,0.000,0.000,0.000,0.000,0.000,0.000,0.000,0.000,0.000,0.000,0.000,0.000,0.000,0.000,0.000,0.000,0.000,0.000,0.000,0.000,0.000,0.000,0.000,0.000,0.000,0.000,0.000,0.000,0.000,0.000,0.000,0.000,0.000,0.000,0.000,0.000,0.000,0.000,0.000,0.000,0.000,0.000,0.000,0.000,0.000,0.000,0.000,0.000,0.000,0.000,0.000,0.000,0.000,0.000,0.000,0.000,0.000
0.000,0.000,0.000,0.000,0.000,0.000,0.000,0.000,0.000,0.000,0.000,0.000,0.000,0.000,0.000,0.000,0.000,0.000,0.000,0.000,0.000,0.000,0.000,0.000,0.000,0.000,0.000,0.000,0.000,0.000,0.000,0.000,0.000,0.000,0.000,0.000,0.000,0.000,0.000,0.000,0.000,0.000,0.000,0.000,0.000,0.000,0.000,0.000,0.000,0.000,0.000,0.000,0.000,0.000,0.000,0.000,0.000,0.000,0.000,0.000,0.000,0.000,0.000,0.000,0.000,0.000,0.000,0.000,0.000,0.000,0.000,0.000,0.000,0.000,0.000,0.000,0.000,0.000,0.000,0.000
0.000,0.000,1.000,0.000,0.000,0.000,0.000,0.000,0.000,0.000,0.000,0.000,0.000,0.000,0.000,0.000,0.000,0.000,0.000,0.000,0.000,0.000,0.000,0.000,0.000,0.000,0.000,0.000,0.000,0.000,0.000,0.000,0.000,0.000,0.000,0.000,0.000,0.000,0.000,0.000,0.000,0.000,0.000,0.000,0.000,0.000,0.000,0.000,0.000,0.000,0.000,0.000,0.000,0.000,0.000,0.000,0.000,0.000,0.000,0.000,0.000,0.000,0.000,0.000,0.000,0.000,0.000,0.000,0.000,0.000,0.000,0.000,0.000,0.000,0.000,0.000,0.000,0.000,0.000,0.000
0.000,0.000,0.000,0.000,0.000,0.000,0.000,0.000,0.000,0.000,0.000,0.000,0.000,0.000,0.000,0.000,0.000,0.000,0.000,0.000,0.000,0.000,0.000,0.000,0.000,0.000,0.000,0.000,0.000,0.000,0.000,0.000,0.000,0.000,0.000,0.000,0.000,0.000,0.000,0.000,0.000,0.000,0.000,0.000,0.000,0.000,0.000,0.000,0.000,0.000,0.000,0.000,0.000,0.000,0.000,0.000,0.000,0.000,0.000,0.000,0.000,0.000,0.000,0.000,0.000,0.000,0.000,0.000,0.000,0.000,0.000,0.000,0.000,0.000,0.000,0.000,0.000,0.000,0.000,0.000
0.000,0.000,0.000,0.000,0.000,0.000,0.000,0.000,0.000,0.000,0.000,0.000,0.000,0.000,0.000,0.000,0.000,0.000,0.000,0.000,0.000,0.000,0.000,0.000,0.000,0.000,0.000,0.000,0.000,0.000,0.000,0.000,0.000,0.000,0.000,0.000,0.000,0.000,0.000,0.000,0.000,0.000,0.000,0.000,0.000,0.000,0.000,0.000,0.000,0.000,0.000,0.000,0.000,0.000,0.000,0.000,0.000,0.000,0.000,0.000,0.000,0.000,0.000,0.000,0.000,0.000,0.000,0.000,0.000,0.000,0.000,0.000,0.000,0.000,0.000,0.000,0.000,0.000,0.000,0.000
0.000,0.000,0.000,0.000,0.000,0.000,0.000,0.000,0.000,0.000,0.000,0.000,0.000,0.000,0.000,0.000,0.000,0.000,0.000,0.000,0.000,0.000,0.000,0.000,0.000,0.000,0.000,0.000,0.000,0.000,0.000,0.000,0.000,0.000,0.000,0.000,0.000,0.000,0.000,0.000,0.000,0.000,0.000,0.000,0.000,0.000,0.000,0.000,0.000,0.000,0.000,0.000,0.000,0.000,0.000,0.000,0.000,0.000,0.000,0.000,0.000,0.000,0.000,0.000,0.000,0.000,0.000,0.000,0.000,0.000,0.000,0.000,0.000,0.000,0.000,0.000,0.000,0.000,0.000,0.000
0.000,0.000,0.000,0.000,0.000,0.000,0.000,0.000,0.000,0.000,0.000,0.000,0.000,0.000,0.000,0.000,0.000,0.000,0.000,0.000,0.000,0.000,0.000,0.000,0.000,0.000,0.000,0.000,0.000,0.000,0.000,0.000,0.000,0.000,0.000,0.000,0.000,0.000,0.000,0.000,0.000,0.000,0.000,0.000,0.000,0.000,0.000,0.000,0.000,0.000,0.000,0.000,0.000,0.000,0.000,0.000,0.000,0.000,0.000,0.000,0.000,0.000,0.000,0.000,0.000,0.000,0.000,0.000,0.000,0.000,0.000,0.000,0.000,0.000,0.000,0.000,0.000,0.000,0.000,0.000
0.000,0.000,0.000,0.000,0.000,0.000,0.000,0.000,0.000,0.000,0.000,0.000,0.000,0.000,0.000,0.000,0.000,0.000,0.000,0.000,0.000,0.000,0.000,0.000,0.000,0.000,0.000,0.000,0.000,0.000,0.000,0.000,0.000,0.000,0.000,0.000,0.000,0.000,0.000,0.000,0.000,0.000,0.000,0.000,0.000,0.000,0.000,0.000,0.000,0.000,0.000,0.000,0.000,0.000,0.000,0.000,0.000,0.000,0.000,0.000,0.000,0.000,0.000,0.000,0.000,0.000,0.000,0.000,0.000,0.000,0.000,0.000,0.000,0.000,0.000,0.000,0.000,0.000,0.000,0.000
0.000,0.000,0.000,0.000,0.000,0.000,0.000,0.000,0.000,0.000,0.000,0.000,0.000,0.000,0.000,0.000,0.000,0.000,0.000,0.000,0.000,0.000,0.000,0.000,0.000,0.000,0.000,0.000,0.000,0.000,0.000,0.000,0.000,0.000,0.000,0.000,0.000,0.000,0.000,0.000,0.000,0.000,0.000,0.000,0.000,0.000,0.000,0.000,0.000,0.000,0.000,0.000,0.000,0.000,0.000,0.000,0.000,0.000,0.000,0.000,0.000,0.000,0.000,0.000,0.000,0.000,0.000,0.000,0.000,0.000,0.000,0.000,0.000,0.000,0.000,0.000,0.000,0.000,0.000,0.000
0.000,0.000,0.000,0.000,0.000,0.000,0.000,0.000,0.000,0.000,0.000,0.000,0.000,0.000,0.000,0.000,0.000,0.000,0.000,0.000,0.000,0.000,0.000,0.000,0.000,0.000,0.000,0.000,0.000,0.000,0.000,0.000,0.000,0.000,0.000,0.000,0.000,0.000,0.000,0.000,0.000,0.000,0.000,0.000,0.000,0.000,0.000,0.000,0.000,0.000,0.000,0.000,0.000,0.000,0.000,0.000,0.000,0.000,0.000,0.000,0.000,0.000,0.000,0.000,0.000,0.000,0.000,0.000,0.000,0.000,0.000,0.000,0.000,0.000,0.000,0.000,0.000,0.000,0.000,0.000
0.000,0.000,0.000,0.000,0.000,0.000,0.000,0.000,0.000,0.000,0.000,0.000,0.000,0.000,0.000,0.000,0.000,0.000,0.000,0.000,0.000,0.000,0.000,0.000,0.000,0.000,0.000,0.000,0.000,0.000,0.000,0.000,0.000,0.000,0.000,0.000,0.000,0.000,0.000,0.000,0.000,0.000,0.000,0.000,0.000,0.000,0.000,0.000,0.000,0.000,0.000,0.000,0.000,0.000,0.000,0.000,0.000,0.000,0.000,0.000,0.000,0.000,0.000,0.000,0.000,0.000,0.000,0.000,0.000,0.000,0.000,0.000,0.000,0.000,0.000,0.000,0.000,0.000,0.000,0.000
0.000,0.000,0.000,0.000,0.000,0.000,0.000,0.000,0.000,0.000,0.000,0.000,0.000,0.000,0.000,0.000,0.000,0.000,0.000,0.000,0.000,0.000,0.000,0.000,0.000,0.000,0.000,0.000,0.000,0.000,0.000,0.000,0.000,0.000,0.000,0.000,0.000,0.000,0.000,0.000,0.000,0.000,0.000,0.000,0.000,0.000,0.000,0.000,0.000,0.000,0.000,0.000,0.000,0.000,0.000,0.000,0.000,0.000,0.000,0.000,0.000,0.000,0.000,0.000,0.000,0.000,0.000,0.000,0.000,0.000,0.000,0.000,0.000,0.000,0.000,0.000,0.000,0.000,0.000,0.000
0.000,0.000,0.000,0.000,0.000,0.000,0.000,0.000,0.000,0.000,0.000,0.000,0.000,0.000,0.000,0.000,0.000,0.000,0.000,0.000,0.000,0.000,0.000,0.000,0.000,0.000,0.000,0.000,0.000,0.000,0.000,0.000,0.000,0.000,0.000,0.000,0.000,0.000,0.000,0.000,0.000,0.000,0.000,0.000,0.000,0.000,0.000,0.000,0.000,0.000,0.000,0.000,0.000,0.000,0.000,0.000,0.000,0.000,0.000,0.000,0.000,0.000,0.000,0.000,0.000,0.000,0.000,0.000,0.000,0.000,0.000,0.000,0.000,0.000,0.000,0.000,0.000,0.000,0.000,0.000
0.000,0.000,0.000,0.000,0.000,0.000,0.000,0.000,0.000,0.000,0.000,0.000,0.000,0.000,0.000,0.000,0.000,0.000,0.000,0.000,0.000,0.000,0.000,0.000,0.000,0.000,0.000,0.000,0.000,0.000,0.000,0.000,0.000,0.000,0.000,0.000,0.000,1.000,0.000,0.000,0.000,0.000,0.000,0.000,0.000,0.000,0.000,0.000,0.000,0.000,0.000,0.000,0.000,0.000,0.000,0.000,1.000,0.000,0.000,0.000,0.000,1.000,0.000,0.000,0.000,0.000,0.000,0.000,0.000,0.000,0.000,0.000,0.000,0.000,0.000,0.000,0.000,0.000,0.000,0.000
0.000,0.000,0.000,0.000,0.000,0.000,0.000,0.000,0.000,0.000,0.000,0.000,0.000,0.000,0.000,0.000,0.000,0.000,0.000,0.000,0.000,0.000,0.000,0.000,0.000,0.000,0.000,0.000,0.000,0.000,0.000,0.000,0.000,0.000,0.000,0.000,0.000,0.000,0.000,0.000,0.000,0.000,0.000,0.000,0.000,0.000,0.000,0.000,0.000,0.000,0.000,0.000,0.000,0.000,0.000,0.000,0.000,0.000,0.000,0.000,0.000,0.000,0.000,0.000,0.000,0.000,0.000,0.000,0.000,0.000,0.000,0.000,0.000,0.000,0.000,0.000,0.000,0.000,0.000,0.000
0.000,0.000,0.000,0.000,0.000,0.000,0.000,0.000,0.000,0.000,0.000,0.000,0.000,0.000,0.000,0.000,0.000,0.000,0.000,0.000,0.000,0.000,0.000,0.000,0.000,0.000,0.000,0.000,0.000,0.000,0.000,0.000,0.000,0.000,0.000,0.000,0.000,0.000,0.000,0.000,0.000,0.000,0.000,0.000,0.000,0.000,0.000,0.000,0.000,0.000,0.000,0.000,0.000,0.000,0.000,0.000,0.000,0.000,0.000,0.000,0.000,0.000,0.000,0.000,0.000,0.000,0.000,0.000,0.000,0.000,0.000,0.000,0.000,0.000,0.000,0.000,0.000,0.000,0.000,0.000
0.000,0.000,0.000,0.000,0.000,0.000,0.000,0.000,0.000,0.000,0.000,0.000,0.000,0.000,0.000,0.000,0.000,0.000,0.000,0.000,0.000,0.000,0.000,0.000,0.000,0.000,0.000,0.000,0.000,0.000,0.000,0.000,0.000,0.000,0.000,0.000,0.000,0.000,0.000,0.000,0.000,0.000,0.000,0.000,0.000,0.000,0.000,0.000,0.000,0.000,0.000,0.000,0.000,0.000,0.000,0.000,0.000,0.000,0.000,0.000,0.000,0.000,0.000,0.000,0.000,0.000,0.000,0.000,0.000,0.000,0.000,0.000,0.000,0.000,0.000,0.000,0.000,0.000,0.000,0.000
0.000,0.000,0.000,0.000,0.000,0.000,0.000,0.000,0.000,0.000,0.000,0.000,0.000,0.000,0.000,0.000,0.000,0.000,0.000,0.000,0.000,0.000,0.000,0.000,0.000,0.000,0.000,0.000,0.000,0.000,0.000,0.000,0.000,0.000,0.000,0.000,0.000,0.000,0.000,0.000,0.000,0.000,0.000,0.000,0.000,0.000,0.000,0.000,0.000,0.000,0.000,0.000,0.000,0.000,0.000,0.000,0.000,0.000,0.000,0.000,0.000,0.000,0.000,0.000,0.000,0.000,0.000,0.000,0.000,0.000,0.000,0.000,0.000,0.000,0.000,0.000,0.000,0.000,0.000,0.000
0.000,0.000,0.000,0.000,0.000,0.000,0.000,0.000,0.000,0.000,0.000,0.000,0.000,0.000,0.000,0.000,0.000,0.000,0.000,0.000,0.000,0.000,0.000,0.000,0.000,0.000,0.000,0.000,0.000,0.000,0.000,0.000,0.000,0.000,0.000,1.000,0.000,0.000,1.000,0.000,0.000,0.000,0.000,0.000,1.000,0.000,0.000,0.000,0.000,0.000,0.000,1.000,0.000,0.000,0.000,0.000,0.000,0.000,0.000,0.000,0.000,0.000,0.000,0.000,0.000,0.000,0.000,0.000,1.000,0.000,0.000,0.000,0.000,0.000,0.000,0.000,0.000,0.000,0.000,0.000
0.000,0.000,0.000,0.000,0.000,0.000,0.000,0.000,0.000,0.000,0.000,0.000,0.000,0.000,0.000,0.000,0.000,0.000,0.000,0.000,0.000,0.000,0.000,0.000,0.000,0.000,0.000,0.000,0.000,0.000,0.000,0.000,0.000,0.000,0.000,0.000,0.000,0.000,0.000,0.000,0.000,0.000,0.000,0.000,0.000,0.000,0.000,0.000,0.000,0.000,0.000,0.000,0.000,0.000,0.000,0.000,0.000,0.000,0.000,0.000,0.000,0.000,0.000,0.000,0.000,0.000,0.000,0.000,0.000,0.000,0.000,0.000,0.000,0.000,0.000,0.000,0.000,0.000,0.000,0.000
0.000,0.000,0.000,0.000,0.000,0.000,0.000,0.000,0.000,0.000,0.000,0.000,0.000,0.000,0.000,0.000,0.000,0.000,0.000,0.000,0.000,0.000,0.000,0.000,0.000,0.000,0.000,0.000,0.000,0.000,0.000,0.000,0.000,0.000,0.000,0.000,0.000,0.000,0.000,0.000,0.000,0.000,0.000,0.000,0.000,0.000,0.000,0.000,0.000,0.000,0.000,0.000,0.000,0.000,0.000,0.000,0.000,0.000,0.000,0.000,0.000,0.000,0.000,0.000,0.000,0.000,0.000,0.000,0.000,0.000,0.000,0.000,0.000,0.000,0.000,0.000,0.000,0.000,0.000,0.000
0.000,0.000,0.000,0.000,0.000,0.000,0.000,0.000,0.000,0.000,0.000,0.000,0.000,0.000,0.000,0.000,0.000,0.000,0.000,0.000,0.000,0.000,0.000,0.000,0.000,0.000,0.000,0.000,0.000,0.000,0.000,0.000,0.000,0.000,0.000,0.000,0.000,0.000,0.000,0.000,0.000,0.000,0.000,0.000,0.000,0.000,0.000,0.000,0.000,0.000,0.000,0.000,0.000,0.000,0.000,0.000,0.000,0.000,0.000,0.000,0.000,0.000,0.000,0.000,0.000,0.000,0.000,0.000,0.000,0.000,0.000,0.000,0.000,0.000,0.000,0.000,0.000,0.000,0.000,0.000
0.000,0.000,0.000,0.000,0.000,0.000,0.000,0.000,0.000,0.000,0.000,0.000,0.000,0.000,0.000,0.000,0.000,0.000,0.000,0.000,0.000,0.000,0.000,0.000,0.000,0.000,0.000,0.000,0.000,0.000,0.000,0.000,0.000,0.000,0.000,0.000,0.000,0.000,0.000,0.000,0.000,0.000,0.000,0.000,0.000,0.000,0.000,0.000,0.000,0.000,0.000,0.000,0.000,0.000,0.000,0.000,0.000,0.000,0.000,0.000,0.000,0.000,0.000,0.000,0.000,0.000,0.000,0.000,0.000,0.000,0.000,0.000,0.000,0.000,0.000,0.000,0.000,0.000,0.000,0.000
0.000,0.000,0.000,0.000,0.000,0.000,0.000,0.000,0.000,0.000,0.000,0.000,0.000,0.000,0.000,0.000,0.000,0.000,0.000,0.000,0.000,0.000,0.000,0.000,0.000,0.000,0.000,0.000,0.000,0.000,0.000,0.000,0.000,0.000,0.000,0.000,0.000,0.000,0.000,0.000,0.000,0.000,0.000,0.000,0.000,0.000,0.000,0.000,0.000,0.000,0.000,0.000,0.000,0.000,0.000,0.000,0.000,0.000,0.000,0.000,0.000,0.000,0.000,0.000,0.000,0.000,0.000,0.000,0.000,0.000,0.000,0.000,0.000,0.000,0.000,0.000,0.000,0.000,0.000,0.000
0.000,0.000,0.000,0.000,0.000,0.000,0.000,0.000,0.000,0.000,0.000,0.000,0.000,0.000,0.000,0.000,0.000,0.000,0.000,0.000,0.000,0.000,0.000,0.000,0.000,0.000,0.000,0.000,0.000,0.000,0.000,0.000,0.000,0.000,0.000,0.000,0.000,0.000,0.000,0.000,0.000,0.000,0.000,0.000,0.000,0.000,0.000,0.000,0.000,0.000,0.000,0.000,0.000,0.000,0.000,0.000,0.000,0.000,0.000,0.000,0.000,0.000,0.000,0.000,0.000,0.000,0.000,0.000,0.000,0.000,0.000,0.000,0.000,0.000,0.000,0.000,0.000,0.000,0.000,0.000
0.000,0.000,0.000,0.000,0.000,0.000,0.000,0.000,0.000,0.000,0.000,0.000,0.000,0.000,0.000,0.000,0.000,0.000,0.000,0.000,0.000,0.000,0.000,0.000,0.000,0.000,0.000,0.000,0.000,0.000,0.000,0.000,0.000,0.000,0.000,0.000,0.000,0.000,0.000,0.000,0.000,0.000,0.000,0.000,0.000,0.000,0.000,0.000,0.000,0.000,0.000,0.000,0.000,0.000,0.000,0.000,0.000,0.000,0.000,0.000,0.000,0.000,0.000,0.000,0.000,0.000,0.000,0.000,0.000,0.000,0.000,0.000,0.000,0.000,0.000,0.000,0.000,0.000,0.000,0.000
0.000,0.000,0.000,0.000,0.000,0.000,0.000,0.000,0.000,0.000,0.000,0.000,0.000,0.000,0.000,0.000,0.000,0.000,0.000,0.000,0.000,0.000,0.000,0.000,0.000,0.000,0.000,0.000,0.000,0.000,0.000,0.000,0.000,0.000,0.000,0.000,0.000,0.000,0.000,0.000,0.000,0.000,0.000,0.000,0.000,0.000,0.000,0.000,0.000,0.000,0.000,0.000,0.000,0.000,0.000,0.000,0.000,0.000,0.000,0.000,0.000,0.000,0.000,0.000,0.000,0.000,0.000,0.000,0.000,0.000,0.000,0.000,0.000,0.000,0.000,0.000,0.000,0.000,0.000,0.000
0.000,0.000,0.000,0.000,0.000,0.000,0.000,0.000,0.000,0.000,0.000,0.000,0.000,0.000,0.000,0.000,0.000,0.000,0.000,0.000,0.000,0.000,0.000,0.000,0.000,0.000,0.000,0.000,0.000,0.000,0.000,0.000,0.000,0.000,0.000,0.000,0.000,0.000,0.000,0.000,0.000,0.000,0.000,0.000,0.000,0.000,0.000,0.000,0.000,0.000,0.000,0.000,0.000,0.000,0.000,0.000,0.000,0.000,0.000,0.000,0.000,0.000,0.000,0.000,0.000,0.000,0.000,0.000,0.000,0.000,0.000,0.000,0.000,0.000,0.000,0.000,0.000,0.000,0.000,0.000
0.000,0.000,0.000,0.000,0.000,0.000,0.000,0.000,0.000,0.000,0.000,0.000,0.000,0.000,0.000,0.000,0.000,0.000,0.000,0.000,0.000,0.000,0.000,0.000,0.000,0.000,0.000,0.000,0.000,0.000,0.000,0.000,0.000,0.000,0.000,0.000,1.000,0.000,0.000,1.000,0.000,0.000,0.000,0.000,0.000,0.000,0.000,0.000,0.000,0.000,0.000,0.000,0.000,0.000,0.000,0.000,0.000,0.000,0.000,0.000,0.000,0.000,0.000,0.000,0.000,0.000,0.000,0.000,0.000,0.000,0.000,0.000,0.000,0.000,0.000,0.000,0.000,0.000,0.000,0.000
0.000,0.000,0.000,0.000,0.000,0.000,1.000,0.000,0.000,0.000,0.000,0.000,0.000,0.000,0.000,0.000,0.000,0.000,0.000,0.000,0.000,0.000,0.000,0.000,0.000,0.000,1.000,0.000,0.000,0.000,0.000,0.000,0.000,0.000,0.000,1.000,0.000,0.000,0.000,0.000,0.000,0.000,0.000,0.000,0.000,0.000,0.000,1.000,0.000,1.000,0.000,0.000,0.000,0.000,0.000,0.000,0.000,0.000,0.000,0.000,1.000,0.000,0.000,0.000,0.000,0.000,0.000,0.000,0.000,0.000,0.000,0.000,0.000,0.000,0.000,0.000,0.000,1.000,0.000,0.000
0.000,0.000,0.000,0.000,0.000,0.000,0.000,0.000,0.000,0.000,0.000,0.000,0.000,0.000,0.000,0.000,0.000,0.000,0.000,0.000,0.000,0.000,0.000,0.000,0.000,0.000,0.000,0.000,0.000,0.000,1.000,0.000,0.000,0.000,0.000,0.000,0.000,0.000,0.000,0.000,0.000,0.000,0.000,0.000,0.000,0.000,0.000,0.000,0.000,0.000,0.000,0.000,0.000,0.000,0.000,0.000,0.000,0.000,0.000,1.000,0.000,0.000,0.000,0.000,0.000,0.000,0.000,0.000,0.000,0.000,0.000,0.000,0.000,0.000,0.000,0.000,0.000,0.000,0.000,0.000
0.000,0.000,0.000,0.000,0.000,0.000,0.000,0.000,0.000,0.000,0.000,0.000,0.000,0.000,0.000,0.000,0.000,0.000,0.000,0.000,0.000,0.000,0.000,0.000,0.000,0.000,0.000,0.000,0.000,0.000,0.000,0.000,0.000,0.000,0.000,0.000,0.000,0.000,0.000,0.000,0.000,0.000,0.000,0.000,0.000,0.000,0.000,0.000,0.000,0.000,0.000,0.000,0.000,0.000,0.000,0.000,0.000,0.000,0.000,0.000,0.000,0.000,0.000,0.000,0.000,0.000,0.000,0.000,0.000,0.000,0.000,0.000,0.000,0.000,0.000,0.000,0.000,0.000,0.000,0.000
0.000,0.000,0.000,0.000,0.000,0.000,0.000,0.000,0.000,0.000,0.000,0.000,0.000,0.000,0.000,0.000,0.000,0.000,0.000,0.000,0.000,0.000,0.000,0.000,0.000,0.000,0.000,0.000,0.000,0.000,0.000,0.000,0.000,0.000,0.000,0.000,0.000,0.000,0.000,0.000,0.000,0.000,0.000,0.000,0.000,0.000,0.000,0.000,0.000,0.000,0.000,0.000,0.000,0.000,0.000,0.000,0.000,0.000,0.000,0.000,0.000,0.000,0.000,0.000,0.000,0.000,0.000,0.000,0.000,0.000,0.000,0.000,0.000,0.000,0.000,0.000,0.000,0.000,0.000,0.000
0.000,0.000,0.000,0.000,0.000,0.000,0.000,0.000,0.000,0.000,0.000,0.000,0.000,0.000,0.000,0.000,0.000,0.000,0.000,0.000,0.000,0.000,0.000,0.000,0.000,0.000,0.000,0.000,0.000,0.000,0.000,0.000,0.000,0.000,0.000,0.000,0.000,0.000,0.000,0.000,0.000,0.000,0.000,0.000,0.000,0.000,0.000,0.000,0.000,0.000,0.000,0.000,0.000,0.000,0.000,0.000,0.000,0.000,0.000,0.000,0.000,0.000,0.000,0.000,0.000,0.000,0.000,0.000,0.000,0.000,0.000,0.000,0.000,0.000,0.000,0.000,0.000,0.000,0.000,0.000
0.000,0.000,0.000,0.000,0.000,0.000,0.000,0.000,0.000,0.000,0.000,0.000,0.000,0.000,0.000,0.000,0.000,0.000,0.000,0.000,0.000,0.000,0.000,0.000,0.000,0.000,0.000,0.000,0.000,0.000,0.000,0.000,0.000,0.000,0.000,0.000,0.000,0.000,0.000,0.000,0.000,0.000,0.000,1.000,0.000,0.000,0.000,0.000,0.000,0.000,0.000,0.000,0.000,0.000,0.000,0.000,0.000,0.000,0.000,0.000,0.000,0.000,0.000,0.000,0.000,0.000,0.000,0.000,0.000,0.000,0.000,0.000,0.000,0.000,1.000,0.000,0.000,0.000,0.000,0.000
0.000,0.000,0.000,0.000,0.000,0.000,0.000,0.000,0.000,0.000,0.000,0.000,0.000,0.000,0.000,0.000,0.000,0.000,0.000,0.000,0.000,0.000,0.000,0.000,0.000,0.000,0.000,0.000,0.000,0.000,0.000,0.000,0.000,0.000,0.000,0.000,0.000,0.000,0.000,0.000,0.000,0.000,0.000,0.000,0.000,0.000,0.000,0.000,0.000,0.000,0.000,0.000,0.000,0.000,0.000,0.000,0.000,0.000,0.000,0.000,0.000,0.000,0.000,0.000,0.000,0.000,0.000,0.000,0.000,0.000,0.000,0.000,0.000,0.000,0.000,0.000,0.000,0.000,0.000,0.000
0.000,0.000,0.000,0.000,0.000,0.000,0.000,0.000,0.000,0.000,0.000,0.000,0.000,0.000,0.000,0.000,0.000,0.000,0.000,1.000,0.000,0.000,1.000,0.000,0.000,0.000,0.000,0.000,0.000,0.000,0.000,0.000,1.000,0.000,0.000,0.000,0.000,0.000,1.000,0.000,0.000,0.000,0.000,0.000,0.000,0.000,0.000,0.000,0.000,0.000,0.000,0.000,0.000,0.000,0.000,0.000,0.000,0.000,0.000,0.000,0.000,0.000,0.000,0.000,0.000,0.000,0.000,0.000,0.000,0.000,0.000,0.000,1.000,0.000,0.000,0.000,0.000,0.000,0.000,0.000
0.000,0.000,0.000,0.000,0.000,0.000,0.000,0.000,0.000,0.000,0.000,0.000,0.000,0.000,0.000,0.000,0.000,0.000,0.000,0.000,0.000,0.000,0.000,0.000,0.000,0.000,0.000,0.000,0.000,0.000,0.000,0.000,0.000,0.000,0.000,0.000,0.000,0.000,0.000,0.000,0.000,0.000,0.000,0.000,0.000,0.000,0.000,0.000,0.000,0.000,0.000,0.000,0.000,0.000,0.000,0.000,0.000,0.000,0.000,0.000,0.000,0.000,0.000,0.000,0.000,0.000,0.000,0.000,0.000,0.000,0.000,0.000,0.000,0.000,0.000,0.000,0.000,0.000,0.000,0.000
0.000,0.000,0.000,0.000,0.000,0.000,0.000,0.000,0.000,0.000,0.000,0.000,0.000,0.000,0.000,0.000,0.000,0.000,0.000,0.000,0.000,0.000,0.000,0.000,0.000,0.000,0.000,0.000,0.000,0.000,0.000,0.000,0.000,0.000,0.000,0.000,0.000,0.000,0.000,0.000,0.000,0.000,0.000,0.000,0.000,0.000,0.000,0.000,0.000,0.000,0.000,0.000,0.000,0.000,0.000,0.000,0.000,0.000,0.000,0.000,0.000,0.000,0.000,0.000,0.000,0.000,0.000,0.000,0.000,0.000,0.000,0.000,0.000,0.000,0.000,0.000,0.000,0.000,0.000,0.000
0.000,0.000,0.000,0.000,0.000,0.000,0.000,0.000,0.000,0.000,0.000,0.000,0.000,0.000,0.000,0.000,0.000,0.000,0.000,0.000,0.000,0.000,0.000,0.000,0.000,0.000,0.000,0.000,0.000,0.000,0.000,0.000,0.000,0.000,0.000,0.000,0.000,0.000,0.000,0.000,0.000,0.000,0.000,0.000,0.000,0.000,0.000,0.000,0.000,0.000,0.000,0.000,0.000,0.000,0.000,0.000,0.000,0.000,0.000,0.000,0.000,0.000,0.000,0.000,0.000,0.000,0.000,0.000,0.000,0.000,0.000,0.000,0.000,0.000,0.000,0.000,0.000,0.000,0.000,0.000
0.000,0.000,0.000,0.000,0.000,0.000,0.000,0.000,0.000,0.000,0.000,0.000,0.000,0.000,0.000,0.000,0.000,0.000,0.000,0.000,0.000,0.000,0.000,0.000,0.000,0.000,0.000,0.000,0.000,0.000,0.000,0.000,0.000,0.000,0.000,0.000,0.000,0.000,0.000,0.000,0.000,0.000,0.000,0.000,0.000,0.000,0.000,0.000,0.000,0.000,0.000,0.000,0.000,0.000,0.000,0.000,0.000,0.000,0.000,0.000,0.000,0.000,0.000,0.000,0.000,0.000,0.000,0.000,0.000,0.000,0.000,0.000,0.000,0.000,0.000,0.000,0.000,0.000,0.000,0.000
0.000,0.000,0.000,0.000,0.000,0.000,0.000,0.000,0.000,0.000,0.000,0.000,0.000,0.000,1.000,0.000,0.000,0.000,0.000,0.000,0.000,0.000,0.000,0.000,0.000,0.000,0.000,0.000,0.000,0.000,0.000,0.000,0.000,0.000,0.000,0.000,0.000,0.000,0.000,0.000,0.000,0.000,0.000,0.000,0.000,0.000,0.000,0.000,0.000,0.000,0.000,0.000,0.000,0.000,0.000,0.000,0.000,0.000,0.000,0.000,0.000,0.000,0.000,0.000,0.000,0.000,0.000,0.000,0.000,0.000,0.000,0.000,0.000,0.000,0.000,0.000,0.000,0.000,0.000,0.000
0.000,0.000,0.000,0.000,0.000,0.000,0.000,0.000,0.000,0.000,0.000,0.000,0.000,0.000,0.000,0.000,0.000,0.000,0.000,0.000,0.000,0.000,0.000,0.000,0.000,0.000,0.000,0.000,0.000,0.000,0.000,0.000,0.000,0.000,0.000,0.000,0.000,0.000,0.000,0.000,0.000,0.000,0.000,0.000,0.000,0.000,0.000,0.000,0.000,0.000,0.000,0.000,0.000,0.000,0.000,0.000,0.000,0.000,0.000,0.000,0.000,0.000,0.000,0.000,0.000,0.000,0.000,0.000,0.000,0.000,0.000,0.000,0.000,0.000,0.000,0.000,0.000,0.000,0.000,0.000
0.000,0.000,0.000,0.000,0.000,0.000,0.000,0.000,0.000,0.000,0.000,0.000,0.000,0.000,0.000,0.000,0.000,0.000,0.000,0.000,0.000,0.000,0.000,0.000,0.000,0.000,0.000,0.000,0.000,0.000,0.000,0.000,0.000,0.000,0.000,0.000,0.000,0.000,0.000,0.000,0.000,0.000,0.000,0.000,0.000,0.000,0.000,0.000,0.000,0.000,0.000,0.000,0.000,0.000,0.000,0.000,0.000,0.000,0.000,0.000,0.000,0.000,0.000,0.000,0.000,0.000,0.000,0.000,0.000,0.000,0.000,0.000,0.000,0.000,0.000,0.000,0.000,0.000,0.000,0.000
0.000,0.000,0.000,0.000,0.000,0.000,0.000,0.000,0.000,0.000,0.000,0.000,0.000,0.000,0.000,0.000,0.000,0.000,0.000,0.000,0.000,0.000,0.000,0.000,0.000,0.000,0.000,0.000,0.000,0.000,0.000,0.000,0.000,0.000,0.000,0.000,0.000,0.000,0.000,0.000,0.000,0.000,0.000,0.000,0.000,0.000,0.000,0.000,0.000,0.000,0.000,0.000,0.000,0.000,0.000,0.000,0.000,0.000,0.000,0.000,0.000,0.000,0.000,0.000,0.000,0.000,0.000,0.000,0.000,0.000,0.000,0.000,0.000,0.000,0.000,0.000,0.000,0.000,0.000,0.000
0.000,0.000,0.000,0.000,0.000,0.000,0.000,0.000,0.000,0.000,0.000,0.000,0.000,0.000,0.000,0.000,0.000,0.000,0.000,0.000,0.000,0.000,0.000,0.000,0.000,0.000,0.000,0.000,0.000,0.000,0.000,0.000,0.000,0.000,0.000,0.000,0.000,0.000,0.000,0.000,0.000,0.000,0.000,0.000,0.000,0.000,0.000,0.000,0.000,0.000,0.000,0.000,0.000,0.000,0.000,0.000,0.000,0.000,0.000,0.000,0.000,0.000,0.000,0.000,0.000,0.000,0.000,0.000,0.000,0.000,0.000,0.000,0.000,0.000,0.000,0.000,0.000,0.000,0.000,0.000
0.000,0.000,0.000,0.000,0.000,0.000,0.000,0.000,0.000,0.000,0.000,0.000,0.000,0.000,0.000,0.000,0.000,0.000,0.000,0.000,0.000,0.000,0.000,0.000,0.000,0.000,0.000,0.000,0.000,0.000,0.000,0.000,0.000,0.000,0.000,0.000,0.000,0.000,0.000,0.000,0.000,0.000,0.000,0.000,0.000,0.000,0.000,0.000,0.000,0.000,0.000,0.000,0.000,0.000,0.000,0.000,0.000,0.000,0.000,0.000,0.000,0.000,0.000,0.000,0.000,0.000,0.000,0.000,0.000,0.000,0.000,0.000,0.000,0.000,0.000,0.000,0.000,0.000,0.000,0.000
0.000,0.000,0.000,0.000,0.000,0.000,0.000,0.000,0.000,0.000,0.000,0.000,0.000,0.000,0.000,0.000,0.000,0.000,0.000,0.000,0.000,0.000,0.000,0.000,0.000,0.000,0.000,0.000,0.000,0.000,0.000,0.000,0.000,0.000,0.000,0.000,0.000,0.000,0.000,0.000,0.000,0.000,0.000,0.000,0.000,0.000,0.000,0.000,0.000,0.000,0.000,0.000,0.000,0.000,0.000,0.000,0.000,0.000,0.000,0.000,0.000,0.000,0.000,0.000,0.000,0.000,0.000,0.000,0.000,0.000,0.000,0.000,0.000,0.000,0.000,0.000,0.000,0.000,0.000,0.000
0.000,0.000,0.000,0.000,0.000,0.000,0.000,0.000,0.000,0.000,0.000,0.000,0.000,0.000,0.000,0.000,0.000,0.000,0.000,0.000,0.000,0.000,0.000,0.000,0.000,0.000,0.000,0.000,0.000,0.000,0.000,0.000,0.000,0.000,0.000,0.000,0.000,0.000,0.000,0.000,0.000,0.000,0.000,0.000,0.000,0.000,0.000,0.000,0.000,0.000,0.000,0.000,0.000,0.000,0.000,0.000,0.000,0.000,0.000,0.000,0.000,0.000,0.000,0.000,0.000,0.000,0.000,0.000,0.000,0.000,0.000,0.000,0.000,0.000,0.000,0.000,0.000,0.000,0.000,0.000
0.000,0.000,0.000,0.000,0.000,0.000,0.000,0.000,0.000,0.000,1.000,0.000,0.000,0.000,0.000,0.000,0.000,1.000,0.000,0.000,0.000,0.000,0.000,0.000,0.000,0.000,0.000,0.000,0.000,0.000,0.000,0.000,0.000,0.000,0.000,0.000,0.000,0.000,0.000,0.000,0.000,0.000,0.000,0.000,0.000,0.000,0.000,0.000,0.000,0.000,0.000,0.000,0.000,0.000,0.000,0.000,0.000,0.000,0.000,0.000,0.000,0.000,0.000,0.000,0.000,0.000,1.000,0.000,0.000,0.000,0.000,0.000,0.000,0.000,0.000,0.000,0.000,0.000,0.000,0.000
0.000,0.000,0.000,0.000,0.000,0.000,0.000,0.000,0.000,0.000,0.000,0.000,0.000,0.000,0.000,0.000,0.000,0.000,0.000,0.000,0.000,0.000,0.000,0.000,0.000,0.000,0.000,0.000,0.000,0.000,0.000,0.000,0.000,0.000,0.000,0.000,0.000,0.000,0.000,0.000,0.000,0.000,0.000,0.000,0.000,0.000,0.000,0.000,0.000,0.000,0.000,0.000,0.000,0.000,0.000,0.000,0.000,0.000,0.000,0.000,0.000,0.000,0.000,0.000,0.000,0.000,0.000,0.000,0.000,0.000,0.000,0.000,0.000,0.000,0.000,0.000,0.000,0.000,0.000,0.000
0.000,0.000,0.000,0.000,0.000,0.000,0.000,0.000,0.000,0.000,0.000,0.000,0.000,0.000,0.000,0.000,0.000,0.000,0.000,0.000,0.000,0.000,0.000,0.000,0.000,0.000,0.000,0.000,0.000,0.000,0.000,0.000,0.000,0.000,0.000,0.000,0.000,0.000,0.000,0.000,0.000,0.000,0.000,0.000,0.000,0.000,0.000,0.000,0.000,0.000,0.000,0.000,0.000,0.000,0.000,0.000,0.000,0.000,0.000,0.000,0.000,0.000,0.000,0.000,0.000,0.000,0.000,0.000,0.000,0.000,0.000,0.000,0.000,0.000,0.000,0.000,0.000,0.000,0.000,0.000
148.000,177.000,136.000,190.000,195.000,102.000,110.000,191.000,168.000,151.000,131.000,163.000,159.000,170.000,163.000,159.000,179.000,139.000,132.000,101.000,164.000,174.000,152.000,148.000,178.000,161.000,166.000,163.000,152.000,138.000,134.000,111.000,158.000,140.000,197.000,132.000,171.000,183.000,195.000,129.000,199.000,122.000,146.000,153.000,193.000,124.000,149.000,155.000,122.000,111.000,192.000,169.000,134.000,140.000,115.000,125.000,119.000,114.000,115.000,200.000,130.000,122.000,124.000,130.000,117.000,158.000,184.000,134.000,168.000,104.000,183.000,170.000,109.000,170.000,182.000,196.000,157.000,114.000,193.000,151.000
0.000,0.000,0.000,0.000,0.000,0.000,0.000,0.000,0.000,0.000,0.000,0.000,0.000,0.000,0.000,0.000,0.000,0.000,0.000,0.000,0.000,0.000,0.000,0.000,0.000,0.000,0.000,0.000,0.000,0.000,0.000,0.000,0.000,0.000,0.000,0.000,0.000,0.000,0.000,0.000,0.000,0.000,0.000,0.000,0.000,0.000,0.000,0.000,0.000,0.000,0.000,0.000,0.000,0.000,0.000,0.000,0.000,0.000,0.000,0.000,0.000,0.000,0.000,0.000,0.000,0.000,0.000,0.000,0.000,0.000,0.000,0.000,0.000,0.000,0.000,0.000,0.000,0.000,0.000,0.000
332.047
