55.000,42.000,22.000,9.000,48.000,41.000,24.000,11.000,38.000,26.000,71.000,11.000,23.000,92.000,11.000,79.000,58.000,20.000,52.000,83.000,53.000,50.000,35.000,40.000,58.000,16.000,94.000,53.000,50.000,24.000,27.000,33.000,77.000,44.000,5.000,13.000,13.000,95.000,71.000,100.000,31.000,96.000,41.000,24.000,13.000,73.000,30.000,12.000,26.000,31.000,17.000,79.000,31.000,68.000,2.000,1.000,80.000,18.000,89.000,80.000,43.000,76.000,77.000,39.000,15.000,81.000,47.000,29.000,44.000,42.000,78.000,40.000,18.000,27.000,44.000,25.000,83.000,48.000,44.000,27.000
65.000,4.000,57.000,26.000,93.000,25.000,93.000,57.000,9.000,7.000,2.000,15.000,71.000,100.000,58.000,95.000,50.000,57.000,81.000,66.000,74.000,51.000,81.000,89.000,4.000,80.000,10.000,65.000,16.000,46.000,37.000,64.000,39.000,60.000,12.000,18.000,63.000,20.000,61.000,25.000,63.000,70.000,98.000,16.000,32.000,41.000,67.000,72.000,78.000,33.000,45.000,58.000,65.000,2.000,86.000,78.000,80.000,11.000,24.000,98.000,63.000,78.000,42.000,29.000,20.000,20.000,83.000,74.000,58.000,87.000,71.000,39.000,90.000,71.000,48.000,70.000,61.000,10.000,29.000,86.000
85.000,54.000,48.000,88.000,63.000,34.000,97.000,15.000,93.000,19.000,29.000,41.000,55.000,54.000,19.000,75.000,35.000,62.000,59.000,79.000,79.000,51.000,99.000,68.000,28.000,62.000,38.000,38.000,50.000,10.000,67.000,28.000,91.000,82.000,30.000,18.000,51.000,75.000,63.000,41.000,3.000,97.000,59.000,16.000,1.000,51.000,25.000,85.000,44.000,9.000,58.000,40.000,5.000,18.000,68.000,13.000,7.000,9.000,84.000,51.000,57.000,94.000,43.000,81.000,56.000,62.000,34.000,28.000,43.000,30.000,65.000,94.000,39.000,40.000,50.000,49.000,24.000,87.000,100.000,94.000
29.000,50.000,99.000,71.000,7.000,88.000,62.000,25.000,36.000,44.000,12.000,43.000,39.000,85.000,23.000,18.000,90.000,59.000,75.000,59.000,43.000,58.000,50.000,15.000,61.000,37.000,34.000,86.000,6.000,40.000,5.000,33.000,85.000,96.000,7.000,22.000,83.000,90.000,58.000,10.000,79.000,66.000,27.000,42.000,14.000,52.000,40.000,69.000,89.000,23.000,100.000,83.000,9.000,45.000,40.000,13.000,90.000,75.000,5.000,85.000,2.000,80.000,12.000,99.000,48.000,89.000,24.000,36.000,74.000,70.000,62.000,98.000,16.000,71.000,89.000,56.000,97.000,42.000,20.000,50.000
53.000,51.000,75.000,37.000,52.000,34.000,49.000,99.000,77.000,3.000,80.000,59.000,70.000,73.000,20.000,32.000,44.000,13.000,62.000,8.000,96.000,1.000,29.000,12.000,88.000,41.000,33.000,22.000,41.000,58.000,28.000,69.000,83.000,16.000,26.000,34.000,83.000,53.000,76.000,67.000,13.000,26.000,57.000,63.000,14.000,61.000,7.000,78.000,84.000,88.000,11.000,54.000,79.000,3.000,34.000,99.000,27.000,88.000,39.000,38.000,68.000,85.000,14.000,17.000,94.000,29.000,68.000,14.000,24.000,40.000,51.000,44.000,37.000,76.000,74.000,71.000,27.000,71.000,81.000,90.000
3.000,25.000,25.000,73.000,70.000,37.000,61.000,90.000,83.000,60.000,92.000,34.000,29.000,43.000,29.000,10.000,92.000,44.000,2.000,83.000,45.000,86.000,3.000,13.000,27.000,67.000,74.000,87.000,33.000,90.000,88.000,9.000,65.000,78.000,71.000,57.000,60.000,32.000,52.000,24.000,69.000,35.000,37.000,35.000,20.000,90.000,23.000,15.000,65.000,70.000,2.000,75.000,42.000,92.000,98.000,89.000,63.000,22.000,16.000,64.000,1.000,19.000,40.000,91.000,97.000,38.000,97.000,68.000,22.000,25.000,77.000,40.000,87.000,38.000,21.000,66.000,37.000,33.000,33.000,94.000
81.000,45.000,22.000,63.000,49.000,45.000,63.000,28.000,37.000,87.000,76.000,78.000,33.000,7.000,22.000,97.000,35.000,47.000,10.000,61.000,9.000,26.000,56.000,82.000,48.000,40.000,4.000,99.000,74.000,73.000,62.000,63.000,95.000,3.000,11.000,86.000,46.000,53.000,16.000,14.000,11.000,88.000,81.000,49.000,46.000,79.000,77.000,20.000,96.000,32.000,51.000,52.000,24.000,29.000,26.000,40.000,52.000,63.000,83.000,99.000,75.000,34.000,65.000,18.000,89.000,31.000,1.000,81.000,47.000,50.000,9.000,25.000,79.000,61.000,30.000,22.000,94.000,90.000,54.000,66.000
74.000,90.000,80.000,45.000,93.000,46.000,97.000,60.000,82.000,22.000,48.000,39.000,71.000,65.000,16.000,73.000,53.000,72.000,47.000,80.000,8.000,21.000,78.000,6.000,34.000,79.000,85.000,17.000,85.000,21.000,6.000,16.000,13.000,51.000,62.000,61.000,79.000,67.000,83.000,4.000,19.000,79.000,8.000,56.000,14.000,16.000,32.000,100.000,61.000,11.000,20.000,13.000,12.000,22.000,58.000,90.000,83.000,32.000,80.000,1.000,55.000,48.000,92.000,5.000,21.000,93.000,9.000,98.000,71.000,77.000,37.000,26.000,84.000,46.000,42.000,47.000,60.000,63.000,35.000,80.000
20.000,55.000,72.000,25.000,20.000,25.000,41.000,75.000,44.000,3.000,89.000,22.000,25.000,87.000,32.000,68.000,46.000,96.000,98.000,87.000,91.000,49.000,73.000,60.000,36.000,72.000,96.000,97.000,75.000,77.000,17.000,31.000,25.000,86.000,97.000,87.000,37.000,90.000,86.000,51.000,85.000,100.000,14.000,18.000,10.000,17.000,61.000,74.000,57.000,50.000,24.000,83.000,89.000,34.000,43.000,54.000,72.000,89.000,89.000,24.000,58.000,88.000,9.000,90.000,78.000,4.000,67.000,89.000,50.000,51.000,23.000,12.000,61.000,17.000,71.000,24.000,70.000,35.000,98.000,53.000
46.000,58.000,68.000,64.000,6.000,8.000,1.000,67.000,93.000,85.000,7.000,8.000,88.000,29.000,65.000,32.000,77.000,88.000,31.000,9.000,50.000,80.000,73.000,84.000,73.000,5.000,43.000,52.000,14.000,62.000,87.000,36.000,62.000,78.000,19.000,27.000,66.000,8.000,62.000,54.000,89.000,91.000,31.000,89.000,29.000,51.000,22.000,23.000,75.000,57.000,14.000,96.000,88.000,96.000,59.000,12.000,31.000,67.000,74.000,56.000,91.000,39.000,56.000,45.000,61.000,78.000,7.000,59.000,43.000,3.000,45.000,22.000,64.000,8.000,7.000,97.000,95.000,64.000,30.000,8.000
7.000,61.000,39.000,64.000,77.000,6.000,62.000,91.000,3.000,25.000,97.000,32.000,54.000,29.000,82.000,53.000,49.000,98.000,93.000,25.000,60.000,12.000,47.000,73.000,1.000,54.000,29.000,60.000,57.000,75.000,73.000,2.000,77.000,88.000,31.000,11.000,12.000,65.000,78.000,61.000,37.000,29.000,60.000,71.000,74.000,22.000,78.000,71.000,63.000,68.000,99.000,5.000,24.000,44.000,82.000,60.000,8.000,76.000,64.000,21.000,25.000,40.000,86.000,84.000,95.000,38.000,81.000,96.000,49.000,15.000,67.000,60.000,71.000,54.000,98.000,57.000,37.000,77.000,11.000,48.000
79.000,9.000,43.000,3.000,45.000,13.000,56.000,27.000,46.000,47.000,92.000,78.000,15.000,74.000,18.000,74.000,89.000,36.000,36.000,88.000,88.000,85.000,65.000,3.000,50.000,17.000,73.000,97.000,64.000,25.000,30.000,78.000,93.000,52.000,3.000,31.000,54.000,19.000,67.000,2.000,63.000,21.000,77.000,95.000,100.000,42.000,81.000,98.000,27.000,48.000,99.000,28.000,61.000,19.000,91.000,73.000,42.000,46.000,52.000,94.000,39.000,56.000,22.000,13.000,98.000,19.000,7.000,50.000,75.000,78.000,83.000,41.000,93.000,72.000,92.000,79.000,49.000,48.000,6.000,49.000
93.000,99.000,84.000,35.000,54.000,10.000,44.000,45.000,57.000,66.000,46.000,7.000,47.000,21.000,12.000,30.000,51.000,3.000,57.000,37.000,65.000,39.000,84.000,94.000,45.000,45.000,86.000,65.000,75.000,74.000,14.000,55.000,24.000,57.000,20.000,44.000,99.000,13.000,56.000,44.000,84.000,93.000,16.000,79.000,22.000,93.000,19.000,29.000,9.000,5.000,98.000,65.000,41.000,53.000,6.000,9.000,24.000,4.000,32.000,93.000,13.000,43.000,42.000,39.000,54.000,4.000,65.000,42.000,45.000,82.000,15.000,48.000,51.000,73.000,98.000,54.000,9.000,59.000,36.000,72.000
9.000,99.000,20.000,23.000,46.000,20.000,15.000,50.000,16.000,48.000,83.000,15.000,97.000,80.000,70.000,41.000,18.000,77.000,26.000,40.000,14.000,55.000,68.000,14.000,17.000,65.000,72.000,72.000,7.000,77.000,95.000,24.000,28.000,89.000,11.000,74.000,81.000,65.000,24.000,89.000,71.000,92.000,55.000,18.000,47.000,81.000,97.000,10.000,74.000,28.000,15.000,63.000,69.000,79.000,100.000,8.000,19.000,39.000,17.000,31.000,76.000,28.000,58.000,31.000,1.000,74.000,36.000,36.000,52.000,49.000,3.000,90.000,71.000,98.000,95.000,67.000,54.000,92.000,12.000,31.000
27.000,99.000,7.000,42.000,59.000,17.000,90.000,89.000,38.000,12.000,78.000,93.000,78.000,86.000,53.000,8.000,16.000,58.000,39.000,45.000,79.000,10.000,40.000,62.000,89.000,68.000,20.000,60.000,88.000,60.000,39.000,79.000,42.000,21.000,77.000,77.000,6.000,61.000,53.000,10.000,39.000,50.000,19.000,32.000,72.000,36.000,82.000,89.000,27.000,7.000,59.000,76.000,19.000,86.000,22.000,47.000,32.000,72.000,91.000,12.000,60.000,92.000,54.000,25.000,49.000,37.000,19.000,73.000,5.000,37.000,93.000,37.000,9.000,73.000,88.000,51.000,68.000,52.000,76.000,25.000
20.000,5.000,79.000,98.000,11.000,66.000,37.000,33.000,96.000,13.000,91.000,46.000,55.000,91.000,92.000,41.000,91.000,42.000,44.000,83.000,73.000,8.000,72.000,92.000,19.000,20.000,51.000,11.000,73.000,85.000,9.000,21.000,90.000,91.000,95.000,82.000,80.000,49.000,45.000,59.000,46.000,100.000,2.000,25.000,19.000,40.000,20.000,99.000,47.000,67.000,27.000,11.000,13.000,33.000,16.000,9.000,28.000,21.000,35.000,38.000,12.000,35.000,33.000,2.000,64.000,54.000,45.000,56.000,43.000,56.000,29.000,38.000,94.000,40.000,51.000,54.000,43.000,91.000,23.000,37.000
79.000,63.000,71.000,4.000,14.000,42.000,21.000,91.000,81.000,99.000,59.000,22.000,62.000,41.000,74.000,34.000,24.000,32.000,37.000,38.000,26.000,87.000,90.000,18.000,30.000,59.000,27.000,16.000,20.000,88.000,53.000,79.000,91.000,4.000,10.000,80.000,43.000,48.000,81.000,88.000,30.000,69.000,24.000,34.000,33.000,95.000,26.000,44.000,75.000,35.000,34.000,56.000,52.000,98.000,91.000,57.000,54.000,52.000,9.000,70.000,46.000,61.000,27.000,29.000,11.000,35.000,49.000,45.000,87.000,36.000,34.000,30.000,60.000,39.000,50.000,98.000,13.000,30.000,39.000,28.000
91.000,82.000,88.000,95.000,32.000,61.000,100.000,86.000,40.000,48.000,48.000,76.000,91.000,67.000,55.000,64.000,91.000,34.000,97.000,55.000,24.000,25.000,45.000,15.000,64.000,91.000,5.000,84.000,92.000,29.000,35.000,37.000,90.000,61.000,62.000,5.000,21.000,77.000,26.000,62.000,30.000,42.000,96.000,34.000,50.000,38.000,37.000,84.000,10.000,58.000,14.000,71.000,69.000,6.000,14.000,42.000,70.000,99.000,84.000,7.000,69.000,14.000,3.000,18.000,44.000,55.000,97.000,39.000,63.000,94.000,1.000,17.000,21.000,59.000,20.000,29.000,11.000,87.000,14.000,9.000
28.000,77.000,96.000,94.000,4.000,8.000,46.000,54.000,74.000,93.000,53.000,49.000,58.000,74.000,27.000,34.000,94.000,41.000,90.000,8.000,13.000,45.000,5.000,97.000,73.000,75.000,59.000,88.000,98.000,20.000,40.000,16.000,46.000,29.000,28.000,85.000,91.000,90.000,54.000,96.000,84.000,44.000,10.000,45.000,40.000,55.000,65.000,92.000,58.000,54.000,30.000,61.000,9.000,1.000,44.000,35.000,8.000,93.000,19.000,37.000,12.000,38.000,75.000,88.000,100.000,40.000,84.000,18.000,28.000,98.000,65.000,5.000,21.000,61.000,10.000,71.000,40.000,63.000,93.000,67.000
92.000,61.000,99.000,86.000,27.000,85.000,14.000,99.000,63.000,13.000,31.000,7.000,17.000,69.000,85.000,14.000,41.000,92.000,82.000,55.000,82.000,21.000,25.000,49.000,68.000,32.000,3.000,2.000,81.000,41.000,96.000,64.000,44.000,41.000,91.000,51.000,94.000,47.000,27.000,57.000,51.000,3.000,14.000,85.000,89.000,58.000,95.000,11.000,7.000,94.000,65.000,5.000,53.000,35.000,66.000,71.000,94.000,58.000,85.000,82.000,29.000,70.000,58.000,64.000,5.000,94.000,29.000,10.000,95.000,65.000,48.000,5.000,50.000,69.000,45.000,33.000,69.000,75.000,52.000,57.000
17.000,36.000,21.000,79.000,15.000,46.000,39.000,46.000,98.000,6.000,34.000,97.000,31.000,56.000,54.000,22.000,54.000,16.000,44.000,96.000,20.000,9.000,82.000,30.000,28.000,2.000,36.000,96.000,64.000,56.000,4.000,60.000,68.000,37.000,73.000,25.000,87.000,95.000,21.000,48.000,96.000,44.000,72.000,42.000,89.000,2.000,74.000,59.000,42.000,58.000,13.115,15.000,41.000,57.000,11.000,87.000,90.000,61.000,39.000,8.000,87.000,72.000,58.000,87.000,66.000,57.000,79.000,60.000,6.000,44.000,25.000,53.000,99.000,3.000,74.000,4.000,55.000,4.000,56.000,38.000
78.000,99.000,96.000,38.000,57.000,74.000,88.000,76.000,14.000,86.000,49.000,74.000,33.000,46.000,11.000,14.000,89.000,98.000,44.000,75.000,87.000,30.000,77.000,45.000,23.000,22.000,11.000,27.000,84.000,71.000,42.000,57.000,97.000,12.000,75.000,3.000,44.000,20.000,38.000,80.000,66.000,72.000,87.000,37.000,96.000,13.000,24.000,25.000,9.000,20.000,89.000,69.000,1.000,45.000,90.000,40.000,15.000,89.000,42.000,100.000,17.000,93.000,63.000,39.000,22.000,60.000,7.000,99.000,19.000,32.000,89.000,12.000,26.000,77.000,42.000,62.000,30.000,83.000,55.000,55.000
84.000,18.000,69.000,17.000,74.000,23.000,47.000,22.000,34.000,15.000,84.000,44.000,42.000,85.000,30.000,60.000,29.000,37.000,62.000,83.000,72.000,67.000,74.000,37.000,60.000,26.000,62.000,8.000,29.000,68.000,61.000,79.000,23.000,84.000,48.000,36.000,56.000,88.000,1.000,9.000,30.000,84.000,73.000,65.000,67.000,51.000,62.000,52.000,83.000,58.000,75.000,76.000,60.000,9.000,48.000,63.000,98.000,94.000,42.000,10.000,47.000,17.000,15.000,26.000,66.000,23.000,16.000,9.000,95.000,18.000,20.000,48.000,36.000,47.000,89.000,48.000,2.000,63.000,11.000,70.000
57.000,55.000,100.000,58.000,75.000,7.000,44.000,90.000,34.000,13.000,55.000,17.000,63.000,41.000,42.000,31.000,54.000,74.000,45.000,38.000,13.000,38.000,23.000,31.000,85.000,89.000,54.000,22.000,47.000,98.000,23.000,64.000,82.000,54.000,91.000,81.000,11.000,55.000,3.000,58.000,39.000,72.000,59.000,81.000,41.000,75.000,61.000,87.000,90.000,93.000,8.000,8.000,39.000,79.000,91.000,57.000,67.000,58.000,51.000,22.000,91.000,85.000,81.000,6.000,78.000,90.000,79.000,57.000,86.000,80.000,60.000,79.000,3.000,38.000,39.000,95.000,91.000,50.000,70.000,8.000
20.000,61.000,26.000,28.000,51.000,36.000,82.000,36.000,19.000,41.000,65.000,14.000,29.000,85.000,54.000,8.000,76.000,28.000,94.000,41.000,37.000,13.000,84.000,25.000,69.000,39.000,29.000,13.000,74.000,44.000,51.000,62.000,26.000,49.000,30.000,83.000,37.000,15.000,53.000,61.000,37.000,99.000,20.000,57.000,55.000,24.000,76.000,6.000,51.000,44.000,40.000,83.000,95.000,25.000,37.000,1.000,68.000,49.000,83.000,84.000,27.000,97.000,18.000,6.000,1.000,77.000,71.000,48.000,23.000,30.000,41.000,23.000,83.000,81.000,19.000,93.000,70.000,62.000,55.000,44.000
25.000,26.000,12.000,43.000,90.000,8.000,31.000,21.000,53.000,47.000,46.000,95.000,28.000,27.000,81.000,71.000,69.000,1.000,92.000,2.000,25.000,92.000,77.000,75.000,61.000,71.000,38.000,95.000,12.000,96.000,45.000,3.000,100.000,4.000,17.000,60.000,30.000,37.000,35.000,49.000,61.000,24.000,9.000,27.000,60.000,42.000,89.000,69.000,82.000,65.000,29.000,96.000,28.000,9.000,49.000,64.000,100.000,61.000,22.000,50.000,14.000,75.000,20.000,48.000,9.000,16.000,13.000,92.000,49.000,5.000,41.000,9.000,33.000,18.000,42.000,14.000,5.000,26.000,7.000,96.000
85.000,90.000,10.000,59.000,59.000,84.000,27.000,9.000,58.000,44.000,78.000,3.000,66.000,32.000,28.000,11.000,11.000,20.000,19.000,31.000,2.000,22.424,15.000,36.000,57.000,72.000,5.000,73.000,74.000,40.000,35.000,90.000,17.000,49.000,83.000,48.000,64.000,74.000,26.000,41.000,23.000,30.000,24.000,64.000,39.000,82.000,76.000,25.000,99.000,69.000,89.000,52.000,56.000,56.000,68.000,6.000,24.000,1.000,13.000,81.000,54.000,34.000,41.000,11.000,47.000,59.000,48.000,95.000,17.000,40.000,96.000,17.000,36.000,96.000,38.000,49.000,13.000,68.000,1.000,35.000
18.000,96.000,93.000,35.000,14.000,25.000,69.000,71.000,63.000,3.000,71.000,74.000,4.000,33.000,43.000,67.000,26.000,63.000,95.000,95.000,68.000,35.000,10.000,17.000,75.000,59.000,70.000,22.000,84.000,69.000,97.000,61.000,95.000,96.000,31.000,32.000,41.000,25.000,8.000,77.000,58.000,32.000,65.000,29.000,13.000,52.000,85.000,77.000,81.000,99.000,98.000,80.000,35.000,38.000,98.000,73.000,28.000,5.000,98.000,54.000,70.000,39.000,88.000,46.000,55.000,77.000,59.000,60.000,10.000,80.000,5.000,19.000,17.000,41.000,10.000,100.000,84.000,11.000,99.000,57.000
76.000,59.000,61.000,78.000,45.000,36.000,14.000,14.000,42.000,65.000,60.000,39.000,4.000,62.000,32.000,1.000,40.000,22.000,32.000,28.000,5.000,23.000,9.000,96.000,33.000,94.000,70.000,58.000,42.000,22.000,67.000,89.000,26.000,99.000,88.000,11.000,92.000,38.000,23.000,87.000,33.000,81.000,2.000,49.000,16.000,51.000,20.000,52.000,25.000,70.000,91.000,61.000,25.000,33.000,37.000,72.000,36.000,70.000,84.000,19.000,3.000,80.000,66.000,66.000,55.000,3.000,54.000,29.000,23.000,91.000,3.000,82.000,93.000,93.000,96.000,7.000,75.000,77.000,22.000,23.000
44.000,8.000,26.000,41.000,35.000,40.000,72.000,34.000,92.000,35.000,66.000,92.000,70.000,11.590,65.000,91.000,27.000,16.000,70.000,72.000,64.000,67.000,76.000,100.000,57.000,56.000,11.000,49.000,90.000,77.000,95.000,36.000,23.000,32.000,83.000,20.000,5.000,57.000,59.000,15.000,86.000,80.000,3.000,83.000,22.137,15.000,25.000,76.000,21.791,40.000,96.000,8.000,89.000,7.000,66.000,44.000,58.000,20.000,63.000,2.201,40.000,34.000,21.000,16.000,67.000,3.000,91.000,36.000,71.000,59.000,48.000,41.000,51.000,100.000,34.000,40.000,98.000,59.000,74.000,27.000
95.000,61.000,58.000,82.000,82.000,13.000,16.000,23.000,88.000,90.000,78.000,82.000,47.000,5.000,45.000,68.000,38.000,89.000,29.000,24.000,71.000,17.000,44.000,73.000,67.000,14.000,7.000,31.000,53.000,45.000,30.000,70.000,9.000,53.000,70.000,88.000,30.000,83.000,29.000,68.000,15.000,87.000,51.000,10.000,40.000,54.000,32.000,33.000,71.000,18.000,92.000,30.000,66.000,12.000,29.000,75.000,57.000,91.000,25.000,56.000,67.000,52.000,22.000,3.000,56.000,47.000,76.000,71.000,98.000,75.000,98.000,21.000,63.000,63.000,27.000,93.000,73.000,47.000,71.000,37.000
17.000,82.000,74.000,38.000,75.000,83.000,17.000,27.000,50.000,28.000,5.000,82.000,70.000,93.000,37.000,14.000,2.000,81.000,15.000,29.000,39.000,62.000,72.000,60.000,72.000,19.000,51.000,5.000,4.000,59.000,18.000,89.000,49.000,97.000,82.000,62.000,61.000,61.000,10.000,53.000,41.000,33.000,9.000,17.000,51.000,21.000,65.000,22.000,37.000,65.000,4.000,98.000,47.000,60.000,61.000,47.000,56.000,85.000,89.000,62.000,19.381,9.000,65.000,56.000,83.000,44.000,38.000,26.000,97.000,44.000,42.000,22.000,82.000,78.000,16.000,52.000,57.000,29.000,5.000,70.000
93.000,64.000,91.000,78.000,21.000,45.000,70.000,66.000,41.000,92.000,30.000,67.000,49.000,63.000,31.000,22.000,74.000,65.000,22.000,45.000,96.000,29.000,29.000,93.000,32.000,43.000,11.000,1.000,16.000,59.000,57.000,99.000,68.000,43.000,66.000,99.000,47.000,56.000,9.000,98.000,64.000,90.000,53.000,8.000,92.000,70.000,32.000,63.000,53.000,50.000,56.000,11.000,62.000,51.000,33.000,90.000,78.000,31.000,13.000,27.000,33.000,48.000,41.000,24.000,49.000,99.000,8.000,5.000,10.000,83.000,6.000,15.000,98.000,5.000,47.000,50.000,92.000,65.000,40.000,42.000
95.000,84.000,92.000,99.000,97.000,57.000,50.000,5.000,30.000,81.000,70.000,18.000,27.000,86.000,88.000,96.000,2.000,90.000,18.000,10.000,100.000,26.000,55.000,53.000,31.000,73.000,78.000,6.000,80.000,63.000,1.000,48.000,88.000,4.000,43.000,62.000,27.000,80.000,33.000,39.000,34.000,5.000,89.000,100.000,68.000,27.000,59.000,4.000,80.000,53.000,62.000,34.000,100.000,46.000,81.000,85.000,99.000,60.000,60.000,79.000,22.000,8.000,19.000,47.000,17.000,46.000,47.000,37.000,28.000,55.000,47.000,11.000,73.000,10.000,21.000,39.000,87.000,56.000,83.000,46.000
48.000,65.000,69.000,37.000,9.597,13.388,58.000,96.000,41.000,22.000,34.000,78.000,10.000,2.000,13.000,86.000,21.000,97.000,23.000,59.000,51.000,84.000,8.000,52.000,40.000,48.000,19.000,7.000,80.000,45.000,38.000,51.000,4.000,53.000,26.000,85.000,67.000,7.000,71.000,57.000,26.000,74.000,32.000,16.000,28.000,68.000,26.000,97.000,53.000,10.000,87.000,50.000,70.000,90.000,73.000,14.000,85.000,10.000,7.000,95.000,90.000,26.388,21.000,4.000,92.000,20.000,4.000,18.000,56.000,83.000,24.000,61.000,19.640,28.000,66.000,45.000,97.000,50.000,14.000,8.000
87.000,54.000,41.000,48.000,7.000,23.000,32.000,61.000,54.000,74.000,30.000,91.000,88.000,55.000,79.000,71.000,86.000,29.000,30.000,92.000,82.000,44.000,3.000,9.000,18.000,91.000,3.000,40.000,3.000,5.000,23.000,68.000,77.000,79.000,6.000,7.000,40.000,65.000,8.000,45.000,67.000,25.000,80.000,17.000,100.000,61.000,63.000,49.000,59.000,83.000,64.000,52.000,38.000,44.000,65.000,54.000,24.000,14.000,64.000,14.000,40.000,67.000,34.000,17.000,25.000,37.000,31.000,5.000,80.000,61.000,48.000,36.000,59.000,55.000,26.000,68.000,73.000,97.000,79.000,63.000
43.000,15.000,75.000,14.000,34.000,68.000,64.000,17.000,84.000,93.000,87.000,55.000,8.000,7.000,49.000,9.000,98.000,95.000,43.000,3.000,14.000,8.000,89.000,64.000,86.000,66.000,45.000,57.000,76.000,55.000,51.000,98.000,14.000,29.000,23.000,8.000,75.000,28.000,92.000,89.000,62.000,72.000,60.000,12.000,90.000,34.000,47.000,91.000,75.000,35.000,71.000,35.000,69.000,4.000,69.000,3.000,26.000,30.000,14.000,57.000,96.000,100.000,16.000,55.000,15.000,32.000,50.000,3.000,94.000,62.000,89.000,6.000,40.000,96.000,24.000,53.000,4.000,42.000,98.000,10.000
48.000,80.000,53.000,90.000,90.000,54.000,85.000,36.000,37.000,94.000,64.000,63.000,88.000,98.000,63.000,69.000,64.000,4.000,25.000,15.000,50.000,96.000,95.000,5.000,16.000,100.000,53.000,37.000,57.000,84.000,36.000,28.000,81.000,33.000,75.000,12.000,32.000,76.000,44.000,55.000,23.000,88.000,89.000,23.000,82.000,39.000,15.000,79.000,80.000,93.000,41.000,90.000,72.000,55.000,18.000,9.000,92.000,56.000,89.000,23.000,56.000,66.000,29.000,19.000,46.000,71.000,15.000,2.000,21.000,51.000,82.000,22.000,65.000,12.000,88.000,34.000,88.000,6.000,3.000,95.000
95.000,52.000,12.000,74.000,34.000,78.000,19.000,11.000,66.000,43.000,26.000,71.000,43.000,21.000,22.000,40.000,73.000,46.000,12.000,36.000,22.000,82.000,69.000,2.000,90.000,20.000,66.000,55.000,8.000,33.000,16.000,70.000,7.000,61.000,53.000,46.000,46.000,70.000,84.000,97.000,84.000,21.000,65.000,87.000,70.000,21.000,52.000,21.000,99.000,85.000,51.000,99.000,10.000,53.000,65.000,30.000,47.000,65.000,66.000,60.000,3.000,78.000,46.000,42.000,17.000,64.000,60.000,91.000,32.000,3.000,74.000,38.000,88.000,55.000,10.000,87.000,80.000,47.000,25.000,75.000
92.000,1.000,26.000,65.000,26.000,84.000,34.000,96.000,59.000,89.000,2.000,21.000,82.000,41.000,68.000,73.000,21.000,73.000,49.000,5.000,42.000,42.000,68.000,23.000,33.000,82.000,38.000,32.000,16.000,26.000,17.000,50.000,27.000,37.000,92.000,70.000,26.000,70.000,100.000,66.000,61.000,68.000,80.000,11.000,9.000,46.000,51.000,64.000,18.000,9.000,28.000,53.000,95.000,2.000,71.000,98.000,30.000,67.000,74.000,30.000,49.000,81.000,29.000,79.000,80.000,38.000,76.000,40.000,64.000,74.000,15.000,15.000,81.000,41.000,17.000,36.000,34.000,53.000,46.000,36.000
83.000,4.000,84.000,15.000,75.000,49.000,89.000,59.000,51.000,25.000,52.000,76.000,61.000,6.000,62.000,14.424,93.000,63.000,11.525,91.000,88.000,33.000,62.000,37.000,16.000,73.000,9.000,15.000,63.000,79.000,93.000,14.000,5.000,22.000,3.000,31.000,59.000,49.000,21.000,95.000,38.000,80.000,1.000,42.000,26.000,15.000,81.000,72.000,2.000,20.000,2.000,8.000,24.000,53.000,56.000,41.000,34.000,76.000,85.000,65.000,71.000,78.000,92.000,67.000,63.000,45.000,18.000,82.000,28.000,38.000,72.000,13.000,92.000,60.000,88.000,81.000,89.000,90.000,86.000,58.000
31.000,54.000,62.000,4.000,91.000,15.000,68.000,62.000,33.000,10.000,93.000,40.000,37.000,89.000,96.000,61.000,69.000,70.000,35.000,80.000,54.000,75.000,95.000,46.000,70.000,6.000,21.000,81.000,91.000,93.000,100.000,30.000,84.000,3.000,80.000,100.000,2.000,14.000,51.000,12.000,11.000,24.000,26.000,16.000,33.000,89.000,25.000,71.000,65.000,84.000,24.000,77.000,71.000,37.000,54.000,11.000,15.000,39.000,14.000,87.000,2.000,62.000,89.000,63.000,26.000,61.000,20.000,12.000,62.000,3.000,20.000,63.000,66.000,50.000,64.000,35.000,26.000,14.000,24.000,32.000
11.000,40.000,10.000,42.000,94.000,71.000,7.000,47.000,43.000,14.000,83.000,87.000,34.000,74.000,32.000,31.000,21.000,38.000,82.000,20.000,22.000,80.000,86.000,22.000,36.000,60.000,27.000,48.000,47.000,37.000,78.000,32.000,20.000,85.000,92.000,70.000,68.000,8.000,81.000,97.000,1.000,26.000,62.000,77.000,25.000,70.000,31.000,98.000,5.000,64.000,61.000,12.000,73.000,98.000,69.000,81.000,51.000,67.000,55.000,97.000,68.000,23.000,83.000,13.000,56.000,54.000,36.000,20.000,14.000,54.000,69.000,12.000,20.000,4.000,25.000,50.000,78.000,17.000,54.000,63.000
91.000,14.000,69.000,2.000,100.000,84.000,50.000,53.000,75.000,8.000,34.000,3.000,51.000,42.000,42.000,78.000,60.000,65.000,25.000,92.000,30.000,100.000,43.000,74.000,42.000,45.000,11.000,90.000,68.000,90.000,3.000,29.000,72.000,58.000,55.000,63.000,75.000,97.000,64.000,46.000,22.000,97.000,55.000,59.000,16.000,26.000,99.000,63.000,68.000,20.000,72.000,53.000,28.000,78.000,21.000,75.000,61.000,55.000,66.000,58.000,39.000,14.000,94.000,39.000,12.000,64.000,55.000,73.000,94.000,49.000,56.000,95.000,64.000,99.000,84.000,36.000,76.000,73.000,79.000,78.000
77.000,76.000,46.000,21.000,30.000,50.000,13.000,87.000,39.000,28.000,66.000,43.000,35.000,78.000,82.000,36.000,95.000,75.000,56.000,25.000,67.000,36.000,94.000,20.000,7.000,13.000,74.000,96.000,81.000,90.000,39.000,19.000,90.000,59.000,25.000,29.000,24.000,19.000,9.000,24.000,21.000,86.000,81.000,38.000,34.000,48.000,79.000,59.000,53.000,26.000,81.000,93.000,43.000,22.000,66.000,80.000,62.000,42.000,38.000,29.000,34.000,11.000,69.000,81.000,75.000,75.000,85.000,25.000,26.000,99.000,82.000,97.000,78.000,99.000,24.000,88.000,16.000,7.000,13.000,99.000
35.000,14.000,52.000,72.000,1.000,55.000,50.000,99.000,56.000,39.000,16.000,83.000,49.000,38.000,26.000,71.000,23.000,13.000,22.000,75.000,15.000,78.000,73.000,28.000,73.000,83.000,55.000,70.000,83.000,53.000,27.000,85.000,15.000,68.000,30.000,4.000,91.000,28.000,66.000,16.000,51.000,76.000,65.000,7.000,29.000,69.000,28.000,75.000,100.000,18.000,38.000,96.000,88.000,15.000,39.000,23.000,95.000,22.000,28.000,98.000,54.000,8.000,95.000,49.000,66.000,80.000,40.000,66.000,38.000,7.000,8.000,26.000,8.000,23.000,94.000,61.000,72.000,50.000,10.000,1.000
63.000,46.000,98.000,87.000,50.000,16.000,42.000,56.000,24.000,62.000,39.000,42.000,96.000,58.000,91.000,8.000,49.000,61.000,29.000,3.000,97.000,14.000,18.000,34.000,2.000,29.000,33.000,22.000,2.000,40.000,80.000,7.000,28.000,60.000,83.000,87.000,85.000,8.000,98.000,1.000,46.000,83.000,75.000,66.000,38.000,79.000,25.000,66.000,58.000,23.000,48.000,87.000,52.000,99.000,93.000,48.000,14.000,96.000,84.000,38.000,92.000,25.000,26.000,41.000,94.000,39.000,90.000,14.000,51.000,59.000,23.000,13.000,46.000,52.000,15.000,4.000,92.000,75.000,47.000,81.000
67.000,36.000,49.000,77.000,100.000,12.000,80.000,9.000,5.000,51.000,67.000,11.000,9.000,70.000,2.000,54.000,71.000,98.000,10.000,74.000,48.000,79.000,61.000,27.000,44.000,39.000,79.000,97.000,98.000,63.000,41.000,48.000,60.000,60.000,2.000,12.000,94.000,85.000,76.000,98.000,48.000,44.000,71.000,86.000,72.000,20.000,82.000,46.000,36.000,60.000,55.000,21.000,15.000,41.000,33.000,72.000,24.000,100.000,51.000,49.000,4.000,30.000,66.000,86.000,47.000,6.000,75.000,22.000,40.000,40.000,70.000,97.000,75.000,55.000,41.000,68.000,64.000,78.000,95.000,11.000
63.000,11.000,18.000,27.000,54.000,65.000,87.000,82.000,63.000,8.000,16.000,71.000,97.000,52.000,64.000,41.000,69.000,32.000,37.000,49.000,23.000,41.000,44.000,39.000,92.000,41.000,28.000,50.000,82.000,58.000,1.000,31.000,11.000,16.000,39.000,51.000,15.000,41.000,71.000,5.000,60.000,67.000,56.000,29.000,49.000,81.000,59.000,40.000,93.000,60.000,14.000,49.000,90.000,1.000,56.000,88.000,20.000,38.000,78.000,16.000,63.000,29.000,91.000,32.000,48.000,89.000,60.000,64.000,78.000,27.000,89.000,74.000,12.000,35.000,82.000,85.000,77.000,33.000,77.000,44.000
77.000,56.000,10.000,4.000,22.000,70.000,74.000,89.000,21.000,64.000,7.000,19.000,62.000,87.000,13.000,52.000,38.000,84.000,55.000,83.000,68.000,93.000,11.000,10.000,46.000,36.000,14.000,4.000,59.000,56.000,96.000,50.000,78.000,24.000,55.000,96.000,21.000,49.000,90.000,93.000,15.000,77.000,96.000,13.000,60.000,92.000,64.000,12.000,67.000,90.000,62.000,25.000,29.000,33.000,19.000,34.000,43.000,25.000,43.000,49.000,47.000,39.000,19.000,32.000,70.000,91.000,29.000,51.000,38.000,82.000,75.000,71.000,98.000,56.000,16.000,26.000,46.000,23.000,91.000,1.000
28.000,58.000,57.000,68.000,30.000,39.000,38.000,18.000,7.000,77.000,64.000,51.000,53.000,63.000,31.000,19.000,63.000,3.000,93.000,76.000,6.000,79.000,15.000,86.000,41.000,90.000,10.000,27.000,23.000,54.000,80.000,28.000,25.000,29.000,80.000,46.000,50.000,63.000,54.000,72.000,93.000,70.000,34.000,93.000,59.000,91.000,51.000,65.000,40.000,12.000,85.000,54.000,3.000,87.000,19.000,46.000,23.000,24.000,1.000,37.000,93.000,32.000,34.000,43.000,99.000,55.000,38.000,45.000,20.000,14.000,91.000,3.000,92.000,63.000,81.000,48.000,61.000,23.000,26.000,85.000
77.000,72.000,34.000,12.000,78.000,5.000,33.000,84.000,12.000,100.000,48.000,71.000,69.000,8.000,70.000,74.000,91.000,70.000,50.000,63.000,99.000,60.000,16.000,22.000,8.000,57.000,78.000,91.000,4.000,43.000,61.000,84.000,63.000,25.000,18.000,45.000,80.000,82.000,74.000,15.000,57.000,41.000,92.000,52.000,44.000,1.000,50.000,51.000,9.000,47.000,70.000,15.000,19.000,99.000,16.000,44.000,17.000,41.000,26.000,7.000,28.000,29.000,30.000,37.000,79.000,1.000,60.000,100.000,29.000,49.000,58.000,7.000,49.000,37.000,77.000,66.000,72.000,1.000,90.000,63.000
21.000,93.000,2.000,32.000,1.000,57.000,3.000,98.000,52.000,81.000,41.000,25.000,71.000,89.000,1.000,39.000,4.000,18.000,93.000,29.000,55.000,35.000,80.000,65.000,58.000,77.000,43.000,46.000,85.000,49.000,72.000,64.000,69.000,51.000,57.000,37.000,76.000,11.000,74.000,37.000,22.000,39.000,20.000,17.000,28.000,53.000,81.000,85.000,49.000,78.000,69.000,19.000,95.000,2.000,16.000,40.000,78.000,94.000,27.000,55.000,85.000,34.000,37.000,52.000,33.000,31.000,52.000,73.000,95.000,47.000,89.000,34.000,90.000,25.000,30.000,8.000,24.000,56.000,84.000,47.000
86.000,4.000,80.000,52.000,22.000,4.000,58.000,62.000,85.000,87.000,10.000,28.000,80.000,24.000,95.000,84.000,49.000,43.000,57.000,59.000,42.000,32.000,86.000,81.000,20.000,16.000,35.000,58.000,46.000,5.000,6.000,7.000,43.000,18.000,12.000,24.000,50.000,44.000,31.000,95.000,83.000,69.000,70.000,6.000,94.000,31.000,16.000,2.000,47.000,95.000,69.000,9.000,38.000,94.000,31.000,46.000,18.000,99.000,28.000,69.000,58.000,38.000,17.000,71.000,28.000,85.000,73.000,9.000,39.000,87.000,78.000,11.000,48.000,60.000,59.000,47.000,52.000,19.000,71.000,96.000
17.000,42.000,82.000,33.000,39.000,15.000,61.000,5.000,81.000,77.000,68.000,15.000,87.000,78.000,7.000,51.000,81.000,17.000,77.000,70.000,83.000,92.000,61.000,100.000,57.000,5.000,51.000,43.000,56.000,54.000,72.000,39.000,16.000,74.000,96.000,100.000,42.000,60.000,57.000,49.000,25.000,60.000,91.000,40.000,26.000,72.000,14.000,46.000,58.000,5.000,71.000,44.000,11.000,61.000,45.000,60.000,48.000,12.000,47.000,81.000,46.000,55.000,17.000,75.000,100.000,11.000,89.000,62.000,8.000,44.000,28.000,39.000,73.000,8.000,24.000,74.000,50.000,93.000,45.000,87.000
33.000,50.000,45.000,91.000,66.000,48.000,36.000,10.000,12.000,81.000,10.000,98.000,10.000,88.000,62.000,40.000,74.000,61.000,95.000,19.000,9.000,14.000,89.000,25.647,14.000,72.000,35.000,17.000,16.000,15.000,39.000,91.000,49.000,75.000,58.000,54.000,78.000,5.000,92.000,97.000,38.000,100.000,12.000,8.000,43.000,12.000,26.000,45.000,53.000,20.000,4.000,82.000,99.000,71.000,9.000,33.000,45.000,86.000,51.000,32.000,70.000,13.000,24.000,42.000,10.000,65.000,84.000,6.000,30.000,44.000,87.000,53.000,24.000,32.000,55.000,3.000,69.000,47.000,55.000,6.000
37.000,35.000,26.000,58.000,28.000,8.000,53.000,14.000,82.000,24.000,100.000,12.000,89.000,73.000,40.000,13.000,29.000,59.000,97.000,70.000,93.000,57.000,81.000,54.000,47.000,85.000,61.000,70.000,33.000,63.000,25.000,52.000,25.000,33.000,92.000,12.000,46.000,42.000,15.000,33.000,62.000,77.000,94.000,42.000,45.000,72.000,59.000,53.000,5.000,77.000,23.000,35.000,75.000,79.000,31.000,19.000,56.000,97.000,50.000,18.000,69.000,57.000,43.000,34.000,55.000,48.000,36.000,58.000,67.000,60.000,37.000,5.000,19.000,12.000,53.000,10.000,15.000,54.000,64.000,79.000
94.000,61.000,48.000,72.000,70.000,30.000,30.000,73.000,6.000,40.000,6.000,38.000,79.000,56.000,82.000,64.000,82.000,96.000,23.000,78.000,97.000,82.000,65.000,87.000,74.000,61.000,36.000,70.000,28.000,35.000,6.000,41.000,72.000,40.000,18.000,61.000,21.000,46.000,81.000,79.000,42.000,69.000,71.000,63.000,30.000,5.000,10.000,28.000,62.000,73.000,51.000,66.000,59.000,45.000,56.000,31.000,81.000,8.000,8.000,65.000,65.000,63.000,35.000,33.000,89.000,4.000,20.000,39.000,51.000,87.000,26.000,33.000,29.000,87.000,10.000,65.000,58.000,78.000,81.000,89.000
48.000,9.000,20.000,50.000,31.000,97.000,47.000,94.000,12.000,92.000,72.000,62.000,95.000,49.000,71.000,79.000,84.000,99.000,76.000,28.000,48.000,63.000,39.000,94.000,62.000,30.000,48.000,2.000,25.000,88.000,26.000,64.000,38.000,83.000,15.000,59.000,94.000,51.000,59.000,89.000,42.000,71.000,10.000,17.000,49.000,39.000,68.000,66.000,62.000,80.000,48.000,20.000,56.000,100.000,56.000,19.000,45.000,89.000,67.000,1.000,30.000,64.000,25.000,77.000,38.000,77.000,21.000,86.000,10.000,58.000,11.000,12.000,97.000,12.000,95.000,54.000,10.000,9.000,41.000,67.000
64.000,49.000,78.000,36.000,66.000,55.000,2.000,57.000,18.000,31.000,82.000,86.000,98.000,31.000,62.000,45.000,15.000,31.000,25.000,3.000,22.000,95.000,71.000,70.000,25.000,82.000,8.000,69.000,67.000,12.000,77.000,20.000,45.000,9.000,64.000,70.000,84.000,92.000,72.000,94.000,47.000,50.000,86.000,60.000,38.000,74.000,86.000,80.000,5.000,78.000,53.000,95.000,16.000,96.000,59.000,12.000,63.000,52.000,78.000,90.000,2.000,36.000,72.000,22.000,58.000,92.000,45.000,2.000,71.000,23.000,59.000,87.000,95.000,27.000,67.000,74.000,15.000,15.000,89.000,20.000
49.000,7.000,52.000,78.000,89.000,1.000,53.000,97.000,83.000,15.000,39.000,7.000,55.000,50.000,5.000,2.000,9.000,3.000,16.000,48.000,56.000,59.000,52.000,14.000,40.000,6.000,52.000,17.000,19.000,99.000,97.000,81.000,84.000,12.000,26.000,20.000,71.000,87.000,30.000,61.000,25.000,23.000,44.000,100.000,19.000,9.000,54.000,12.000,98.000,81.000,33.000,76.000,4.000,51.000,42.000,14.000,29.000,76.000,61.000,93.000,56.000,4.000,10.000,20.000,82.000,16.000,60.000,83.000,54.000,7.000,96.000,41.000,92.000,72.000,23.000,91.000,82.000,39.000,23.000,95.000
38.000,3.000,88.000,10.000,14.000,75.000,63.000,53.000,35.000,48.000,73.000,11.000,69.000,84.000,42.000,78.000,30.000,70.000,76.000,74.000,47.000,51.000,58.000,36.000,98.000,30.000,29.000,35.000,43.000,22.000,73.000,2.000,89.000,97.000,95.000,35.000,44.000,64.000,37.000,91.000,25.000,35.000,75.000,46.000,42.000,41.000,92.000,11.000,94.000,69.000,70.000,31.000,52.000,78.000,17.000,89.000,30.000,91.000,31.000,38.000,1.000,20.000,68.000,93.000,94.000,57.000,20.000,29.000,39.000,30.000,80.000,45.000,52.000,55.000,100.000,43.000,93.000,40.000,86.000,6.000
1.000,85.000,43.000,31.000,57.000,28.000,16.000,3.000,57.000,1.000,67.000,7.000,84.000,54.000,64.000,91.000,31.000,47.000,90.000,14.000,23.000,83.000,19.000,92.000,95.000,18.000,23.000,76.000,26.000,35.000,71.000,16.000,49.000,63.000,29.000,22.000,87.000,98.000,75.000,23.000,32.000,24.000,80.000,4.000,80.000,89.000,6.000,1.000,83.000,90.000,85.000,37.000,83.000,30.000,13.000,2.000,46.000,83.000,88.000,1.000,86.000,58.000,39.000,44.000,38.000,35.000,70.000,95.000,98.000,94.000,40.000,28.000,49.000,92.000,24.000,53.000,18.000,87.000,16.000,23.000
50.000,92.000,57.000,60.000,56.000,57.000,63.000,92.000,22.000,95.000,87.000,17.000,10.000,71.000,65.000,55.000,46.000,45.000,15.000,32.000,2.000,100.000,42.000,99.000,18.000,50.000,78.000,64.000,48.000,16.000,47.000,80.000,35.000,69.000,1.000,52.000,27.000,80.000,11.000,82.000,5.000,38.000,33.000,75.000,27.000,56.000,52.000,17.000,64.000,75.000,97.000,80.000,84.000,17.000,33.000,53.000,12.000,13.000,92.000,47.000,25.000,96.000,100.000,62.000,5.000,36.000,2.000,13.000,21.000,62.000,45.000,74.000,62.000,81.000,69.000,42.000,99.000,42.000,48.000,65.000
55.000,30.000,95.000,94.000,2.000,97.000,67.000,26.000,5.000,59.000,48.000,8.000,30.000,86.000,16.000,68.000,61.000,75.000,19.000,66.000,76.000,80.000,18.000,56.000,57.000,36.000,1.000,11.000,24.000,19.000,51.000,2.000,51.000,4.022,3.000,26.000,92.000,77.000,59.000,69.000,9.000,77.000,23.000,46.000,22.137,27.000,89.000,45.000,45.000,81.000,84.000,92.000,8.000,31.000,89.000,11.000,9.000,34.000,66.000,61.000,45.000,74.000,24.000,33.000,89.000,19.000,50.000,71.000,67.000,72.000,64.000,30.000,75.000,32.000,79.000,55.000,2.000,16.000,76.000,34.000
77.000,92.000,46.000,50.000,77.000,72.000,96.000,68.000,38.000,18.000,90.000,73.000,27.000,12.000,25.000,3.000,11.000,16.000,34.000,72.000,83.000,66.000,44.000,7.000,14.000,78.000,92.000,96.000,33.000,39.000,84.000,35.000,15.871,12.000,30.000,1.000,97.000,32.000,17.000,51.000,79.000,52.000,18.000,74.000,7.000,38.000,53.000,59.000,95.000,77.000,80.000,20.000,50.000,57.000,11.000,48.000,85.000,100.000,66.000,26.000,3.000,36.000,43.000,52.000,61.000,25.000,46.000,70.000,59.000,17.000,89.000,38.000,47.000,1.000,25.000,73.000,100.000,27.000,5.000,55.000
46.000,3.000,76.000,54.000,91.000,59.000,62.000,24.000,30.000,63.000,85.000,7.000,35.000,74.000,71.000,34.000,97.000,72.000,96.000,24.000,28.000,37.000,78.000,9.000,8.000,17.000,24.000,83.000,4.000,100.000,7.000,77.000,72.000,41.000,77.000,25.000,9.000,36.000,77.000,36.000,39.000,70.000,47.000,93.000,87.000,37.000,61.000,100.000,8.000,88.000,47.000,19.000,68.000,96.000,35.000,75.000,76.000,10.000,25.000,95.000,61.000,2.000,45.000,84.000,81.000,69.000,58.000,35.000,19.000,79.000,20.000,94.000,38.000,74.000,74.000,54.000,52.000,49.000,2.000,51.000
58.000,72.000,89.000,69.000,96.000,32.000,73.000,82.000,44.000,4.000,32.000,58.000,89.000,14.000,24.000,94.000,11.000,90.000,48.000,10.000,37.000,27.000,20.000,53.000,8.000,6.000,41.000,7.000,36.000,58.000,61.000,49.000,39.000,33.000,50.000,64.000,78.000,46.000,90.000,49.000,44.000,11.000,35.000,85.000,31.000,4.000,70.000,53.000,30.000,35.000,70.000,29.000,12.000,64.000,21.000,14.000,48.000,60.000,91.000,42.000,12.000,88.000,55.000,43.000,84.000,68.000,63.000,5.000,60.000,17.000,62.000,88.000,76.000,76.000,45.000,51.000,50.000,92.000,53.000,13.000
52.000,38.000,48.000,19.000,9.000,3.000,72.000,8.000,90.000,91.000,90.000,63.000,55.000,40.000,20.000,47.000,74.000,28.000,80.000,9.000,90.000,45.000,47.000,55.000,68.000,53.000,29.000,81.000,60.000,35.000,13.000,30.000,51.000,56.000,94.000,86.000,41.000,57.000,61.000,91.000,75.000,66.000,22.000,45.000,64.000,97.000,43.000,52.000,11.000,55.000,20.000,56.000,31.000,35.000,16.000,2.000,55.000,27.000,36.000,43.000,55.000,46.000,46.000,4.000,6.000,28.000,63.000,4.000,73.000,22.000,49.000,9.000,20.000,45.000,65.000,62.000,2.000,62.000,44.000,87.000
32.000,68.000,74.000,75.000,51.000,40.000,83.000,98.000,91.000,81.000,66.000,74.000,26.000,72.000,29.000,23.000,29.000,17.000,30.000,71.000,94.000,92.000,79.000,18.000,67.000,82.000,32.000,9.000,37.000,10.000,63.000,76.000,33.000,90.000,58.000,85.000,93.000,62.000,67.000,42.000,94.000,16.000,74.000,12.000,9.000,11.000,67.000,4.000,81.000,95.000,92.000,84.000,20.000,80.000,28.000,74.000,44.000,81.000,33.000,68.000,15.000,20.000,16.000,26.000,76.000,74.000,59.000,89.000,10.000,86.000,25.000,29.000,25.000,24.000,65.000,23.000,58.000,57.000,25.000,89.000
63.000,88.000,52.000,83.000,49.000,92.000,24.000,40.000,42.000,30.000,44.000,88.000,65.000,57.000,50.000,88.000,26.000,59.000,33.000,19.000,88.000,11.000,33.000,42.000,63.000,8.000,100.000,6.000,19.000,75.000,81.000,12.000,38.000,87.000,22.000,71.000,26.000,54.000,27.000,48.000,35.000,31.000,26.000,11.000,38.000,63.000,65.000,87.000,65.000,36.000,97.000,92.000,85.000,98.000,100.000,85.000,32.000,68.000,19.000,47.000,79.000,7.000,40.000,21.000,77.000,61.000,82.000,74.000,95.000,22.000,67.000,67.000,55.000,88.000,39.000,41.000,82.000,13.000,45.000,5.000
69.000,55.000,59.000,62.000,95.000,9.000,28.000,74.000,1.000,88.000,77.000,87.000,13.000,38.000,13.000,26.000,81.000,39.000,88.000,20.000,47.000,55.000,78.000,57.000,89.000,95.000,72.000,20.000,54.000,71.000,23.000,85.000,67.000,41.000,60.000,45.000,30.000,63.000,90.000,2.000,30.000,60.000,61.000,95.000,14.000,25.000,20.000,80.000,94.000,86.000,72.000,28.000,5.000,41.000,14.000,84.000,25.000,48.000,67.000,65.000,3.000,76.000,11.000,98.000,94.000,19.000,30.000,57.000,82.000,18.000,16.000,17.000,5.000,67.000,70.000,13.000,57.000,86.000,10.000,89.000
90.000,60.000,55.000,5.000,32.000,42.000,85.000,49.000,79.000,7.000,72.000,1.000,65.000,14.000,3.000,74.000,58.000,85.000,27.000,61.000,7.000,62.000,80.000,96.000,2.000,54.000,75.000,91.000,79.000,44.000,5.000,44.000,89.000,27.000,50.000,56.000,64.000,22.000,63.000,15.000,36.000,25.000,69.000,90.000,76.000,85.000,26.000,89.000,44.000,73.000,49.000,65.000,53.000,56.000,70.000,1.000,26.000,55.000,26.000,25.000,39.000,95.000,28.000,13.000,11.000,84.000,14.000,3.000,57.000,6.000,72.000,25.000,48.000,21.000,19.000,14.000,15.000,6.000,63.000,7.000
3.000,46.000,80.000,12.000,45.000,56.000,99.000,42.000,89.000,31.000,97.000,48.000,57.000,57.000,78.000,73.000,20.000,99.000,49.000,48.000,86.000,53.000,88.000,80.000,67.000,26.000,10.000,36.000,22.000,42.000,25.000,64.000,100.000,24.000,23.000,61.000,58.000,25.000,87.000,35.000,80.000,11.000,35.000,44.000,80.000,13.000,69.000,49.000,85.000,53.000,10.000,94.000,91.000,61.000,47.000,14.000,58.000,3.000,51.000,30.000,63.000,10.000,49.000,69.000,5.000,71.000,27.000,9.000,24.000,41.000,100.000,76.000,99.000,79.000,81.000,27.000,15.000,56.000,47.000,88.000
85.000,48.000,34.000,25.000,9.000,25.000,74.000,67.000,16.000,38.000,30.000,85.000,86.000,29.000,87.000,96.000,25.000,47.000,35.000,29.000,4.000,10.000,78.000,55.000,39.000,72.000,88.000,61.000,43.000,91.000,69.000,52.000,20.000,98.000,19.000,70.000,53.000,73.000,99.000,86.000,65.000,11.000,98.000,95.000,68.000,59.000,95.000,63.000,58.000,54.000,21.000,44.000,94.000,57.000,2.000,43.000,52.000,40.000,98.000,66.000,46.000,9.000,9.000,41.000,11.000,82.000,49.000,38.000,98.000,30.000,96.000,40.000,51.000,93.000,22.000,33.000,93.000,31.000,25.000,72.000
3.000,55.000,54.000,17.000,95.000,65.000,4.000,69.000,73.000,77.000,64.000,88.000,17.000,69.000,58.000,67.000,75.000,91.000,53.000,9.000,64.000,26.000,17.000,39.000,77.000,1.000,18.000,28.000,2.000,32.000,42.000,60.000,15.871,39.000,94.000,36.000,72.000,18.000,77.000,95.000,56.000,79.000,15.000,3.000,77.000,80.000,90.000,23.849,5.000,28.000,17.511,18.000,86.000,20.201,78.000,14.000,65.000,50.000,62.000,71.000,87.000,96.000,86.000,77.000,64.000,58.000,14.000,87.000,28.000,90.000,50.000,7.000,64.000,20.871,36.000,100.000,15.000,35.000,12.000,75.000
49.000,65.000,42.000,40.000,11.000,97.000,15.000,26.000,46.000,7.000,52.000,3.000,56.000,73.000,39.000,41.000,22.000,89.000,6.000,84.000,54.000,19.000,42.000,83.000,66.000,2.000,56.000,90.000,49.000,52.000,42.000,6.000,84.000,66.000,38.000,67.000,42.000,92.000,73.000,38.000,71.000,65.000,48.000,99.000,25.000,38.000,70.000,69.000,44.000,32.000,82.000,89.000,65.000,24.000,62.000,54.000,70.000,76.000,37.000,71.000,44.000,95.000,78.000,35.000,58.000,83.000,43.000,50.000,35.000,27.000,76.000,3.000,21.000,8.000,54.000,10.000,85.000,30.000,90.000,78.000
64.000,95.000,80.000,33.000,99.000,6.000,84.000,69.000,94.000,40.000,87.000,38.000,67.000,78.000,72.000,19.000,23.000,61.000,20.000,94.000,64.000,32.000,63.000,2.000,97.000,11.000,42.000,94.000,53.000,67.000,15.000,41.000,15.000,12.000,69.000,2.000,84.000,10.000,93.000,44.000,53.000,48.000,62.000,81.000,61.000,42.000,53.000,73.000,18.000,89.000,45.000,41.000,64.000,20.000,94.000,40.000,25.000,75.000,43.000,12.000,88.000,79.000,92.000,83.000,71.000,11.000,82.000,13.000,30.000,37.000,79.000,14.000,30.000,14.000,23.000,93.000,43.000,92.000,100.000,73.000
88.000,65.000,92.000,15.000,42.000,63.000,66.000,71.000,50.000,24.000,47.000,11.000,63.000,9.000,22.000,98.000,81.000,14.000,33.000,52.000,12.000,5.000,3.000,78.000,97.000,10.000,70.000,51.000,78.000,4.000,84.000,22.000,80.000,79.000,87.000,95.000,70.000,64.000,57.000,86.000,29.000,56.000,31.000,84.000,97.000,97.000,50.000,82.000,41.000,20.000,86.000,64.000,88.000,11.000,17.000,11.000,90.000,9.000,93.000,4.000,43.000,11.000,65.000,34.000,15.000,86.000,72.000,15.000,72.000,57.000,5.000,14.000,63.000,91.000,45.000,53.000,46.000,15.000,16.000,32.000
10.000,34.000,32.000,77.000,65.000,64.000,63.000,35.000,63.000,46.000,78.000,3.000,3.000,30.000,50.000,21.000,74.000,14.000,34.000,56.000,83.000,54.000,53.000,94.000,74.000,3.000,68.000,4.000,79.000,59.000,38.000,41.000,89.000,82.000,60.000,9.000,21.000,54.000,9.000,59.000,24.000,63.000,31.000,21.000,98.000,91.000,56.000,43.000,86.000,56.000,78.000,50.000,88.000,8.000,55.000,87.000,70.000,89.000,5.000,32.000,43.000,29.000,17.000,12.000,83.000,82.000,77.000,86.000,40.000,81.000,28.000,40.000,73.000,8.000,55.000,84.000,67.000,38.000,8.000,47.000
0.000,0.000,0.000,0.000,0.000,0.000,0.000,0.000,0.000,0.000,0.000,0.000,0.000,0.000,0.000,0.000,0.000,0.000,0.000,0.000,0.000,0.000,0.000,0.000,0.000,0.000,0.000,0.000,0.000,0.000,0.000,0.000,0.000,0.000,0.000,0.000,0.000,0.000,0.000,0.000,0.000,0.000,0.000,0.000,0.000,0.000,0.000,0.000,0.000,0.000,0.000,0.000,0.000,0.000,0.000,0.000,0.000,0.000,0.000,0.000,0.000,0.000,0.000,0.000,0.000,0.000,0.000,0.000,0.000,0.000,0.000,0.000,0.000,0.000,0.000,0.000,0.000,0.000,0.000,0.000
0.000,0.000,0.000,0.000,0.000,0.000,0.000,0.000,0.000,0.000,0.000,0.000,0.000,0.000,0.000,0.000,0.000,0.000,0.000,0.000,0.000,0.000,0.000,0.000,0.000,0.000,0.000,0.000,0.000,0.000,0.000,0.000,0.000,0.000,0.000,0.000,0.000,0.000,0.000,0.000,0.000,0.000,0.000,0.000,0.000,0.000,0.000,0.000,0.000,0.000,0.000,0.000,0.000,0.000,0.000,0.000,0.000,0.000,0.000,0.000,0.000,0.000,0.000,0.000,0.000,0.000,0.000,0.000,0.000,0.000,0.000,0.000,0.000,0.000,0.000,0.000,0.000,0.000,0.000,0.000
0.000,0.000,0.000,0.000,0.000,0.000,0.000,0.000,0.000,0.000,0.000,0.000,0.000,0.000,0.000,0.000,0.000,0.000,0.000,0.000,0.000,0.000,0.000,0.000,0.000,0.000,0.000,0.000,0.000,0.000,0.000,0.000,0.000,0.000,0.000,0.000,0.000,0.000,0.000,0.000,0.000,0.000,0.000,0.000,0.000,0.000,0.000,0.000,0.000,0.000,0.000,0.000,0.000,0.000,0.000,0.000,0.000,0.000,0.000,0.000,0.000,0.000,0.000,0.000,0.000,0.000,0.000,0.000,0.000,0.000,0.000,0.000,0.000,0.000,0.000,0.000,0.000,0.000,0.000,0.000
0.000,0.000,0.000,0.000,0.000,0.000,0.000,0.000,0.000,0.000,0.000,0.000,0.000,0.000,0.000,0.000,0.000,0.000,0.000,0.000,0.000,0.000,0.000,0.000,0.000,0.000,0.000,0.000,0.000,0.000,0.000,0.000,0.000,0.000,0.000,0.000,0.000,0.000,0.000,0.000,0.000,0.000,0.000,0.000,0.000,0.000,0.000,0.000,0.000,0.000,0.000,0.000,0.000,0.000,0.000,0.000,0.000,0.000,0.000,0.000,0.000,0.000,0.000,0.000,0.000,0.000,0.000,0.000,0.000,0.000,0.000,0.000,0.000,0.000,0.000,0.000,0.000,0.000,0.000,0.000
0.000,0.000,0.000,0.000,0.000,0.000,0.000,0.000,0.000,0.000,0.000,0.000,0.000,0.000,0.000,0.000,0.000,0.000,0.000,0.000,0.000,0.000,0.000,0.000,0.000,0.000,0.000,0.000,0.000,0.000,0.000,0.000,0.000,0.000,0.000,0.000,0.000,0.000,0.000,0.000,0.000,0.000,0.000,0.000,0.000,0.000,0.000,0.000,0.000,0.000,0.000,0.000,0.000,0.000,0.000,0.000,0.000,0.000,0.000,0.000,0.000,0.000,0.000,0.000,0.000,0.000,0.000,0.000,0.000,0.000,0.000,0.000,0.000,0.000,0.000,0.000,0.000,0.000,0.000,0.000
0.000,0.000,0.000,0.000,0.000,0.000,0.000,0.000,0.000,0.000,0.000,0.000,0.000,0.000,0.000,0.000,0.000,0.000,0.000,0.000,0.000,0.000,0.000,0.000,0.000,0.000,0.000,0.000,0.000,0.000,0.000,0.000,0.000,0.000,0.000,0.000,0.000,0.000,0.000,0.000,0.000,0.000,0.000,0.000,0.000,0.000,0.000,0.000,0.000,0.000,0.000,0.000,0.000,0.000,0.000,0.000,0.000,0.000,0.000,0.000,0.000,0.000,0.000,0.000,0.000,0.000,0.000,0.000,0.000,0.000,0.000,0.000,0.000,0.000,0.000,0.000,0.000,0.000,0.000,0.000
0.000,0.000,0.000,0.000,0.000,0.000,0.000,0.000,0.000,0.000,0.000,0.000,0.000,0.000,0.000,0.000,0.000,0.000,0.000,0.000,0.000,0.000,0.000,0.000,0.000,0.000,0.000,0.000,0.000,0.000,0.000,0.000,0.000,0.000,0.000,0.000,0.000,0.000,0.000,0.000,0.000,0.000,0.000,0.000,0.000,0.000,0.000,0.000,0.000,0.000,0.000,0.000,0.000,0.000,0.000,0.000,0.000,0.000,0.000,0.000,0.000,0.000,0.000,0.000,0.000,0.000,0.000,0.000,0.000,0.000,0.000,0.000,0.000,0.000,0.000,0.000,0.000,0.000,0.000,0.000
0.000,0.000,0.000,0.000,0.000,0.000,0.000,0.000,0.000,0.000,0.000,0.000,0.000,0.000,0.000,0.000,0.000,0.000,0.000,0.000,0.000,0.000,0.000,0.000,0.000,0.000,0.000,0.000,0.000,0.000,0.000,0.000,0.000,0.000,0.000,0.000,0.000,0.000,0.000,0.000,0.000,0.000,0.000,0.000,0.000,0.000,0.000,0.000,0.000,0.000,0.000,0.000,0.000,0.000,0.000,0.000,0.000,0.000,0.000,0.000,0.000,0.000,0.000,0.000,0.000,0.000,0.000,0.000,0.000,0.000,0.000,0.000,0.000,0.000,0.000,0.000,0.000,0.000,0.000,0.000
0.000,0.000,0.000,0.000,0.000,0.000,0.000,0.000,0.000,0.000,0.000,0.000,0.000,0.000,0.000,0.000,0.000,0.000,0.000,0.000,0.000,0.000,0.000,0.000,0.000,0.000,0.000,0.000,0.000,0.000,0.000,0.000,0.000,0.000,0.000,0.000,0.000,0.000,0.000,0.000,0.000,0.000,0.000,0.000,0.000,0.000,0.000,0.000,0.000,0.000,0.000,0.000,0.000,0.000,0.000,0.000,0.000,0.000,0.000,0.000,0.000,0.000,0.000,0.000,0.000,0.000,0.000,0.000,0.000,0.000,0.000,0.000,0.000,0.000,0.000,0.000,0.000,0.000,0.000,0.000
0.000,0.000,0.000,0.000,0.000,0.000,0.000,0.000,0.000,0.000,0.000,0.000,0.000,0.000,0.000,0.000,0.000,0.000,0.000,0.000,0.000,0.000,0.000,0.000,0.000,0.000,0.000,0.000,0.000,0.000,0.000,0.000,0.000,0.000,0.000,0.000,0.000,0.000,0.000,0.000,0.000,0.000,0.000,0.000,0.000,0.000,0.000,0.000,0.000,0.000,0.000,0.000,0.000,0.000,0.000,0.000,0.000,0.000,0.000,0.000,0.000,0.000,0.000,0.000,0.000,0.000,0.000,0.000,0.000,0.000,0.000,0.000,0.000,0.000,0.000,0.000,0.000,0.000,0.000,0.000
0.000,0.000,0.000,0.000,0.000,0.000,0.000,0.000,0.000,0.000,0.000,0.000,0.000,0.000,0.000,0.000,0.000,0.000,0.000,0.000,0.000,0.000,0.000,0.000,0.000,0.000,0.000,0.000,0.000,0.000,0.000,0.000,0.000,0.000,0.000,0.000,0.000,0.000,0.000,0.000,0.000,0.000,0.000,0.000,0.000,0.000,0.000,0.000,0.000,0.000,0.000,0.000,0.000,0.000,0.000,0.000,0.000,0.000,0.000,0.000,0.000,0.000,0.000,0.000,0.000,0.000,0.000,0.000,0.000,0.000,0.000,0.000,0.000,0.000,0.000,0.000,0.000,0.000,0.000,0.000
0.000,0.000,0.000,0.000,0.000,0.000,0.000,0.000,0.000,0.000,0.000,0.000,0.000,0.000,0.000,0.000,0.000,0.000,0.000,0.000,0.000,0.000,0.000,0.000,0.000,0.000,0.000,0.000,0.000,0.000,0.000,0.000,0.000,0.000,0.000,0.000,0.000,0.000,0.000,0.000,0.000,0.000,0.000,0.000,0.000,0.000,0.000,0.000,0.000,0.000,0.000,0.000,0.000,0.000,0.000,0.000,0.000,0.000,0.000,0.000,0.000,0.000,0.000,0.000,0.000,0.000,0.000,0.000,0.000,0.000,0.000,0.000,0.000,0.000,0.000,0.000,0.000,0.000,0.000,0.000
0.000,0.000,0.000,0.000,0.000,0.000,0.000,0.000,0.000,0.000,0.000,0.000,0.000,0.000,0.000,0.000,0.000,0.000,0.000,0.000,0.000,0.000,0.000,0.000,0.000,0.000,0.000,0.000,0.000,0.000,0.000,0.000,0.000,0.000,0.000,0.000,0.000,0.000,0.000,0.000,0.000,0.000,0.000,0.000,0.000,0.000,0.000,0.000,0.000,0.000,0.000,0.000,0.000,0.000,0.000,0.000,0.000,0.000,0.000,0.000,0.000,0.000,0.000,0.000,0.000,0.000,0.000,0.000,0.000,0.000,0.000,0.000,0.000,0.000,0.000,0.000,0.000,0.000,0.000,0.000
0.000,0.000,0.000,0.000,0.000,0.000,0.000,0.000,0.000,0.000,0.000,0.000,0.000,0.000,0.000,0.000,0.000,0.000,0.000,0.000,0.000,0.000,0.000,0.000,0.000,0.000,0.000,0.000,0.000,0.000,0.000,0.000,0.000,0.000,0.000,0.000,0.000,0.000,0.000,0.000,0.000,0.000,0.000,0.000,0.000,0.000,0.000,0.000,0.000,0.000,0.000,0.000,0.000,0.000,0.000,0.000,0.000,0.000,0.000,0.000,0.000,0.000,0.000,0.000,0.000,0.000,0.000,0.000,0.000,0.000,0.000,0.000,0.000,0.000,0.000,0.000,0.000,0.000,0.000,0.000
0.000,0.000,0.000,0.000,0.000,0.000,0.000,0.000,0.000,0.000,0.000,0.000,0.000,0.000,0.000,0.000,0.000,0.000,0.000,0.000,0.000,0.000,0.000,0.000,0.000,0.000,0.000,0.000,0.000,0.000,0.000,0.000,0.000,0.000,0.000,0.000,0.000,0.000,0.000,0.000,0.000,0.000,0.000,0.000,0.000,0.000,0.000,0.000,0.000,0.000,0.000,0.000,0.000,0.000,0.000,0.000,0.000,0.000,0.000,0.000,0.000,0.000,0.000,0.000,0.000,0.000,0.000,0.000,0.000,0.000,0.000,0.000,0.000,0.000,0.000,0.000,0.000,0.000,0.000,0.000
0.000,0.000,0.000,0.000,0.000,0.000,0.000,0.000,0.000,0.000,0.000,0.000,0.000,0.000,0.000,0.000,0.000,0.000,0.000,0.000,0.000,0.000,0.000,0.000,0.000,0.000,0.000,0.000,0.000,0.000,0.000,0.000,0.000,0.000,0.000,0.000,0.000,0.000,0.000,0.000,0.000,0.000,0.000,0.000,0.000,0.000,0.000,0.000,0.000,0.000,0.000,0.000,0.000,0.000,0.000,0.000,0.000,0.000,0.000,0.000,0.000,0.000,0.000,0.000,0.000,0.000,0.000,0.000,0.000,0.000,0.000,0.000,0.000,0.000,0.000,0.000,0.000,0.000,0.000,0.000
0.000,0.000,0.000,0.000,0.000,0.000,0.000,0.000,0.000,0.000,0.000,0.000,0.000,0.000,0.000,0.000,0.000,0.000,0.000,0.000,0.000,0.000,0.000,0.000,0.000,0.000,0.000,0.000,0.000,0.000,0.000,0.000,0.000,0.000,0.000,0.000,0.000,0.000,0.000,0.000,0.000,0.000,0.000,0.000,0.000,0.000,0.000,0.000,0.000,0.000,0.000,0.000,0.000,0.000,0.000,0.000,0.000,0.000,0.000,0.000,0.000,0.000,0.000,0.000,0.000,0.000,0.000,0.000,0.000,0.000,0.000,0.000,0.000,0.000,0.000,0.000,0.000,0.000,0.000,0.000
0.000,0.000,0.000,0.000,0.000,0.000,0.000,0.000,0.000,0.000,0.000,0.000,0.000,0.000,0.000,0.000,0.000,0.000,0.000,0.000,0.000,0.000,0.000,0.000,0.000,0.000,0.000,0.000,0.000,0.000,0.000,0.000,0.000,0.000,0.000,0.000,0.000,0.000,0.000,0.000,0.000,0.000,0.000,0.000,0.000,0.000,0.000,0.000,0.000,0.000,0.000,0.000,0.000,0.000,0.000,0.000,0.000,0.000,0.000,0.000,0.000,0.000,0.000,0.000,0.000,0.000,0.000,0.000,0.000,0.000,0.000,0.000,0.000,0.000,0.000,0.000,0.000,0.000,0.000,0.000
0.000,0.000,0.000,0.000,0.000,0.000,0.000,0.000,0.000,0.000,0.000,0.000,0.000,0.000,0.000,0.000,0.000,0.000,0.000,0.000,0.000,0.000,0.000,0.000,0.000,0.000,0.000,0.000,0.000,0.000,0.000,0.000,0.000,0.000,0.000,0.000,0.000,0.000,0.000,0.000,0.000,0.000,0.000,0.000,0.000,0.000,0.000,0.000,0.000,0.000,0.000,0.000,0.000,0.000,0.000,0.000,0.000,0.000,0.000,0.000,0.000,0.000,0.000,0.000,0.000,0.000,0.000,0.000,0.000,0.000,0.000,0.000,0.000,0.000,0.000,0.000,0.000,0.000,0.000,0.000
0.000,0.000,0.000,0.000,0.000,0.000,0.000,0.000,0.000,0.000,0.000,0.000,0.000,0.000,0.000,0.000,0.000,0.000,0.000,0.000,0.000,0.000,0.000,0.000,0.000,0.000,0.000,0.000,0.000,0.000,0.000,0.000,0.000,0.000,0.000,0.000,0.000,0.000,0.000,0.000,0.000,0.000,0.000,0.000,0.000,0.000,0.000,0.000,0.000,0.000,0.000,0.000,0.000,0.000,0.000,0.000,0.000,0.000,0.000,0.000,0.000,0.000,0.000,0.000,0.000,0.000,0.000,0.000,0.000,0.000,0.000,0.000,0.000,0.000,0.000,0.000,0.000,0.000,0.000,0.000
0.000,0.000,0.000,0.000,0.000,0.000,0.000,0.000,0.000,0.000,0.000,0.000,0.000,0.000,0.000,0.000,0.000,0.000,0.000,0.000,0.000,0.000,0.000,0.000,0.000,0.000,0.000,0.000,0.000,0.000,0.000,0.000,0.000,0.000,0.000,0.000,0.000,0.000,0.000,0.000,0.000,0.000,0.000,0.000,0.000,0.000,0.000,0.000,0.000,0.000,1.000,0.000,0.000,0.000,0.000,0.000,0.000,0.000,0.000,0.000,0.000,0.000,0.000,0.000,0.000,0.000,0.000,0.000,0.000,0.000,0.000,0.000,0.000,0.000,0.000,0.000,0.000,0.000,0.000,0.000
0.000,0.000,0.000,0.000,0.000,0.000,0.000,0.000,0.000,0.000,0.000,0.000,0.000,0.000,0.000,0.000,0.000,0.000,0.000,0.000,0.000,0.000,0.000,0.000,0.000,0.000,0.000,0.000,0.000,0.000,0.000,0.000,0.000,0.000,0.000,0.000,0.000,0.000,0.000,0.000,0.000,0.000,0.000,0.000,0.000,0.000,0.000,0.000,0.000,0.000,0.000,0.000,0.000,0.000,0.000,0.000,0.000,0.000,0.000,0.000,0.000,0.000,0.000,0.000,0.000,0.000,0.000,0.000,0.000,0.000,0.000,0.000,0.000,0.000,0.000,0.000,0.000,0.000,0.000,0.000
0.000,0.000,0.000,0.000,0.000,0.000,0.000,0.000,0.000,0.000,0.000,0.000,0.000,0.000,0.000,0.000,0.000,0.000,0.000,0.000,0.000,0.000,0.000,0.000,0.000,0.000,0.000,0.000,0.000,0.000,0.000,0.000,0.000,0.000,0.000,0.000,0.000,0.000,0.000,0.000,0.000,0.000,0.000,0.000,0.000,0.000,0.000,0.000,0.000,0.000,0.000,0.000,0.000,0.000,0.000,0.000,0.000,0.000,0.000,0.000,0.000,0.000,0.000,0.000,0.000,0.000,0.000,0.000,0.000,0.000,0.000,0.000,0.000,0.000,0.000,0.000,0.000,0.000,0.000,0.000
0.000,0.000,0.000,0.000,0.000,0.000,0.000,0.000,0.000,0.000,0.000,0.000,0.000,0.000,0.000,0.000,0.000,0.000,0.000,0.000,0.000,0.000,0.000,0.000,0.000,0.000,0.000,0.000,0.000,0.000,0.000,0.000,0.000,0.000,0.000,0.000,0.000,0.000,0.000,0.000,0.000,0.000,0.000,0.000,0.000,0.000,0.000,0.000,0.000,0.000,0.000,0.000,0.000,0.000,0.000,0.000,0.000,0.000,0.000,0.000,0.000,0.000,0.000,0.000,0.000,0.000,0.000,0.000,0.000,0.000,0.000,0.000,0.000,0.000,0.000,0.000,0.000,0.000,0.000,0.000
0.000,0.000,0.000,0.000,0.000,0.000,0.000,0.000,0.000,0.000,0.000,0.000,0.000,0.000,0.000,0.000,0.000,0.000,0.000,0.000,0.000,0.000,0.000,0.000,0.000,0.000,0.000,0.000,0.000,0.000,0.000,0.000,0.000,0.000,0.000,0.000,0.000,0.000,0.000,0.000,0.000,0.000,0.000,0.000,0.000,0.000,0.000,0.000,0.000,0.000,0.000,0.000,0.000,0.000,0.000,0.000,0.000,0.000,0.000,0.000,0.000,0.000,0.000,0.000,0.000,0.000,0.000,0.000,0.000,0.000,0.000,0.000,0.000,0.000,0.000,0.000,0.000,0.000,0.000,0.000
0.000,0.000,0.000,0.000,0.000,0.000,0.000,0.000,0.000,0.000,0.000,0.000,0.000,0.000,0.000,0.000,0.000,0.000,0.000,0.000,0.000,0.000,0.000,0.000,0.000,0.000,0.000,0.000,0.000,0.000,0.000,0.000,0.000,0.000,0.000,0.000,0.000,0.000,0.000,0.000,0.000,0.000,0.000,0.000,0.000,0.000,0.000,0.000,0.000,0.000,0.000,0.000,0.000,0.000,0.000,0.000,0.000,0.000,0.000,0.000,0.000,0.000,0.000,0.000,0.000,0.000,0.000,0.000,0.000,0.000,0.000,0.000,0.000,0.000,0.000,0.000,0.000,0.000,0.000,0.000
0.000,0.000,0.000,0.000,0.000,0.000,0.000,0.000,0.000,0.000,0.000,0.000,0.000,0.000,0.000,0.000,0.000,0.000,0.000,0.000,0.000,1.000,0.000,0.000,0.000,0.000,0.000,0.000,0.000,0.000,0.000,0.000,0.000,0.000,0.000,0.000,0.000,0.000,0.000,0.000,0.000,0.000,0.000,0.000,0.000,0.000,0.000,0.000,0.000,0.000,0.000,0.000,0.000,0.000,0.000,0.000,0.000,0.000,0.000,0.000,0.000,0.000,0.000,0.000,0.000,0.000,0.000,0.000,0.000,0.000,0.000,0.000,0.000,0.000,0.000,0.000,0.000,0.000,0.000,0.000
0.000,0.000,0.000,0.000,0.000,0.000,0.000,0.000,0.000,0.000,0.000,0.000,0.000,0.000,0.000,0.000,0.000,0.000,0.000,0.000,0.000,0.000,0.000,0.000,0.000,0.000,0.000,0.000,0.000,0.000,0.000,0.000,0.000,0.000,0.000,0.000,0.000,0.000,0.000,0.000,0.000,0.000,0.000,0.000,0.000,0.000,0.000,0.000,0.000,0.000,0.000,0.000,0.000,0.000,0.000,0.000,0.000,0.000,0.000,0.000,0.000,0.000,0.000,0.000,0.000,0.000,0.000,0.000,0.000,0.000,0.000,0.000,0.000,0.000,0.000,0.000,0.000,0.000,0.000,0.000
0.000,0.000,0.000,0.000,0.000,0.000,0.000,0.000,0.000,0.000,0.000,0.000,0.000,0.000,0.000,0.000,0.000,0.000,0.000,0.000,0.000,0.000,0.000,0.000,0.000,0.000,0.000,0.000,0.000,0.000,0.000,0.000,0.000,0.000,0.000,0.000,0.000,0.000,0.000,0.000,0.000,0.000,0.000,0.000,0.000,0.000,0.000,0.000,0.000,0.000,0.000,0.000,0.000,0.000,0.000,0.000,0.000,0.000,0.000,0.000,0.000,0.000,0.000,0.000,0.000,0.000,0.000,0.000,0.000,0.000,0.000,0.000,0.000,0.000,0.000,0.000,0.000,0.000,0.000,0.000
0.000,0.000,0.000,0.000,0.000,0.000,0.000,0.000,0.000,0.000,0.000,0.000,0.000,1.000,0.000,0.000,0.000,1.000,0.000,0.000,0.000,0.000,0.000,0.000,0.000,0.000,0.000,0.000,0.000,0.000,0.000,0.000,0.000,0.000,0.000,1.000,0.000,0.000,0.000,1.000,0.000,0.000,0.000,0.000,1.000,0.000,1.000,0.000,1.000,0.000,0.000,0.000,0.000,0.000,0.000,0.000,0.000,0.000,0.000,1.000,0.000,0.000,0.000,0.000,0.000,0.000,0.000,0.000,0.000,0.000,0.000,0.000,0.000,0.000,0.000,0.000,0.000,0.000,0.000,0.000
0.000,0.000,0.000,0.000,0.000,0.000,0.000,0.000,0.000,0.000,0.000,0.000,0.000,0.000,0.000,0.000,0.000,0.000,0.000,0.000,0.000,0.000,0.000,0.000,0.000,0.000,0.000,0.000,0.000,0.000,0.000,0.000,0.000,0.000,0.000,0.000,0.000,0.000,0.000,0.000,0.000,0.000,0.000,0.000,0.000,0.000,0.000,0.000,0.000,0.000,0.000,0.000,0.000,0.000,0.000,0.000,0.000,0.000,0.000,0.000,0.000,0.000,0.000,0.000,0.000,0.000,0.000,0.000,0.000,0.000,0.000,0.000,0.000,0.000,0.000,0.000,0.000,0.000,0.000,0.000
0.000,0.000,0.000,0.000,0.000,0.000,0.000,0.000,0.000,0.000,0.000,0.000,0.000,0.000,0.000,0.000,0.000,0.000,0.000,0.000,0.000,0.000,0.000,0.000,0.000,0.000,0.000,0.000,0.000,0.000,0.000,0.000,0.000,0.000,0.000,0.000,0.000,0.000,0.000,0.000,0.000,0.000,0.000,0.000,0.000,0.000,0.000,0.000,0.000,0.000,0.000,0.000,0.000,0.000,0.000,0.000,0.000,0.000,0.000,0.000,1.000,0.000,0.000,0.000,0.000,0.000,0.000,0.000,0.000,0.000,0.000,0.000,0.000,0.000,0.000,0.000,0.000,0.000,0.000,0.000
0.000,0.000,0.000,0.000,0.000,0.000,0.000,0.000,0.000,0.000,0.000,0.000,0.000,0.000,0.000,0.000,0.000,0.000,0.000,0.000,0.000,0.000,0.000,0.000,0.000,0.000,0.000,0.000,0.000,0.000,0.000,0.000,0.000,0.000,0.000,0.000,0.000,0.000,0.000,0.000,0.000,0.000,0.000,0.000,0.000,0.000,0.000,0.000,0.000,0.000,0.000,0.000,0.000,0.000,0.000,0.000,0.000,0.000,0.000,0.000,0.000,0.000,0.000,0.000,0.000,0.000,0.000,0.000,0.000,0.000,0.000,0.000,0.000,0.000,0.000,0.000,0.000,0.000,0.000,0.000
0.000,0.000,0.000,0.000,0.000,0.000,0.000,0.000,0.000,0.000,0.000,0.000,0.000,0.000,0.000,0.000,0.000,0.000,0.000,0.000,0.000,0.000,0.000,0.000,0.000,0.000,0.000,0.000,0.000,0.000,0.000,0.000,0.000,0.000,0.000,0.000,0.000,0.000,0.000,0.000,0.000,0.000,0.000,0.000,0.000,0.000,0.000,0.000,0.000,0.000,0.000,0.000,0.000,0.000,0.000,0.000,0.000,0.000,0.000,0.000,0.000,0.000,0.000,0.000,0.000,0.000,0.000,0.000,0.000,0.000,0.000,0.000,0.000,0.000,0.000,0.000,0.000,0.000,0.000,0.000
0.000,0.000,0.000,0.000,1.000,1.000,0.000,0.000,0.000,0.000,1.000,0.000,0.000,0.000,0.000,0.000,0.000,0.000,0.000,0.000,0.000,0.000,0.000,0.000,0.000,0.000,0.000,0.000,0.000,0.000,0.000,0.000,0.000,0.000,0.000,0.000,0.000,0.000,0.000,0.000,0.000,0.000,0.000,1.000,0.000,0.000,0.000,0.000,0.000,0.000,0.000,0.000,0.000,0.000,0.000,0.000,0.000,0.000,0.000,0.000,0.000,1.000,1.000,0.000,0.000,0.000,0.000,0.000,0.000,0.000,0.000,0.000,1.000,0.000,0.000,0.000,0.000,0.000,0.000,1.000
0.000,0.000,0.000,0.000,0.000,0.000,0.000,0.000,0.000,0.000,0.000,0.000,0.000,0.000,0.000,0.000,0.000,0.000,0.000,0.000,0.000,0.000,0.000,0.000,0.000,0.000,0.000,0.000,0.000,0.000,0.000,0.000,0.000,0.000,0.000,0.000,0.000,0.000,0.000,0.000,0.000,0.000,0.000,0.000,0.000,0.000,0.000,0.000,0.000,0.000,0.000,0.000,0.000,0.000,0.000,0.000,0.000,0.000,0.000,0.000,0.000,0.000,0.000,0.000,0.000,0.000,0.000,0.000,0.000,0.000,0.000,0.000,0.000,0.000,0.000,0.000,0.000,0.000,0.000,0.000
0.000,0.000,0.000,0.000,0.000,0.000,0.000,0.000,0.000,0.000,0.000,0.000,0.000,0.000,0.000,0.000,0.000,0.000,0.000,0.000,0.000,0.000,0.000,0.000,0.000,0.000,0.000,0.000,0.000,0.000,0.000,0.000,0.000,0.000,0.000,0.000,0.000,0.000,0.000,0.000,0.000,0.000,0.000,0.000,0.000,0.000,0.000,0.000,0.000,0.000,0.000,0.000,0.000,0.000,0.000,0.000,0.000,0.000,0.000,0.000,0.000,0.000,0.000,0.000,0.000,0.000,0.000,0.000,0.000,0.000,0.000,0.000,0.000,0.000,0.000,0.000,0.000,0.000,0.000,0.000
0.000,0.000,0.000,0.000,0.000,0.000,0.000,0.000,0.000,0.000,0.000,0.000,0.000,0.000,0.000,0.000,0.000,0.000,0.000,0.000,0.000,0.000,0.000,0.000,0.000,0.000,0.000,0.000,0.000,0.000,0.000,0.000,0.000,0.000,0.000,0.000,0.000,0.000,0.000,0.000,0.000,0.000,0.000,0.000,0.000,0.000,0.000,0.000,0.000,0.000,0.000,0.000,0.000,0.000,0.000,0.000,0.000,0.000,0.000,0.000,0.000,0.000,0.000,0.000,0.000,0.000,0.000,0.000,0.000,0.000,0.000,0.000,0.000,0.000,0.000,0.000,0.000,0.000,0.000,0.000
0.000,0.000,0.000,0.000,0.000,0.000,0.000,0.000,0.000,0.000,0.000,0.000,0.000,0.000,0.000,0.000,0.000,0.000,0.000,0.000,0.000,0.000,0.000,0.000,0.000,0.000,0.000,0.000,0.000,0.000,0.000,0.000,0.000,0.000,0.000,0.000,0.000,0.000,0.000,0.000,0.000,0.000,0.000,0.000,0.000,0.000,0.000,0.000,0.000,0.000,0.000,0.000,0.000,0.000,0.000,0.000,0.000,0.000,0.000,0.000,0.000,0.000,0.000,0.000,0.000,0.000,0.000,0.000,0.000,0.000,0.000,0.000,0.000,0.000,0.000,0.000,0.000,0.000,0.000,0.000
0.000,0.000,0.000,0.000,0.000,0.000,0.000,0.000,0.000,0.000,0.000,0.000,0.000,0.000,0.000,0.000,0.000,0.000,0.000,0.000,0.000,0.000,0.000,0.000,0.000,0.000,0.000,0.000,0.000,0.000,0.000,0.000,0.000,0.000,0.000,0.000,0.000,0.000,0.000,0.000,0.000,0.000,0.000,0.000,0.000,0.000,0.000,0.000,0.000,0.000,0.000,0.000,0.000,0.000,0.000,0.000,0.000,0.000,0.000,0.000,0.000,0.000,0.000,0.000,0.000,0.000,0.000,0.000,0.000,0.000,0.000,0.000,0.000,0.000,0.000,0.000,0.000,0.000,0.000,0.000
0.000,0.000,0.000,0.000,0.000,0.000,0.000,0.000,0.000,0.000,0.000,0.000,0.000,0.000,0.000,1.000,0.000,0.000,1.000,0.000,0.000,0.000,0.000,0.000,0.000,0.000,0.000,0.000,0.000,0.000,0.000,0.000,0.000,0.000,0.000,0.000,0.000,0.000,1.000,0.000,0.000,0.000,0.000,0.000,0.000,1.000,0.000,0.000,0.000,1.000,0.000,0.000,0.000,0.000,0.000,0.000,0.000,0.000,0.000,0.000,0.000,0.000,0.000,0.000,0.000,0.000,0.000,0.000,1.000,0.000,0.000,1.000,0.000,0.000,0.000,0.000,0.000,0.000,0.000,0.000
0.000,0.000,0.000,0.000,0.000,0.000,0.000,0.000,0.000,0.000,0.000,0.000,0.000,0.000,0.000,0.000,0.000,0.000,0.000,0.000,0.000,0.000,0.000,0.000,0.000,0.000,0.000,0.000,0.000,0.000,0.000,0.000,0.000,0.000,0.000,0.000,0.000,0.000,0.000,0.000,0.000,0.000,0.000,0.000,0.000,0.000,0.000,0.000,0.000,0.000,0.000,0.000,0.000,0.000,0.000,0.000,0.000,0.000,0.000,0.000,0.000,0.000,0.000,0.000,0.000,0.000,0.000,0.000,0.000,0.000,0.000,0.000,0.000,0.000,0.000,0.000,0.000,0.000,0.000,0.000
0.000,0.000,0.000,0.000,0.000,0.000,0.000,0.000,0.000,0.000,0.000,0.000,0.000,0.000,0.000,0.000,0.000,0.000,0.000,0.000,0.000,0.000,0.000,0.000,0.000,0.000,0.000,0.000,0.000,0.000,0.000,0.000,0.000,0.000,0.000,0.000,0.000,0.000,0.000,0.000,0.000,0.000,0.000,0.000,0.000,0.000,0.000,0.000,0.000,0.000,0.000,0.000,0.000,0.000,0.000,0.000,0.000,0.000,0.000,0.000,0.000,0.000,0.000,0.000,0.000,0.000,0.000,0.000,0.000,0.000,0.000,0.000,0.000,0.000,0.000,0.000,0.000,0.000,0.000,0.000
0.000,0.000,0.000,0.000,0.000,0.000,0.000,0.000,0.000,0.000,0.000,0.000,0.000,0.000,0.000,0.000,0.000,0.000,0.000,0.000,0.000,0.000,0.000,0.000,0.000,0.000,0.000,0.000,0.000,0.000,0.000,0.000,0.000,0.000,0.000,0.000,0.000,0.000,0.000,0.000,0.000,0.000,0.000,0.000,0.000,0.000,0.000,0.000,0.000,0.000,0.000,0.000,0.000,0.000,0.000,0.000,0.000,0.000,0.000,0.000,0.000,0.000,0.000,0.000,0.000,0.000,0.000,0.000,0.000,0.000,0.000,0.000,0.000,0.000,0.000,0.000,0.000,0.000,0.000,0.000
0.000,0.000,0.000,0.000,0.000,0.000,0.000,0.000,0.000,0.000,0.000,0.000,0.000,0.000,0.000,0.000,0.000,0.000,0.000,0.000,0.000,0.000,0.000,0.000,0.000,0.000,0.000,0.000,0.000,0.000,0.000,0.000,0.000,0.000,0.000,0.000,0.000,0.000,0.000,0.000,0.000,0.000,0.000,0.000,0.000,0.000,0.000,0.000,0.000,0.000,0.000,0.000,0.000,0.000,0.000,0.000,0.000,0.000,0.000,0.000,0.000,0.000,0.000,0.000,0.000,0.000,0.000,0.000,0.000,0.000,0.000,0.000,0.000,0.000,0.000,0.000,0.000,0.000,0.000,0.000
0.000,0.000,0.000,0.000,0.000,0.000,0.000,0.000,0.000,0.000,0.000,0.000,0.000,0.000,0.000,0.000,0.000,0.000,0.000,0.000,0.000,0.000,0.000,0.000,0.000,0.000,0.000,0.000,0.000,0.000,0.000,0.000,0.000,0.000,0.000,0.000,0.000,0.000,0.000,0.000,0.000,0.000,0.000,0.000,0.000,0.000,0.000,0.000,0.000,0.000,0.000,0.000,0.000,0.000,0.000,0.000,0.000,0.000,0.000,0.000,0.000,0.000,0.000,0.000,0.000,0.000,0.000,0.000,0.000,0.000,0.000,0.000,0.000,0.000,0.000,0.000,0.000,0.000,0.000,0.000
0.000,0.000,0.000,0.000,0.000,0.000,0.000,0.000,0.000,0.000,0.000,0.000,0.000,0.000,0.000,0.000,0.000,0.000,0.000,0.000,0.000,0.000,0.000,0.000,0.000,0.000,0.000,0.000,0.000,0.000,0.000,0.000,0.000,0.000,0.000,0.000,0.000,0.000,0.000,0.000,0.000,0.000,0.000,0.000,0.000,0.000,0.000,0.000,0.000,0.000,0.000,0.000,0.000,0.000,0.000,0.000,0.000,0.000,0.000,0.000,0.000,0.000,0.000,0.000,0.000,0.000,0.000,0.000,0.000,0.000,0.000,0.000,0.000,0.000,0.000,0.000,0.000,0.000,0.000,0.000
0.000,0.000,0.000,0.000,0.000,0.000,0.000,0.000,0.000,0.000,0.000,0.000,0.000,0.000,0.000,0.000,0.000,0.000,0.000,0.000,0.000,0.000,0.000,0.000,0.000,0.000,0.000,0.000,0.000,0.000,0.000,0.000,0.000,0.000,0.000,0.000,0.000,0.000,0.000,0.000,0.000,0.000,0.000,0.000,0.000,0.000,0.000,0.000,0.000,0.000,0.000,0.000,0.000,0.000,0.000,0.000,0.000,0.000,0.000,0.000,0.000,0.000,0.000,0.000,0.000,0.000,0.000,0.000,0.000,0.000,0.000,0.000,0.000,0.000,0.000,0.000,0.000,0.000,0.000,0.000
0.000,0.000,0.000,0.000,0.000,0.000,0.000,0.000,0.000,0.000,0.000,0.000,0.000,0.000,0.000,0.000,0.000,0.000,0.000,0.000,0.000,0.000,0.000,0.000,0.000,0.000,0.000,0.000,0.000,0.000,0.000,0.000,0.000,0.000,0.000,0.000,0.000,0.000,0.000,0.000,0.000,0.000,0.000,0.000,0.000,0.000,0.000,0.000,0.000,0.000,0.000,0.000,0.000,0.000,0.000,0.000,0.000,0.000,0.000,0.000,0.000,0.000,0.000,0.000,0.000,0.000,0.000,0.000,0.000,0.000,0.000,0.000,0.000,0.000,0.000,0.000,0.000,0.000,0.000,0.000
0.000,0.000,0.000,0.000,0.000,0.000,0.000,0.000,0.000,0.000,0.000,0.000,0.000,0.000,0.000,0.000,0.000,0.000,0.000,0.000,0.000,0.000,0.000,0.000,0.000,0.000,0.000,0.000,0.000,0.000,0.000,0.000,0.000,0.000,0.000,0.000,0.000,0.000,0.000,0.000,0.000,0.000,0.000,0.000,0.000,0.000,0.000,0.000,0.000,0.000,0.000,0.000,0.000,0.000,0.000,0.000,0.000,0.000,0.000,0.000,0.000,0.000,0.000,0.000,0.000,0.000,0.000,0.000,0.000,0.000,0.000,0.000,0.000,0.000,0.000,0.000,0.000,0.000,0.000,0.000
0.000,0.000,0.000,0.000,0.000,0.000,0.000,0.000,0.000,0.000,0.000,0.000,0.000,0.000,0.000,0.000,0.000,0.000,0.000,0.000,0.000,0.000,0.000,0.000,0.000,0.000,0.000,0.000,0.000,0.000,0.000,0.000,0.000,0.000,0.000,0.000,0.000,0.000,0.000,0.000,0.000,0.000,0.000,0.000,0.000,0.000,0.000,0.000,0.000,0.000,0.000,0.000,0.000,0.000,0.000,0.000,0.000,0.000,0.000,0.000,0.000,0.000,0.000,0.000,0.000,0.000,0.000,0.000,0.000,0.000,0.000,0.000,0.000,0.000,0.000,0.000,0.000,0.000,0.000,0.000
0.000,0.000,0.000,0.000,0.000,0.000,0.000,0.000,0.000,0.000,0.000,0.000,0.000,0.000,0.000,0.000,0.000,0.000,0.000,0.000,0.000,0.000,0.000,0.000,0.000,0.000,0.000,0.000,0.000,0.000,0.000,0.000,0.000,0.000,0.000,0.000,0.000,0.000,0.000,0.000,0.000,0.000,0.000,0.000,0.000,0.000,0.000,0.000,0.000,0.000,0.000,0.000,0.000,0.000,0.000,0.000,0.000,0.000,0.000,0.000,0.000,0.000,0.000,0.000,0.000,0.000,0.000,0.000,0.000,0.000,0.000,0.000,0.000,0.000,0.000,0.000,0.000,0.000,0.000,0.000
0.000,0.000,0.000,0.000,0.000,0.000,0.000,0.000,0.000,0.000,0.000,0.000,0.000,0.000,0.000,0.000,0.000,0.000,0.000,0.000,0.000,0.000,0.000,0.000,0.000,0.000,0.000,0.000,0.000,0.000,0.000,0.000,0.000,0.000,0.000,0.000,0.000,0.000,0.000,0.000,0.000,0.000,0.000,0.000,0.000,0.000,0.000,0.000,0.000,0.000,0.000,0.000,0.000,0.000,0.000,0.000,0.000,0.000,0.000,0.000,0.000,0.000,0.000,0.000,0.000,0.000,0.000,0.000,0.000,0.000,0.000,0.000,0.000,0.000,0.000,0.000,0.000,0.000,0.000,0.000
0.000,0.000,0.000,0.000,0.000,0.000,0.000,0.000,0.000,0.000,0.000,0.000,0.000,0.000,0.000,0.000,0.000,0.000,0.000,0.000,0.000,0.000,0.000,0.000,0.000,0.000,0.000,0.000,0.000,0.000,0.000,0.000,0.000,0.000,0.000,0.000,0.000,0.000,0.000,0.000,0.000,0.000,0.000,0.000,0.000,0.000,0.000,0.000,0.000,0.000,0.000,0.000,0.000,0.000,0.000,0.000,0.000,0.000,0.000,0.000,0.000,0.000,0.000,0.000,0.000,0.000,0.000,0.000,0.000,0.000,0.000,0.000,0.000,0.000,0.000,0.000,0.000,0.000,0.000,0.000
0.000,0.000,0.000,0.000,0.000,0.000,0.000,0.000,0.000,0.000,0.000,0.000,0.000,0.000,0.000,0.000,0.000,0.000,0.000,0.000,0.000,0.000,0.000,0.000,0.000,0.000,0.000,0.000,0.000,0.000,0.000,0.000,0.000,0.000,0.000,0.000,0.000,0.000,0.000,0.000,0.000,0.000,0.000,0.000,0.000,0.000,0.000,0.000,0.000,0.000,0.000,0.000,0.000,0.000,0.000,0.000,0.000,0.000,0.000,0.000,0.000,0.000,0.000,0.000,0.000,0.000,0.000,0.000,0.000,0.000,0.000,0.000,0.000,0.000,0.000,0.000,0.000,0.000,0.000,0.000
0.000,0.000,0.000,0.000,0.000,0.000,0.000,0.000,0.000,0.000,0.000,0.000,0.000,0.000,0.000,0.000,0.000,0.000,0.000,0.000,0.000,0.000,0.000,1.000,0.000,0.000,0.000,0.000,0.000,0.000,0.000,0.000,0.000,0.000,0.000,0.000,0.000,0.000,0.000,0.000,0.000,0.000,0.000,0.000,0.000,0.000,0.000,0.000,0.000,0.000,0.000,0.000,0.000,0.000,0.000,0.000,0.000,0.000,0.000,0.000,0.000,0.000,0.000,0.000,0.000,0.000,0.000,0.000,0.000,0.000,0.000,0.000,0.000,0.000,0.000,0.000,0.000,0.000,0.000,0.000
0.000,0.000,0.000,0.000,0.000,0.000,0.000,0.000,0.000,0.000,0.000,0.000,0.000,0.000,0.000,0.000,0.000,0.000,0.000,0.000,0.000,0.000,0.000,0.000,0.000,0.000,0.000,0.000,0.000,0.000,0.000,0.000,0.000,0.000,0.000,0.000,0.000,0.000,0.000,0.000,0.000,0.000,0.000,0.000,0.000,0.000,0.000,0.000,0.000,0.000,0.000,0.000,0.000,0.000,0.000,0.000,0.000,0.000,0.000,0.000,0.000,0.000,0.000,0.000,0.000,0.000,0.000,0.000,0.000,0.000,0.000,0.000,0.000,0.000,0.000,0.000,0.000,0.000,0.000,0.000
0.000,0.000,0.000,0.000,0.000,0.000,0.000,0.000,0.000,0.000,0.000,0.000,0.000,0.000,0.000,0.000,0.000,0.000,0.000,0.000,0.000,0.000,0.000,0.000,0.000,0.000,0.000,0.000,0.000,0.000,0.000,0.000,0.000,0.000,0.000,0.000,0.000,0.000,0.000,0.000,0.000,0.000,0.000,0.000,0.000,0.000,0.000,0.000,0.000,0.000,0.000,0.000,0.000,0.000,0.000,0.000,0.000,0.000,0.000,0.000,0.000,0.000,0.000,0.000,0.000,0.000,0.000,0.000,0.000,0.000,0.000,0.000,0.000,0.000,0.000,0.000,0.000,0.000,0.000,0.000
0.000,0.000,0.000,0.000,0.000,0.000,0.000,0.000,0.000,0.000,0.000,0.000,0.000,0.000,0.000,0.000,0.000,0.000,0.000,0.000,0.000,0.000,0.000,0.000,0.000,0.000,0.000,0.000,0.000,0.000,0.000,0.000,0.000,0.000,0.000,0.000,0.000,0.000,0.000,0.000,0.000,0.000,0.000,0.000,0.000,0.000,0.000,0.000,0.000,0.000,0.000,0.000,0.000,0.000,0.000,0.000,0.000,0.000,0.000,0.000,0.000,0.000,0.000,0.000,0.000,0.000,0.000,0.000,0.000,0.000,0.000,0.000,0.000,0.000,0.000,0.000,0.000,0.000,0.000,0.000
0.000,0.000,0.000,0.000,0.000,0.000,0.000,0.000,0.000,0.000,0.000,0.000,0.000,0.000,0.000,0.000,0.000,0.000,0.000,0.000,0.000,0.000,0.000,0.000,0.000,0.000,0.000,0.000,0.000,0.000,0.000,0.000,0.000,0.000,0.000,0.000,0.000,0.000,0.000,0.000,0.000,0.000,0.000,0.000,0.000,0.000,0.000,0.000,0.000,0.000,0.000,0.000,0.000,0.000,0.000,0.000,0.000,0.000,0.000,0.000,0.000,0.000,0.000,0.000,0.000,0.000,0.000,0.000,0.000,0.000,0.000,0.000,0.000,0.000,0.000,0.000,0.000,0.000,0.000,0.000
0.000,0.000,0.000,0.000,0.000,0.000,0.000,0.000,0.000,0.000,0.000,0.000,0.000,0.000,0.000,0.000,0.000,0.000,0.000,0.000,0.000,0.000,0.000,0.000,0.000,0.000,0.000,0.000,0.000,0.000,0.000,0.000,0.000,0.000,0.000,0.000,0.000,0.000,0.000,0.000,0.000,0.000,0.000,0.000,0.000,0.000,0.000,0.000,0.000,0.000,0.000,0.000,0.000,0.000,0.000,0.000,0.000,0.000,0.000,0.000,0.000,0.000,0.000,0.000,0.000,0.000,0.000,0.000,0.000,0.000,0.000,0.000,0.000,0.000,0.000,0.000,0.000,0.000,0.000,0.000
0.000,0.000,0.000,0.000,0.000,0.000,0.000,0.000,0.000,0.000,0.000,0.000,0.000,0.000,0.000,0.000,0.000,0.000,0.000,0.000,0.000,0.000,0.000,0.000,0.000,0.000,0.000,0.000,0.000,0.000,0.000,0.000,0.000,0.000,0.000,0.000,0.000,0.000,0.000,0.000,0.000,0.000,0.000,0.000,0.000,0.000,0.000,0.000,0.000,0.000,0.000,0.000,0.000,0.000,0.000,0.000,0.000,0.000,0.000,0.000,0.000,0.000,0.000,0.000,0.000,0.000,0.000,0.000,0.000,0.000,0.000,0.000,0.000,0.000,0.000,0.000,0.000,0.000,0.000,0.000
0.000,0.000,0.000,0.000,0.000,0.000,0.000,0.000,0.000,0.000,0.000,0.000,0.000,0.000,0.000,0.000,0.000,0.000,0.000,0.000,0.000,0.000,0.000,0.000,0.000,0.000,0.000,0.000,0.000,0.000,0.000,0.000,0.000,0.000,0.000,0.000,0.000,0.000,0.000,0.000,0.000,0.000,0.000,0.000,0.000,0.000,0.000,0.000,0.000,0.000,0.000,0.000,0.000,0.000,0.000,0.000,0.000,0.000,0.000,0.000,0.000,0.000,0.000,0.000,0.000,0.000,0.000,0.000,0.000,0.000,0.000,0.000,0.000,0.000,0.000,0.000,0.000,0.000,0.000,0.000
0.000,0.000,0.000,0.000,0.000,0.000,0.000,0.000,0.000,0.000,0.000,0.000,0.000,0.000,0.000,0.000,0.000,0.000,0.000,0.000,0.000,0.000,0.000,0.000,0.000,0.000,0.000,0.000,0.000,0.000,0.000,0.000,0.000,0.000,0.000,0.000,0.000,0.000,0.000,0.000,0.000,0.000,0.000,0.000,0.000,0.000,0.000,0.000,0.000,0.000,0.000,0.000,0.000,0.000,0.000,0.000,0.000,0.000,0.000,0.000,0.000,0.000,0.000,0.000,0.000,0.000,0.000,0.000,0.000,0.000,0.000,0.000,0.000,0.000,0.000,0.000,0.000,0.000,0.000,0.000
0.000,0.000,0.000,0.000,0.000,0.000,0.000,0.000,0.000,0.000,0.000,1.000,0.000,0.000,0.000,0.000,0.000,0.000,1.000,0.000,0.000,0.000,0.000,0.000,0.000,0.000,0.000,0.000,0.000,0.000,0.000,0.000,0.000,1.000,0.000,0.000,0.000,0.000,0.000,0.000,0.000,0.000,0.000,0.000,1.000,0.000,0.000,0.000,0.000,0.000,0.000,0.000,0.000,0.000,0.000,1.000,0.000,0.000,0.000,0.000,0.000,0.000,0.000,0.000,0.000,1.000,0.000,0.000,0.000,0.000,0.000,0.000,0.000,0.000,0.000,0.000,0.000,0.000,0.000,0.000
0.000,0.000,0.000,0.000,0.000,0.000,0.000,0.000,0.000,0.000,0.000,0.000,0.000,0.000,0.000,0.000,0.000,1.000,0.000,0.000,0.000,0.000,0.000,0.000,1.000,0.000,0.000,0.000,0.000,0.000,0.000,0.000,1.000,1.000,0.000,0.000,0.000,0.000,0.000,0.000,0.000,0.000,0.000,0.000,0.000,0.000,0.000,0.000,0.000,0.000,0.000,0.000,0.000,0.000,0.000,0.000,0.000,0.000,0.000,0.000,0.000,0.000,0.000,0.000,0.000,0.000,0.000,0.000,0.000,0.000,0.000,0.000,0.000,0.000,0.000,0.000,0.000,0.000,0.000,0.000
0.000,0.000,0.000,0.000,0.000,0.000,0.000,0.000,0.000,0.000,0.000,0.000,0.000,0.000,0.000,0.000,0.000,0.000,0.000,0.000,0.000,0.000,0.000,0.000,0.000,0.000,0.000,0.000,0.000,0.000,0.000,0.000,0.000,0.000,0.000,0.000,0.000,0.000,0.000,0.000,0.000,0.000,0.000,0.000,0.000,0.000,0.000,0.000,0.000,0.000,0.000,0.000,0.000,0.000,0.000,0.000,0.000,0.000,0.000,0.000,0.000,0.000,0.000,0.000,0.000,0.000,0.000,0.000,0.000,0.000,0.000,0.000,0.000,0.000,0.000,0.000,0.000,0.000,0.000,0.000
0.000,0.000,0.000,0.000,0.000,0.000,0.000,0.000,0.000,0.000,0.000,0.000,0.000,0.000,0.000,0.000,0.000,0.000,0.000,0.000,0.000,0.000,0.000,0.000,0.000,0.000,0.000,0.000,0.000,0.000,0.000,0.000,0.000,0.000,0.000,0.000,0.000,0.000,0.000,0.000,0.000,0.000,0.000,0.000,0.000,0.000,0.000,0.000,0.000,0.000,0.000,0.000,0.000,0.000,0.000,0.000,0.000,0.000,0.000,0.000,0.000,0.000,0.000,0.000,0.000,0.000,0.000,0.000,0.000,0.000,0.000,0.000,0.000,0.000,0.000,0.000,0.000,0.000,0.000,0.000
0.000,0.000,0.000,0.000,0.000,0.000,0.000,0.000,0.000,0.000,0.000,0.000,0.000,0.000,0.000,0.000,0.000,0.000,0.000,0.000,0.000,0.000,0.000,0.000,0.000,0.000,0.000,0.000,0.000,0.000,0.000,0.000,0.000,0.000,0.000,0.000,0.000,0.000,0.000,0.000,0.000,0.000,0.000,0.000,0.000,0.000,0.000,0.000,0.000,0.000,0.000,0.000,0.000,0.000,0.000,0.000,0.000,0.000,0.000,0.000,0.000,0.000,0.000,0.000,0.000,0.000,0.000,0.000,0.000,0.000,0.000,0.000,0.000,0.000,0.000,0.000,0.000,0.000,0.000,0.000
0.000,0.000,0.000,0.000,0.000,0.000,0.000,0.000,0.000,0.000,0.000,0.000,0.000,0.000,0.000,0.000,0.000,0.000,0.000,0.000,0.000,0.000,0.000,0.000,0.000,0.000,0.000,0.000,0.000,0.000,0.000,0.000,0.000,0.000,0.000,0.000,0.000,0.000,0.000,0.000,0.000,0.000,0.000,0.000,0.000,0.000,0.000,0.000,0.000,0.000,0.000,0.000,0.000,0.000,0.000,0.000,0.000,0.000,0.000,0.000,0.000,0.000,0.000,0.000,0.000,0.000,0.000,0.000,0.000,0.000,0.000,0.000,0.000,0.000,0.000,0.000,0.000,0.000,0.000,0.000
0.000,0.000,0.000,0.000,0.000,0.000,0.000,0.000,0.000,0.000,0.000,0.000,0.000,0.000,0.000,0.000,0.000,0.000,0.000,0.000,0.000,0.000,0.000,0.000,0.000,0.000,0.000,0.000,0.000,0.000,0.000,0.000,0.000,0.000,0.000,0.000,0.000,0.000,0.000,0.000,0.000,0.000,0.000,0.000,0.000,0.000,0.000,0.000,0.000,0.000,0.000,0.000,0.000,0.000,0.000,0.000,0.000,0.000,0.000,0.000,0.000,0.000,0.000,0.000,0.000,0.000,0.000,0.000,0.000,0.000,0.000,0.000,0.000,0.000,0.000,0.000,0.000,0.000,0.000,0.000
0.000,0.000,0.000,0.000,0.000,0.000,0.000,0.000,0.000,0.000,0.000,0.000,0.000,0.000,0.000,0.000,0.000,0.000,0.000,0.000,0.000,0.000,0.000,0.000,0.000,0.000,0.000,0.000,0.000,0.000,0.000,0.000,0.000,0.000,0.000,0.000,0.000,0.000,0.000,0.000,0.000,0.000,0.000,0.000,0.000,0.000,0.000,0.000,0.000,0.000,0.000,0.000,0.000,0.000,0.000,0.000,0.000,0.000,0.000,0.000,0.000,0.000,0.000,0.000,0.000,0.000,0.000,0.000,0.000,0.000,0.000,0.000,0.000,0.000,0.000,0.000,0.000,0.000,0.000,0.000
0.000,0.000,0.000,0.000,0.000,0.000,0.000,0.000,0.000,0.000,0.000,0.000,0.000,0.000,0.000,0.000,0.000,0.000,0.000,0.000,0.000,0.000,0.000,0.000,0.000,0.000,0.000,0.000,0.000,0.000,0.000,0.000,0.000,0.000,0.000,0.000,0.000,0.000,0.000,1.000,0.000,0.000,0.000,0.000,0.000,0.000,0.000,0.000,0.000,0.000,0.000,0.000,0.000,0.000,0.000,0.000,0.000,0.000,1.000,0.000,0.000,0.000,0.000,1.000,0.000,0.000,0.000,0.000,0.000,0.000,0.000,0.000,0.000,0.000,0.000,0.000,1.000,0.000,0.000,0.000
0.000,0.000,0.000,0.000,0.000,0.000,0.000,0.000,0.000,0.000,0.000,0.000,0.000,0.000,0.000,0.000,0.000,0.000,0.000,0.000,0.000,0.000,0.000,0.000,0.000,0.000,0.000,0.000,0.000,0.000,0.000,0.000,0.000,0.000,0.000,0.000,0.000,0.000,0.000,0.000,0.000,0.000,0.000,0.000,0.000,0.000,0.000,0.000,0.000,0.000,0.000,0.000,0.000,0.000,0.000,0.000,0.000,0.000,0.000,0.000,0.000,0.000,0.000,0.000,0.000,0.000,0.000,0.000,0.000,0.000,0.000,0.000,0.000,0.000,0.000,0.000,0.000,0.000,0.000,0.000
0.000,0.000,0.000,0.000,0.000,0.000,0.000,0.000,0.000,0.000,0.000,0.000,0.000,0.000,0.000,0.000,0.000,0.000,0.000,0.000,0.000,0.000,0.000,0.000,0.000,0.000,0.000,0.000,0.000,0.000,0.000,0.000,0.000,0.000,0.000,0.000,0.000,0.000,0.000,0.000,0.000,0.000,0.000,0.000,0.000,0.000,0.000,0.000,0.000,0.000,0.000,0.000,0.000,0.000,0.000,0.000,0.000,0.000,0.000,0.000,0.000,0.000,0.000,0.000,0.000,0.000,0.000,0.000,0.000,0.000,0.000,0.000,0.000,0.000,0.000,0.000,0.000,0.000,0.000,0.000
0.000,0.000,0.000,0.000,0.000,0.000,0.000,0.000,0.000,0.000,0.000,0.000,0.000,0.000,0.000,0.000,0.000,0.000,0.000,0.000,0.000,0.000,0.000,0.000,0.000,0.000,0.000,0.000,0.000,0.000,0.000,0.000,1.000,0.000,0.000,0.000,0.000,0.000,0.000,0.000,0.000,0.000,0.000,0.000,0.000,0.000,0.000,1.000,0.000,0.000,1.000,0.000,0.000,1.000,0.000,0.000,0.000,0.000,0.000,0.000,0.000,0.000,0.000,0.000,0.000,0.000,1.000,0.000,1.000,0.000,0.000,0.000,0.000,1.000,0.000,0.000,0.000,0.000,0.000,0.000
0.000,0.000,0.000,0.000,0.000,0.000,0.000,0.000,0.000,0.000,0.000,0.000,0.000,0.000,0.000,0.000,0.000,0.000,0.000,0.000,0.000,0.000,0.000,0.000,0.000,0.000,0.000,0.000,0.000,0.000,0.000,0.000,0.000,0.000,0.000,0.000,0.000,0.000,0.000,0.000,0.000,0.000,0.000,0.000,0.000,0.000,0.000,0.000,0.000,0.000,0.000,0.000,0.000,0.000,0.000,0.000,0.000,0.000,0.000,0.000,0.000,0.000,0.000,0.000,0.000,0.000,0.000,0.000,0.000,0.000,0.000,0.000,0.000,0.000,0.000,0.000,0.000,0.000,0.000,0.000
0.000,0.000,0.000,0.000,0.000,0.000,0.000,0.000,0.000,0.000,0.000,0.000,0.000,0.000,0.000,0.000,0.000,0.000,0.000,0.000,0.000,0.000,0.000,0.000,0.000,0.000,0.000,0.000,0.000,0.000,0.000,0.000,0.000,0.000,0.000,0.000,0.000,0.000,0.000,0.000,0.000,0.000,0.000,0.000,0.000,0.000,0.000,0.000,0.000,0.000,0.000,0.000,0.000,0.000,0.000,0.000,0.000,0.000,0.000,0.000,0.000,0.000,0.000,0.000,0.000,0.000,0.000,0.000,0.000,0.000,0.000,0.000,0.000,0.000,0.000,0.000,0.000,0.000,0.000,0.000
0.000,0.000,0.000,0.000,0.000,0.000,0.000,0.000,0.000,0.000,0.000,0.000,0.000,0.000,0.000,0.000,0.000,0.000,0.000,0.000,0.000,0.000,0.000,0.000,0.000,0.000,0.000,0.000,0.000,0.000,0.000,0.000,0.000,0.000,0.000,0.000,0.000,0.000,0.000,0.000,0.000,0.000,0.000,0.000,0.000,0.000,0.000,0.000,0.000,0.000,0.000,0.000,0.000,0.000,0.000,0.000,0.000,0.000,0.000,0.000,0.000,0.000,0.000,0.000,0.000,0.000,0.000,0.000,0.000,0.000,0.000,0.000,0.000,0.000,0.000,0.000,0.000,0.000,0.000,0.000
0.000,0.000,0.000,0.000,0.000,0.000,0.000,0.000,0.000,0.000,0.000,0.000,0.000,0.000,0.000,0.000,0.000,0.000,0.000,0.000,0.000,0.000,0.000,0.000,0.000,0.000,0.000,0.000,0.000,0.000,0.000,0.000,0.000,0.000,0.000,0.000,0.000,0.000,0.000,0.000,0.000,0.000,0.000,0.000,0.000,0.000,0.000,0.000,0.000,0.000,0.000,0.000,0.000,0.000,0.000,0.000,0.000,0.000,0.000,0.000,0.000,0.000,0.000,0.000,0.000,0.000,0.000,0.000,0.000,0.000,0.000,0.000,0.000,0.000,0.000,0.000,0.000,0.000,0.000,0.000
176.000,163.000,103.000,199.000,135.000,181.000,124.000,146.000,128.000,137.000,126.000,174.000,190.000,144.000,143.000,133.000,133.000,152.000,159.000,174.000,177.000,136.000,166.000,138.000,127.000,195.000,129.000,142.000,199.000,111.000,184.000,161.000,118.000,162.000,102.000,126.000,171.000,115.000,179.000,184.000,134.000,122.000,138.000,132.000,155.000,172.000,127.000,117.000,184.000,119.000,124.000,124.000,183.000,167.000,127.000,163.000,121.000,189.000,161.000,180.000,190.000,184.000,180.000,103.000,108.000,134.000,168.000,119.000,122.000,146.000,161.000,143.000,133.000,102.000,153.000,117.000,179.000,165.000,126.000,174.000
0.000,0.000,0.000,0.000,0.000,0.000,0.000,0.000,0.000,0.000,0.000,0.000,0.000,0.000,0.000,0.000,0.000,0.000,0.000,0.000,0.000,0.000,0.000,0.000,0.000,0.000,0.000,0.000,0.000,0.000,0.000,0.000,0.000,0.000,0.000,0.000,0.000,0.000,0.000,0.000,0.000,0.000,0.000,0.000,0.000,0.000,0.000,0.000,0.000,0.000,0.000,0.000,0.000,0.000,0.000,0.000,0.000,0.000,0.000,0.000,0.000,0.000,0.000,0.000,0.000,0.000,0.000,0.000,0.000,0.000,0.000,0.000,0.000,0.000,0.000,0.000,0.000,0.000,0.000,0.000
334.309
