94.000,99.000,7.000,38.000,91.000,2.000,48.000,71.000,94.000,41.000,35.000,81.000,24.000,27.000,12.000,59.000,42.000,1.000,10.000,96.000,34.000,61.000,18.000,45.000,51.000,27.000,51.000,4.000,80.000,4.000,21.000,27.000,95.000,87.000,88.000,13.000,100.000,79.000,53.000,97.000,93.000,9.000,49.000,85.000,29.000,96.000,9.000,97.000,50.000,13.000,49.000,85.000,65.000,18.000,71.000,21.000,50.000,67.000,23.000,49.000,90.000,22.000,96.000,21.000,99.000,73.000,84.000,30.000,99.000,52.000,100.000,33.000,59.000,91.000,52.000,22.000,18.000,98.000,39.000,49.000
44.000,96.000,79.000,60.000,68.000,49.000,99.000,93.000,76.000,24.000,67.000,85.000,11.000,16.000,10.000,33.000,42.000,96.000,6.000,26.000,27.000,6.000,83.000,54.000,33.000,53.000,47.000,29.000,38.000,34.000,90.000,22.000,61.000,2.000,36.000,25.000,28.000,43.000,50.000,67.000,16.000,21.000,67.000,61.000,3.000,23.000,9.000,11.000,49.000,62.000,41.000,65.000,34.000,44.000,54.000,37.000,47.000,77.000,22.000,42.000,100.000,76.000,96.000,14.000,44.000,12.000,25.000,56.000,29.000,30.000,28.000,60.000,53.000,37.000,73.000,4.000,70.000,52.000,9.000,58.000
81.000,79.000,82.000,11.000,24.000,52.000,98.000,27.000,11.000,18.000,25.000,23.000,84.000,92.000,1.000,96.000,27.000,3.000,28.000,53.000,65.000,34.000,48.000,66.000,41.000,81.000,95.000,35.000,18.000,45.000,65.000,17.000,64.000,98.000,92.000,40.000,34.000,81.000,87.000,50.000,16.000,91.000,43.000,83.000,9.000,27.000,31.000,72.000,17.000,63.000,85.000,28.000,25.000,58.000,40.000,50.000,85.000,65.000,77.000,19.000,46.000,23.000,54.000,85.000,84.000,32.000,26.000,58.000,83.000,93.000,87.000,47.000,86.000,46.000,17.000,26.000,34.000,46.000,15.000,100.000
78.000,61.000,86.000,14.000,4.000,49.000,65.000,98.000,74.000,100.000,55.000,95.000,99.000,41.000,75.000,58.000,81.000,41.000,31.000,95.000,73.000,82.000,56.000,79.000,67.000,97.000,41.000,56.000,72.000,13.000,82.000,83.000,47.000,94.000,95.000,68.000,24.000,27.000,11.000,91.000,5.000,2.000,95.000,76.000,92.000,57.000,8.000,13.000,88.000,65.000,33.000,34.000,100.000,7.000,22.000,39.000,49.000,76.000,7.000,27.000,11.000,60.000,77.000,16.000,66.000,51.000,87.000,9.000,15.000,74.000,10.000,30.000,26.000,16.000,30.000,29.000,61.000,4.000,8.000,61.000
78.000,41.000,9.000,44.000,26.000,70.000,37.000,89.000,28.000,50.000,47.000,86.000,50.000,77.000,98.000,86.000,85.000,59.000,6.000,62.000,87.000,4.000,3.000,57.000,69.000,96.000,55.000,50.000,5.000,26.000,4.000,3.000,87.000,57.000,66.000,30.000,21.000,37.000,50.000,60.000,22.000,20.000,32.000,11.000,56.000,47.000,59.000,68.000,79.000,38.000,6.000,12.000,75.000,81.000,88.000,6.000,25.000,81.000,57.000,97.000,66.000,86.000,75.000,1.000,23.000,11.000,83.000,46.000,19.000,37.000,65.000,35.000,44.000,35.000,20.000,28.000,79.000,36.000,33.000,41.000
70.000,54.000,59.000,86.000,32.000,67.000,52.000,92.000,82.000,16.000,92.000,3.000,78.000,66.000,24.000,97.000,56.000,95.000,47.000,27.000,53.000,39.000,79.000,62.000,29.000,42.000,13.000,44.000,93.000,9.000,34.000,99.000,45.000,53.000,38.000,67.000,91.000,28.000,82.000,46.000,72.000,78.000,83.000,13.000,40.000,58.000,87.000,78.000,66.000,100.000,13.000,39.000,84.000,29.000,22.000,84.000,13.000,64.000,61.000,67.000,79.000,39.000,70.000,75.000,62.000,87.000,1.000,68.000,12.000,93.000,68.000,97.000,53.000,42.000,23.000,94.000,44.000,83.000,12.000,38.000
71.000,69.000,54.000,69.000,28.000,44.000,64.000,25.000,49.000,79.000,66.000,25.000,50.000,25.000,17.000,29.000,60.000,42.000,68.000,19.000,40.000,79.000,38.000,18.000,26.000,47.000,45.000,11.000,27.000,14.000,74.000,77.000,97.000,93.000,54.000,57.000,78.000,43.000,71.000,71.000,48.000,21.000,59.000,70.000,2.000,34.000,18.000,64.000,100.000,43.000,92.000,59.000,8.000,100.000,27.000,74.000,58.000,98.000,99.000,99.000,17.000,77.000,6.000,86.000,29.000,25.000,74.000,75.000,71.000,60.000,84.000,92.000,14.000,9.000,84.000,83.000,70.000,34.000,47.000,99.000
97.000,65.000,40.000,66.000,68.000,7.000,92.000,99.000,2.000,43.000,78.000,83.000,53.000,53.000,2.000,63.000,95.000,53.000,41.000,19.000,46.000,79.000,90.000,95.000,14.000,78.000,3.000,35.000,72.000,94.000,81.000,78.000,67.000,70.000,30.000,19.000,70.000,68.000,22.000,51.000,25.000,70.000,71.000,33.000,92.000,41.000,67.000,67.000,17.000,70.000,91.000,92.000,76.000,62.000,77.000,43.000,49.000,68.000,63.000,43.000,66.000,10.000,82.000,28.000,73.000,54.000,21.000,50.000,44.000,77.000,8.000,60.000,68.000,27.000,97.000,19.000,38.000,64.000,30.000,17.000
61.000,22.000,3.000,55.000,84.000,85.000,66.000,96.000,78.000,45.000,4.000,89.000,34.000,22.000,85.000,81.000,3.000,48.000,28.000,6.000,65.000,92.000,67.000,31.000,64.000,89.000,9.000,1.000,40.000,47.000,90.000,28.000,41.000,33.000,26.000,66.000,88.000,53.000,43.000,67.000,86.000,5.000,52.000,5.000,35.000,67.000,29.000,4.000,53.000,55.000,41.000,31.000,78.000,34.000,28.000,64.000,45.000,51.000,31.000,85.000,2.000,12.000,76.000,72.000,25.000,55.000,81.000,66.000,58.000,75.000,72.000,87.000,18.000,59.000,31.000,59.000,24.000,35.000,79.000,9.000
15.000,8.000,59.000,5.000,54.000,13.000,58.000,47.000,37.000,43.000,89.000,96.000,58.000,96.000,57.000,9.000,39.000,77.000,18.000,23.000,79.000,19.000,82.000,74.000,86.000,69.000,62.000,86.000,2.000,16.000,71.000,2.000,77.000,41.000,46.000,84.000,86.000,98.000,58.000,6.000,73.000,25.000,21.000,19.000,3.000,35.000,74.000,46.000,55.000,13.000,62.000,17.000,52.000,55.000,56.000,85.000,36.000,15.000,57.000,40.000,14.000,93.000,11.000,85.000,60.000,74.000,67.000,19.000,77.000,60.000,22.000,73.000,53.000,17.000,57.000,23.000,19.000,18.000,53.000,66.000
72.000,87.000,79.000,41.000,79.000,50.000,96.000,17.000,76.000,94.000,90.000,24.000,73.000,82.000,5.000,70.000,83.000,49.000,29.000,20.000,73.000,52.000,42.000,5.000,1.000,69.000,94.000,9.000,3.000,90.000,12.000,18.000,46.000,87.000,43.000,24.000,83.000,4.000,43.000,38.000,96.000,28.000,62.000,83.000,35.000,95.000,38.000,65.000,58.000,47.000,52.000,20.000,36.000,92.000,88.000,66.000,38.000,38.000,78.000,43.000,35.000,18.000,20.000,56.000,17.000,89.000,52.000,71.000,36.000,87.000,15.000,33.000,81.000,69.000,64.000,32.000,86.000,23.000,59.000,77.000
72.000,16.000,35.000,10.000,86.000,41.000,22.000,14.000,5.000,4.000,62.000,73.000,95.000,40.000,5.000,28.000,58.000,26.000,25.000,74.000,2.000,100.000,71.000,68.000,61.000,66.000,16.000,30.000,82.000,88.000,42.000,94.000,47.000,43.000,88.000,6.000,86.000,98.000,38.000,75.000,55.000,10.000,93.000,43.000,89.000,45.000,54.000,14.000,97.000,79.000,83.000,32.000,84.000,58.000,88.000,31.000,15.000,49.000,11.000,30.000,5.000,86.000,88.000,56.000,24.000,4.000,63.000,25.000,65.000,93.000,96.000,53.000,90.000,44.000,5.000,61.000,76.000,16.000,49.000,35.000
32.000,24.000,50.000,42.000,58.000,18.000,47.000,9.000,18.000,51.000,44.000,46.000,40.000,62.000,33.000,100.000,83.000,91.000,28.000,49.000,68.000,83.000,40.000,56.000,44.000,36.000,25.000,36.000,64.000,17.000,24.000,66.000,12.000,26.000,72.000,96.000,100.000,70.000,28.000,58.000,73.000,10.000,21.000,35.000,94.000,47.000,35.000,36.000,50.000,88.000,9.000,26.000,90.000,35.000,45.000,33.000,77.000,81.000,46.000,90.000,16.000,18.000,62.000,70.000,92.000,7.000,76.000,21.000,48.000,9.000,42.000,59.000,100.000,10.000,22.000,20.000,48.000,3.000,8.000,63.000
95.000,91.000,38.000,6.000,97.000,33.000,68.000,28.000,88.000,34.000,43.000,83.000,67.000,36.000,62.000,34.000,29.000,25.000,50.000,25.000,80.000,44.000,44.000,75.000,75.000,32.000,16.000,37.000,51.000,5.000,46.000,84.000,96.000,61.000,67.000,70.000,78.000,32.000,73.000,12.000,47.000,62.000,54.000,62.000,53.000,77.000,1.000,98.000,86.000,31.000,85.000,68.000,29.000,75.000,3.000,65.000,11.000,70.000,66.000,30.000,89.000,9.000,54.000,92.000,41.000,95.000,90.000,57.000,78.000,99.000,8.000,88.000,5.000,9.000,100.000,28.000,86.000,55.000,3.000,30.000
87.000,39.000,27.000,54.000,34.000,91.000,62.000,62.000,88.000,52.000,65.000,52.000,66.000,71.000,24.000,60.000,15.000,19.000,82.000,13.000,51.000,96.000,85.000,31.000,24.000,64.000,36.000,38.000,18.000,4.000,78.000,2.000,79.000,25.000,46.000,99.000,74.000,68.000,86.000,5.000,40.000,44.000,22.000,1.000,3.000,46.000,77.000,27.000,50.000,27.000,81.000,55.000,50.000,29.000,83.000,18.000,86.000,28.000,97.000,100.000,99.000,2.000,70.000,51.000,14.000,91.000,81.000,93.000,18.000,66.000,56.000,32.000,75.000,59.000,31.000,10.000,90.000,25.000,5.000,10.000
73.000,4.000,26.000,73.000,19.000,31.000,96.000,91.000,70.000,44.000,59.000,33.000,61.000,26.000,6.000,70.000,16.000,20.000,74.000,33.000,8.000,78.000,24.000,28.000,41.000,23.000,41.000,85.000,70.000,32.000,60.000,5.000,45.000,64.000,40.000,4.000,64.000,54.000,91.000,27.000,2.000,56.000,78.000,48.000,49.000,60.000,73.000,98.000,8.000,28.000,40.000,7.000,10.000,85.000,74.000,73.000,94.000,87.000,92.000,71.000,41.000,72.000,100.000,16.000,78.000,18.000,38.000,58.000,51.000,39.000,97.000,70.000,24.000,48.000,49.000,65.000,18.000,66.000,62.000,97.000
23.000,45.000,73.000,19.000,21.000,7.000,73.000,57.000,91.000,97.000,89.000,9.000,77.000,68.000,44.000,51.000,36.000,26.000,84.000,100.000,37.000,23.000,80.000,24.000,83.000,78.000,31.000,99.000,20.000,61.000,13.000,20.000,58.000,15.000,16.000,19.000,80.000,53.000,39.000,28.000,19.000,22.000,60.000,9.000,87.000,24.000,73.000,82.000,46.000,8.000,21.000,92.000,11.000,31.000,17.000,53.000,98.000,14.000,34.000,32.000,59.000,10.000,64.000,27.000,94.000,48.000,81.000,17.000,75.000,85.000,66.000,65.000,26.000,52.000,10.000,8.000,13.000,36.000,51.000,86.000
26.000,43.000,22.000,68.000,25.000,62.000,10.000,99.000,5.000,43.000,48.000,86.000,16.000,49.000,3.000,22.000,42.000,43.000,79.000,87.000,3.000,78.000,90.000,48.000,74.000,70.000,61.000,36.000,1.000,71.000,28.000,81.000,41.000,7.000,93.000,48.000,1.000,78.000,54.000,67.000,44.000,37.000,86.000,100.000,40.000,80.000,25.000,41.000,19.000,46.000,81.000,77.000,35.000,18.000,51.000,72.000,48.000,39.000,71.000,99.000,73.000,1.000,29.000,68.000,40.000,13.000,36.000,41.000,65.000,15.000,35.000,44.000,40.000,12.000,52.000,19.000,5.000,99.000,55.000,89.000
38.000,60.000,39.000,36.000,57.000,2.000,34.000,94.000,92.000,10.000,29.000,48.000,10.000,66.000,95.000,24.000,8.000,41.000,19.000,27.000,7.000,17.000,29.000,35.000,64.000,27.000,55.000,47.000,39.000,32.000,19.000,21.000,2.000,12.000,16.000,68.000,24.000,86.000,65.000,70.000,2.000,38.000,6.000,84.000,71.000,71.000,26.000,22.000,20.000,59.000,3.000,60.000,45.000,38.000,4.000,24.000,9.000,76.000,92.000,79.000,56.000,70.000,14.000,53.000,69.000,79.000,19.000,39.000,64.000,41.000,26.000,2.000,53.000,22.000,68.000,66.000,70.000,71.000,72.000,89.000
95.000,3.000,8.000,17.000,13.000,21.000,1.000,84.000,20.000,16.000,6.000,94.000,66.000,2.000,69.000,26.000,34.000,5.000,33.000,18.000,94.000,87.000,69.000,53.000,5.000,98.000,95.000,41.000,95.000,84.000,9.000,63.000,21.000,47.000,90.000,39.000,9.000,13.000,77.000,27.000,3.000,12.000,50.000,92.000,13.000,31.000,78.000,57.000,33.000,33.000,55.000,100.000,54.000,99.000,12.000,4.000,37.000,13.000,57.000,14.000,41.000,33.000,100.000,71.000,35.000,11.000,18.000,2.000,33.000,28.000,12.000,95.000,61.000,13.000,4.000,37.000,56.000,50.000,94.000,91.000
76.000,34.000,16.000,64.000,39.000,38.000,5.000,12.000,81.000,83.000,32.000,8.000,5.000,56.000,38.000,35.000,6.000,88.000,42.000,6.000,88.000,64.000,57.000,84.000,47.000,3.000,94.000,17.000,65.000,96.000,91.000,57.000,12.000,38.000,55.000,10.000,54.000,10.000,70.000,54.000,6.000,71.000,76.000,5.000,96.000,41.000,90.000,6.000,86.000,61.000,54.000,1.000,16.000,49.000,49.000,10.000,96.000,1.000,76.000,75.000,13.000,100.000,83.000,97.000,68.000,5.000,73.000,58.000,10.000,76.000,70.000,90.000,75.000,40.000,40.000,32.000,79.000,38.000,2.000,97.000
36.000,20.000,95.000,42.000,38.000,59.000,5.000,53.000,56.000,52.000,52.000,99.000,63.000,27.000,67.000,34.000,8.000,2.000,81.000,82.000,17.000,55.000,34.000,75.000,95.000,20.000,63.000,10.000,98.000,64.000,46.000,85.000,77.000,3.000,77.000,55.000,37.000,47.000,94.000,87.000,69.000,44.000,28.000,65.000,60.000,74.000,79.000,29.000,74.000,15.000,70.000,12.000,42.000,75.000,95.000,67.000,98.000,71.000,97.000,9.000,98.000,8.000,61.000,87.000,67.000,23.000,1.000,1.000,3.000,96.000,11.000,98.000,15.000,68.000,99.000,76.000,67.000,87.000,85.000,74.000
25.000,95.000,84.000,55.000,10.000,79.000,71.000,37.000,68.000,55.000,81.000,85.000,82.000,14.000,31.000,96.000,15.000,12.000,18.000,75.000,48.000,55.000,1.000,91.000,49.000,49.000,39.000,83.000,31.000,42.000,98.000,28.000,58.000,93.000,38.000,87.000,1.000,67.000,78.000,26.000,79.000,99.000,40.000,90.000,1.000,83.000,61.000,15.000,39.000,53.000,100.000,90.000,14.000,35.000,58.000,81.000,91.000,67.000,90.000,16.000,73.000,81.000,27.000,2.000,5.000,40.000,22.000,74.000,11.000,52.000,16.000,85.000,100.000,91.000,58.000,17.000,53.000,10.000,32.000,47.000
38.000,79.000,68.000,2.000,11.000,22.000,84.000,55.000,1.000,33.000,77.000,25.000,17.000,100.000,81.000,41.000,73.000,51.000,46.000,17.000,10.000,94.000,80.000,20.000,56.000,10.000,36.000,66.000,24.000,32.000,15.000,36.000,59.000,27.000,81.000,30.000,70.000,19.000,12.000,98.000,8.000,28.000,89.000,82.000,31.000,82.000,56.000,92.000,52.000,10.000,96.000,80.000,16.000,90.000,43.000,99.000,4.000,51.000,77.000,28.000,32.000,2.000,82.000,90.000,79.000,22.000,20.000,39.000,47.000,20.000,18.000,75.000,78.000,94.000,86.000,59.000,34.000,23.000,28.000,31.000
14.000,6.000,27.000,18.000,56.000,87.000,65.000,92.000,73.000,81.000,58.000,48.000,38.000,33.000,84.000,63.000,21.000,55.000,27.000,86.000,67.000,18.000,77.000,60.000,100.000,29.000,34.000,31.000,48.000,84.000,30.000,86.000,50.000,31.000,4.000,81.000,4.000,49.000,50.000,22.000,4.000,6.000,61.000,86.000,96.000,12.000,36.000,83.000,81.000,79.000,82.000,95.000,69.000,90.000,36.000,68.000,30.000,25.000,79.000,89.000,27.000,30.000,58.000,40.000,45.000,56.000,18.000,80.000,72.000,24.000,6.000,9.000,24.000,71.000,21.000,82.000,38.000,28.000,86.000,54.000
9.000,92.000,31.000,38.000,65.000,21.000,14.000,22.000,48.000,85.000,11.000,42.000,73.000,23.000,61.000,81.000,7.000,17.000,52.000,27.000,75.000,60.000,17.000,68.000,74.000,63.000,67.000,78.000,34.000,59.000,3.000,14.000,50.000,80.000,6.000,41.000,98.000,51.000,87.000,33.000,51.000,22.000,62.000,71.000,72.000,48.000,19.000,76.000,61.000,41.000,68.000,13.000,51.000,19.000,7.000,4.000,65.000,93.000,71.000,74.000,5.000,78.000,9.000,88.000,56.000,31.000,86.000,57.000,42.000,49.000,92.000,74.000,17.000,8.000,36.000,53.000,25.000,58.000,74.000,28.000
1.000,9.000,94.000,22.000,69.000,99.000,41.000,23.000,99.000,74.000,7.000,61.000,58.000,47.000,81.000,85.000,56.000,97.000,14.000,51.000,15.000,36.000,53.000,24.000,27.000,20.000,48.000,63.000,7.000,21.000,78.000,7.000,94.000,75.000,6.000,100.000,89.000,72.000,2.000,93.000,39.000,77.000,25.000,44.000,67.000,91.000,37.000,52.000,19.000,15.000,31.000,69.000,60.000,53.000,43.000,27.000,35.000,8.000,84.000,67.000,97.000,25.000,99.000,65.000,48.000,42.000,98.000,1.000,34.000,23.000,35.000,98.000,78.000,1.000,43.000,6.000,69.000,90.000,46.000,80.000
53.000,3.000,3.000,26.000,4.000,41.000,35.000,75.000,63.000,92.000,61.000,35.000,72.000,55.000,100.000,46.000,95.000,36.000,23.000,38.000,16.000,95.000,35.000,22.000,100.000,93.000,50.000,82.000,73.000,55.000,50.000,57.000,1.000,79.000,96.000,31.000,11.000,50.000,16.000,85.000,38.000,74.000,25.000,94.000,55.000,35.000,72.000,82.000,32.000,79.000,91.000,40.000,61.000,47.000,52.000,73.000,93.000,100.000,86.000,22.000,83.000,11.000,7.000,96.000,60.000,43.000,66.000,82.000,47.000,96.000,100.000,67.000,62.000,76.000,59.000,13.000,50.000,86.000,45.000,60.000
100.000,54.000,20.000,61.000,24.000,79.000,34.000,98.000,7.000,85.000,72.000,98.000,59.000,36.000,88.000,12.000,94.000,35.000,89.000,17.000,78.000,57.000,3.000,59.000,57.000,50.000,92.000,84.000,49.000,94.000,27.000,30.000,93.000,79.000,70.000,73.000,85.000,47.000,37.000,82.000,60.000,54.000,14.000,69.000,35.000,57.000,68.000,78.000,81.000,62.000,59.000,27.000,91.000,36.000,10.000,83.000,56.000,37.000,91.000,87.000,12.000,50.000,7.000,59.000,97.000,53.000,52.000,64.000,89.000,22.000,37.000,29.000,62.000,30.000,90.000,51.000,15.000,82.000,13.000,49.000
88.000,39.000,70.000,35.000,46.000,30.000,25.000,54.000,73.000,54.000,48.000,93.000,52.000,5.000,92.000,7.000,32.000,65.000,5.000,30.000,6.000,17.000,61.000,14.000,41.000,84.000,17.000,85.000,48.000,66.000,24.000,42.000,45.000,36.000,27.000,30.000,13.000,4.000,24.000,53.000,68.000,70.000,3.000,97.000,60.000,14.000,23.000,96.000,84.000,95.000,20.000,20.000,46.000,45.000,7.000,25.000,33.000,94.000,85.000,60.000,47.000,7.000,74.000,58.000,38.000,57.000,85.000,87.000,15.000,63.000,50.000,29.000,55.000,96.000,62.000,12.000,97.000,61.000,69.000,91.000
31.000,8.000,96.000,47.000,84.000,1.000,32.000,94.000,69.000,87.000,68.000,30.000,43.000,2.000,29.000,71.000,50.000,6.000,40.000,54.000,6.000,38.000,24.000,64.000,15.000,25.000,83.000,69.000,43.000,33.000,100.000,71.000,61.000,75.000,9.000,49.000,83.000,51.000,20.000,51.000,26.000,63.000,5.000,26.000,100.000,40.000,51.000,100.000,99.000,63.000,94.000,4.000,6.000,36.000,14.000,69.000,57.000,92.000,88.000,62.000,38.000,32.000,35.000,53.000,48.000,39.000,49.000,76.000,49.000,78.000,43.000,35.000,18.000,65.000,3.000,43.000,31.000,18.000,78.000,41.000
33.000,57.000,96.000,38.000,83.000,46.000,79.000,44.000,49.000,81.000,83.000,70.000,86.000,89.000,53.000,68.000,32.000,95.000,86.000,85.000,80.000,50.000,61.000,78.000,62.000,66.000,4.000,40.000,99.000,34.000,77.000,38.000,74.000,10.000,91.000,2.000,74.000,52.000,11.000,5.000,34.000,17.000,45.000,49.000,68.000,47.000,38.000,52.000,57.000,2.000,75.000,86.000,40.000,24.000,89.000,88.000,90.000,73.000,72.000,52.000,75.000,90.000,99.000,61.000,1.000,24.000,31.000,22.000,34.000,86.000,66.000,25.000,63.000,41.000,49.000,85.000,70.000,3.000,69.000,18.000
6.000,43.000,45.000,73.000,13.000,22.000,51.000,95.000,37.000,36.000,81.000,7.000,43.000,91.000,51.000,26.000,87.000,43.000,16.000,11.000,82.000,33.000,70.000,55.000,55.000,5.000,69.000,74.000,62.000,23.000,44.000,1.000,70.000,86.000,37.000,63.000,59.000,56.000,16.000,20.000,26.000,10.000,91.000,40.000,24.000,27.000,11.000,53.000,11.000,78.000,64.000,95.000,3.000,16.000,36.000,48.000,100.000,97.000,73.000,17.000,83.000,98.000,18.000,25.000,93.000,5.000,46.000,48.000,32.000,24.000,51.000,35.000,89.000,4.000,21.000,78.000,36.000,34.000,85.000,12.000
50.000,66.000,58.000,97.000,28.000,30.000,36.000,100.000,57.000,58.000,89.000,10.000,98.000,11.000,48.000,25.000,55.000,69.000,81.000,52.000,23.000,75.000,40.000,55.000,26.000,91.000,7.000,55.000,5.000,7.000,69.000,5.000,72.000,2.000,41.000,20.000,91.000,41.000,33.000,60.000,100.000,82.000,98.000,12.000,51.000,3.000,100.000,39.000,55.000,22.000,59.000,64.000,100.000,93.000,71.000,24.000,83.000,85.000,55.000,81.000,19.000,6.000,37.000,31.000,74.000,67.000,2.000,54.000,11.000,13.000,10.000,79.000,92.000,84.000,73.000,63.000,35.000,92.000,79.000,9.000
83.000,51.000,7.000,100.000,44.000,52.000,20.000,60.000,5.000,79.000,9.000,72.000,43.000,15.000,3.000,21.000,42.000,46.000,39.000,17.000,41.000,41.000,45.000,36.000,5.000,85.000,63.000,69.000,92.000,87.000,71.000,13.000,73.000,67.000,98.000,94.000,55.000,96.000,22.000,91.000,18.000,49.000,62.000,27.000,44.000,62.000,15.000,97.000,82.000,62.000,80.000,38.000,37.000,31.000,60.000,54.000,54.000,50.000,68.000,100.000,10.000,98.000,100.000,52.000,39.000,49.000,43.000,93.000,66.000,68.000,64.000,89.000,17.000,78.000,57.000,44.000,79.000,66.000,52.000,99.000
100.000,24.000,94.000,50.000,79.000,46.000,93.000,36.000,95.000,67.000,65.000,38.000,67.000,33.000,6.000,78.000,65.000,72.000,5.000,8.000,77.000,20.000,62.000,66.000,95.000,44.000,74.000,55.000,85.000,32.000,70.000,67.000,64.000,52.000,37.000,82.000,77.000,36.000,38.000,90.000,19.000,90.000,83.000,73.000,28.000,3.000,73.000,57.000,70.000,50.000,39.000,66.000,37.000,25.000,41.000,98.000,55.000,23.000,86.000,68.000,93.000,88.000,22.000,86.000,77.000,16.000,38.000,29.000,15.000,20.000,78.000,4.000,47.000,72.000,9.000,31.000,41.000,79.000,72.000,54.000
86.000,83.000,49.000,100.000,83.000,38.000,45.000,98.000,41.000,88.000,62.000,7.000,47.000,43.000,56.000,78.000,94.000,7.000,42.000,19.000,72.000,17.000,13.000,13.000,83.000,29.000,52.000,68.000,44.000,100.000,36.000,77.000,8.000,56.000,37.000,61.000,79.000,63.000,21.000,76.000,45.000,9.000,26.000,30.000,33.000,17.000,21.000,5.000,10.000,74.000,25.000,46.000,40.000,61.000,25.000,13.000,11.000,3.000,86.000,80.000,50.000,3.000,95.000,82.000,16.000,2.000,92.000,20.000,31.000,73.000,12.000,55.000,81.000,3.000,63.000,96.000,80.000,62.000,20.000,98.000
73.000,42.000,63.000,79.000,30.000,36.000,100.000,39.000,92.000,30.000,84.000,61.000,11.000,22.000,19.000,33.000,58.000,40.000,98.000,67.000,52.000,5.000,61.000,55.000,60.000,92.000,54.000,40.000,47.000,77.000,95.000,93.000,97.000,72.000,59.000,61.000,82.000,66.000,11.000,41.000,43.000,87.000,12.000,17.000,72.000,49.000,79.000,2.000,26.000,54.000,6.000,44.000,70.000,42.000,46.000,32.000,62.000,65.000,100.000,41.000,12.000,26.000,70.000,23.000,66.000,14.000,73.000,43.000,10.000,50.000,83.000,51.000,69.000,3.000,21.000,79.000,20.000,96.000,37.000,78.000
31.000,51.000,55.000,82.000,93.000,17.000,92.000,13.000,89.000,18.000,78.000,83.000,25.000,28.000,72.000,41.000,81.000,94.000,52.000,33.000,17.000,66.000,97.000,22.000,74.000,21.000,20.000,61.000,42.000,96.000,49.000,36.000,31.000,74.000,2.000,3.000,76.000,68.000,64.000,55.000,23.000,48.000,78.000,42.000,53.000,71.000,65.000,78.000,54.000,35.000,100.000,77.000,92.000,79.000,35.000,87.000,80.000,4.000,44.000,79.000,51.000,100.000,42.000,75.000,15.000,80.000,46.000,47.000,88.000,82.000,50.000,31.000,12.000,35.000,1.000,39.000,84.000,11.000,73.000,61.000
14.000,88.000,88.000,71.000,75.000,12.000,45.000,68.000,58.000,57.000,69.000,75.000,80.000,81.000,27.000,37.000,98.000,79.000,85.000,7.000,38.000,79.000,90.000,50.000,80.000,52.000,50.000,66.000,84.000,66.000,95.000,32.000,51.000,25.000,72.000,45.000,4.000,47.000,42.000,81.000,70.000,46.000,85.000,6.000,27.000,29.000,44.000,96.000,18.000,50.000,53.000,36.000,11.000,69.000,41.000,3.000,75.000,30.000,74.000,26.000,50.000,48.000,21.000,69.000,54.000,51.000,37.000,13.000,50.000,40.000,53.000,13.000,60.000,65.000,70.000,75.000,72.000,85.000,16.000,64.000
32.000,32.000,18.000,37.000,57.000,17.000,79.000,95.000,80.000,53.000,2.000,25.000,58.000,55.000,65.000,9.000,14.000,15.000,66.000,25.000,14.000,71.000,89.000,98.000,45.000,55.000,92.000,56.000,75.000,57.000,100.000,100.000,86.000,40.000,24.000,98.000,99.000,94.000,38.000,94.000,96.000,39.000,79.000,15.000,73.000,64.000,54.000,36.000,96.000,80.000,83.000,55.000,38.000,42.000,75.000,90.000,58.000,21.000,57.000,91.000,37.000,71.000,87.000,40.000,74.000,36.000,75.000,64.000,67.000,47.000,71.000,40.000,63.000,93.000,22.000,79.000,84.000,85.000,14.000,80.000
4.000,3.000,6.000,82.000,36.000,46.000,58.000,14.000,24.000,56.000,19.000,30.000,42.000,17.000,84.000,9.000,61.000,8.000,24.000,13.000,9.000,9.000,1.000,99.000,97.000,84.000,14.000,79.000,92.000,42.000,83.000,71.000,65.000,46.000,66.000,59.000,10.000,55.000,34.000,85.000,89.000,65.000,79.000,2.000,12.000,61.000,67.000,37.000,81.000,43.000,75.000,13.000,38.000,42.000,21.000,49.000,28.000,29.000,91.000,3.000,81.000,32.000,74.000,34.000,7.000,8.000,46.000,56.000,68.000,35.000,32.000,67.000,31.000,82.000,2.000,43.000,3.000,22.000,80.000,66.000
79.000,24.000,70.000,37.000,28.000,10.000,62.000,90.000,32.000,1.000,94.000,93.000,15.000,94.000,22.000,81.000,55.000,98.000,76.000,77.000,3.000,82.000,85.000,48.000,17.000,69.000,60.000,16.000,15.000,86.000,43.000,79.000,66.000,90.000,84.000,9.000,65.000,66.000,53.000,78.000,98.000,20.000,22.000,2.000,79.000,57.000,59.000,1.000,8.000,57.000,64.000,7.000,22.000,7.000,70.000,89.000,71.000,32.000,87.000,75.000,86.000,59.000,72.000,7.000,19.000,63.000,26.000,15.000,10.000,41.000,96.000,25.000,28.000,31.000,61.000,62.000,51.000,85.000,49.000,50.000
36.000,51.000,85.000,77.000,67.000,8.000,63.000,73.000,63.000,5.000,52.000,52.000,8.000,65.000,61.000,30.000,25.000,9.000,87.000,96.000,24.000,89.000,93.000,54.000,66.000,11.000,8.000,30.000,50.000,70.000,88.000,33.000,25.000,78.000,3.000,77.000,23.000,30.000,33.000,8.000,52.000,50.000,52.000,44.000,15.000,52.000,73.000,34.000,63.000,90.000,17.000,78.000,87.000,26.000,90.000,5.000,89.000,59.000,35.000,60.000,95.000,63.000,18.000,69.000,29.000,42.000,97.000,76.000,27.000,15.000,90.000,79.000,94.000,82.000,91.000,33.000,98.000,18.000,38.000,79.000
62.000,15.000,72.000,70.000,69.000,66.000,20.000,68.000,19.000,19.000,54.000,2.000,72.000,7.000,50.000,51.000,60.000,84.000,60.000,60.000,13.000,77.000,69.000,63.000,75.000,57.000,60.000,19.000,14.000,65.000,74.000,97.000,7.000,8.000,91.000,79.000,69.000,58.000,51.000,22.000,82.000,99.000,45.000,77.000,37.000,62.000,8.000,59.000,77.000,87.000,34.000,79.000,71.000,58.000,57.000,4.000,55.000,23.000,11.000,36.000,39.000,67.000,67.000,56.000,71.000,3.000,46.000,12.000,62.000,59.000,75.000,95.000,8.000,12.000,58.000,56.000,40.000,9.000,62.000,75.000
75.000,81.000,87.000,33.000,13.000,74.000,62.000,54.000,41.000,85.000,5.000,53.000,39.000,70.000,2.000,59.000,89.000,46.000,71.000,29.000,21.000,15.000,89.000,82.000,2.000,28.000,79.000,4.000,10.000,64.000,1.000,58.000,4.000,41.000,7.000,99.000,41.000,84.000,70.000,47.000,94.000,71.000,67.000,80.000,69.000,32.000,35.000,79.000,79.000,71.000,20.000,27.000,53.000,57.000,39.000,51.000,88.000,54.000,59.000,5.000,62.000,31.000,32.000,61.000,68.000,76.000,10.000,94.000,31.000,15.000,22.000,95.000,19.000,96.000,59.000,63.000,10.000,37.000,5.000,38.000
25.000,68.000,89.000,75.000,64.000,96.000,16.000,27.000,69.000,72.000,42.000,72.000,55.000,8.000,97.000,19.000,51.000,73.000,16.000,77.000,79.000,61.000,85.000,36.000,53.000,35.000,34.000,80.000,79.000,89.000,84.000,47.000,23.000,57.000,13.000,53.000,41.000,8.000,80.000,97.000,39.000,65.000,7.000,76.000,37.000,19.000,51.000,53.000,41.000,31.000,17.000,91.000,99.000,52.000,98.000,43.000,6.000,1.000,71.000,1.000,42.000,37.000,88.000,27.000,36.000,6.000,37.000,70.000,97.000,91.000,78.000,4.000,84.000,80.000,99.000,87.000,79.000,42.000,54.000,48.000
75.000,13.000,74.000,16.000,60.000,55.000,88.000,98.000,26.000,16.000,56.000,35.000,70.000,16.000,83.000,4.000,87.000,28.000,64.000,79.000,20.000,79.000,75.000,87.000,18.000,25.000,44.000,67.000,63.000,57.000,70.000,12.000,41.000,37.000,58.000,42.000,38.000,15.000,60.000,13.000,69.000,89.000,63.000,42.000,28.000,91.000,51.000,20.000,42.000,38.000,4.000,81.000,56.000,29.000,47.000,61.000,16.000,9.000,58.000,27.000,62.000,27.000,74.000,66.000,51.000,32.000,50.000,5.000,42.000,32.000,4.000,55.000,47.000,70.000,60.000,66.000,69.000,35.000,74.000,72.000
71.000,2.000,75.000,20.000,1.000,3.000,64.000,63.000,96.000,7.000,83.000,79.000,7.000,42.000,42.000,99.000,59.000,80.000,97.000,82.000,40.000,40.000,83.000,21.000,61.000,40.000,89.000,5.000,11.000,42.000,89.000,61.000,40.000,18.000,18.000,38.000,44.000,29.000,37.000,29.000,24.000,5.000,73.000,73.000,26.000,91.000,40.000,68.000,82.000,38.000,24.000,86.000,15.000,39.000,85.000,63.000,24.000,30.000,71.000,60.000,77.000,57.000,74.000,64.000,8.000,61.000,88.000,71.000,86.000,30.000,15.000,26.000,75.000,40.000,29.000,56.000,76.000,43.000,52.000,57.000
1.000,38.000,46.000,45.000,41.000,84.000,42.000,31.000,61.000,21.000,23.000,64.000,38.000,57.000,88.000,55.000,7.000,77.000,100.000,35.000,77.000,12.000,66.000,28.000,43.000,59.000,55.000,98.000,71.000,53.000,61.000,42.000,29.000,96.000,71.000,75.000,94.000,25.000,89.000,86.000,9.000,91.000,31.000,35.000,59.000,23.000,32.000,56.000,11.000,20.000,80.000,23.000,76.000,91.000,9.000,82.000,67.000,36.000,71.000,81.000,38.000,6.000,50.000,26.000,32.000,87.000,47.000,25.000,91.000,84.000,86.000,57.000,17.000,29.000,66.000,50.000,66.000,76.000,47.000,60.000
12.000,61.000,34.000,47.000,65.000,72.000,54.000,50.000,50.000,29.000,81.000,49.000,5.000,21.000,87.000,25.000,2.000,91.000,13.000,49.000,7.000,45.000,37.000,26.000,18.000,80.000,24.000,40.000,2.000,18.000,97.000,35.000,93.000,64.000,4.000,96.000,23.000,82.000,8.000,7.000,19.000,59.000,12.000,8.000,34.000,39.000,63.000,27.000,91.000,78.000,35.000,62.000,39.000,68.000,23.000,60.000,40.000,33.000,96.000,2.000,37.000,60.000,80.000,74.000,12.000,82.000,15.000,36.000,57.000,93.000,95.000,72.000,5.000,26.000,1.000,79.000,100.000,88.000,91.000,5.000
74.000,50.000,32.000,41.000,99.000,67.000,18.000,62.000,21.000,75.000,94.000,28.000,67.000,12.000,2.000,44.000,86.000,77.000,46.000,89.000,65.000,18.000,42.000,84.000,71.000,51.000,66.000,60.000,5.000,74.000,18.000,96.000,30.000,31.000,13.000,26.000,77.000,26.000,41.000,91.000,89.000,66.000,72.000,77.000,86.000,37.000,22.000,41.000,5.000,69.000,73.000,89.000,53.000,90.000,41.000,91.000,73.000,82.000,76.000,9.000,90.000,34.000,23.000,32.000,17.000,22.000,86.000,43.000,44.000,2.000,63.000,7.000,95.000,23.000,16.000,68.000,64.000,40.000,40.000,97.000
59.000,74.000,87.000,48.000,74.000,90.000,29.000,60.000,90.000,92.000,59.000,32.000,60.000,40.000,1.000,86.000,82.000,66.000,24.000,38.000,83.000,42.000,71.000,52.000,44.000,36.000,27.000,48.000,24.000,69.000,38.000,32.000,65.000,84.000,35.000,24.000,77.000,31.000,32.000,51.000,75.000,78.000,38.000,58.000,33.000,52.000,92.000,24.000,6.000,44.000,20.000,48.000,91.000,82.000,97.000,66.000,30.000,14.000,72.000,53.000,26.000,37.000,4.000,51.000,8.000,1.000,46.000,67.000,50.000,12.000,38.000,12.000,77.000,33.000,4.000,28.000,72.000,1.000,41.000,33.000
21.000,66.000,31.000,68.000,44.000,26.000,67.000,73.000,5.000,85.000,37.000,34.000,40.000,22.000,87.000,83.000,85.000,59.000,51.000,7.000,78.000,22.000,5.000,89.000,74.000,78.000,82.000,81.000,9.000,10.000,79.000,53.000,29.000,49.000,60.000,83.000,54.000,24.000,63.000,30.000,72.000,42.000,30.000,81.000,66.000,97.000,57.000,61.000,11.000,62.000,48.000,68.000,28.000,66.000,35.000,85.000,3.000,94.000,42.000,84.000,17.000,64.000,66.000,64.000,78.000,74.000,61.000,27.000,97.000,71.000,75.000,71.000,90.000,77.000,9.000,85.000,52.000,48.000,51.000,28.000
40.000,5.000,28.000,64.000,74.000,56.000,37.000,74.000,84.000,33.000,93.000,29.000,32.000,87.000,53.000,26.000,8.000,88.000,76.000,95.000,90.000,53.000,30.000,98.000,55.000,35.000,36.000,44.000,56.000,5.000,53.000,84.000,10.000,72.000,24.000,22.000,97.000,40.000,99.000,97.000,77.000,84.000,32.000,37.000,86.000,10.000,35.000,53.000,76.000,78.000,93.000,13.000,37.000,96.000,46.000,26.000,4.000,30.000,10.000,70.000,62.000,45.000,59.000,80.000,92.000,50.000,72.000,44.000,76.000,1.000,62.000,28.000,85.000,12.000,32.000,100.000,25.000,93.000,12.000,38.000
47.000,91.000,29.000,50.000,12.000,11.000,57.000,99.000,37.000,17.000,51.000,22.000,40.000,11.000,44.000,65.000,66.000,16.000,24.000,12.000,16.000,8.000,54.000,23.000,90.000,24.000,61.000,27.000,70.000,90.000,12.000,74.000,49.000,11.000,52.000,66.000,78.000,93.000,85.000,10.000,59.000,37.000,21.000,25.000,25.000,5.000,66.000,63.000,35.000,64.000,60.000,3.000,24.000,41.000,88.000,79.000,55.000,76.000,38.000,14.000,26.000,65.000,46.000,14.000,65.000,14.000,70.000,65.000,57.000,62.000,30.000,56.000,18.000,44.000,96.000,59.000,41.000,67.000,90.000,94.000
48.000,4.000,15.000,42.000,32.000,76.000,88.000,86.000,59.000,9.000,36.000,10.000,10.000,76.000,27.000,27.000,34.000,60.000,66.000,11.000,72.000,78.000,47.000,7.000,22.000,15.000,55.000,34.000,42.000,47.000,26.000,81.000,22.000,66.000,16.000,100.000,39.000,95.000,65.000,71.000,73.000,86.000,99.000,20.000,60.000,89.000,21.000,43.000,18.000,9.000,31.000,69.000,32.000,51.000,1.000,68.000,73.000,35.000,30.000,6.000,3.000,67.000,27.000,4.000,13.000,22.000,4.000,87.000,25.000,5.000,78.000,59.000,1.000,59.000,50.000,83.000,18.000,32.000,44.000,45.000
58.000,88.000,14.000,44.000,81.000,31.000,65.000,10.000,40.000,57.000,29.000,76.000,49.000,19.000,67.000,90.000,2.000,100.000,50.000,91.000,10.000,89.000,7.000,43.000,73.000,35.000,6.000,21.000,72.000,21.000,95.000,91.000,18.000,16.000,32.000,30.000,17.000,27.000,49.000,67.000,34.000,34.000,25.000,89.000,52.000,8.000,59.000,84.000,79.000,75.000,73.000,14.000,90.000,34.000,92.000,42.000,9.000,45.000,24.000,43.000,81.000,8.000,50.000,54.000,25.000,80.000,2.000,21.000,26.000,6.000,45.000,28.000,43.000,71.000,34.000,85.000,23.000,23.000,69.000,44.000
53.000,4.000,22.000,83.000,41.000,29.000,65.000,11.000,48.000,6.000,85.000,5.000,30.000,22.000,27.000,63.000,30.000,80.000,25.000,81.000,16.000,58.000,100.000,14.000,95.000,81.000,72.000,21.000,93.000,62.000,15.000,42.000,70.000,74.000,7.000,84.000,4.000,72.000,26.000,3.000,99.000,9.000,63.000,47.000,9.000,7.000,97.000,82.000,15.000,21.000,38.000,23.000,5.000,71.000,28.000,10.000,3.000,53.000,13.000,65.000,8.000,10.000,77.000,1.000,100.000,62.000,31.000,40.000,50.000,53.000,67.000,99.000,59.000,12.000,4.000,62.000,22.000,37.000,46.000,38.000
31.000,13.000,66.000,74.000,83.000,73.000,68.000,35.000,57.000,35.000,89.000,78.000,33.000,90.000,38.000,14.000,33.000,10.000,34.000,98.000,45.000,43.000,15.000,76.000,28.000,58.000,23.000,2.000,44.000,10.000,93.000,27.000,13.000,88.000,69.000,74.000,16.000,1.000,76.000,82.000,32.000,94.000,57.000,8.000,18.000,61.000,43.000,38.000,42.000,85.000,96.000,66.000,16.000,40.000,80.000,17.000,95.000,47.000,49.000,97.000,89.000,28.000,1.000,55.000,10.000,11.000,10.000,36.000,49.000,89.000,3.000,90.000,42.000,78.000,19.000,94.000,82.000,27.000,88.000,99.000
65.000,75.000,83.000,62.000,8.000,95.000,31.000,100.000,40.000,85.000,44.000,81.000,67.000,51.000,84.000,2.000,54.000,34.000,66.000,27.000,14.000,39.000,96.000,32.000,61.000,31.000,4.000,55.000,90.000,48.000,15.000,19.000,32.000,37.000,55.000,67.000,60.000,35.000,13.000,60.000,49.000,100.000,44.000,48.000,99.000,58.000,4.000,57.000,40.000,4.000,66.000,1.000,41.000,54.000,13.000,51.000,90.000,76.000,4.000,52.000,31.000,92.000,84.000,31.000,30.000,3.000,85.000,99.000,88.000,12.000,92.000,74.000,8.000,21.000,85.000,17.000,5.000,79.000,11.000,98.000
48.000,99.000,55.000,55.000,10.000,96.000,62.000,96.000,46.000,91.000,9.000,76.000,21.000,29.000,21.000,80.000,17.000,64.000,87.000,50.000,63.000,51.000,23.000,34.000,76.000,84.000,80.000,32.000,62.000,92.000,25.000,94.000,38.000,69.000,3.000,28.000,24.000,34.000,76.000,38.000,6.000,28.000,7.000,31.000,81.000,51.000,79.000,36.000,54.000,88.000,64.000,77.000,27.000,18.000,71.000,8.000,43.000,35.000,59.000,34.000,8.000,61.000,86.000,34.000,69.000,88.000,53.000,66.000,32.000,50.000,29.000,89.000,20.000,69.000,53.000,10.000,73.000,60.000,25.000,3.000
67.000,25.000,17.000,12.000,14.000,35.000,56.000,45.000,32.000,47.000,32.000,8.000,36.000,63.000,45.000,37.000,61.000,41.000,12.000,67.000,75.000,85.000,36.000,40.000,44.000,88.000,1.000,86.000,56.000,54.000,29.000,85.000,86.000,50.000,75.000,63.000,10.000,89.000,9.000,67.000,95.000,43.000,30.000,1.000,99.000,87.000,61.000,7.000,66.000,99.000,45.000,85.000,3.000,31.000,20.000,64.000,62.000,98.000,5.000,3.000,32.000,60.000,95.000,6.000,54.000,9.000,98.000,36.000,26.000,73.000,21.000,20.000,6.000,14.000,88.000,60.000,64.000,51.000,83.000,97.000
100.000,80.000,91.000,5.000,31.000,57.000,74.000,42.000,88.000,93.000,43.000,56.000,64.000,56.000,78.000,23.000,77.000,95.000,23.000,22.000,94.000,95.000,99.000,81.000,94.000,70.000,37.000,63.000,69.000,50.000,45.000,16.000,35.000,89.000,50.000,60.000,35.000,65.000,29.000,81.000,98.000,56.000,14.000,68.000,21.000,82.000,51.000,16.000,38.000,58.000,38.000,53.000,13.000,14.000,67.000,46.000,58.000,81.000,59.000,22.000,73.000,99.000,26.000,4.000,24.000,27.000,23.000,20.000,43.000,46.000,7.000,16.000,29.000,39.000,77.000,31.000,33.000,77.000,20.000,93.000
8.000,24.000,53.000,9.000,5.000,12.000,9.000,80.000,28.000,49.000,76.000,37.000,64.000,47.000,3.000,19.000,44.000,7.000,71.000,81.000,83.000,67.000,12.000,64.000,88.000,31.000,30.000,73.000,82.000,58.000,48.000,43.000,48.000,39.000,100.000,70.000,50.000,2.000,63.000,8.000,19.000,44.000,55.000,90.000,29.000,99.000,16.000,77.000,4.000,17.000,81.000,75.000,18.000,68.000,9.000,96.000,60.000,74.000,41.000,42.000,67.000,63.000,69.000,97.000,58.000,38.000,65.000,95.000,53.000,65.000,98.000,71.000,100.000,84.000,57.000,22.000,36.000,23.000,76.000,8.000
15.000,15.000,35.000,72.000,89.000,51.000,95.000,37.000,57.000,74.000,29.000,97.000,49.000,33.000,43.000,75.000,5.000,55.000,63.000,27.000,14.000,32.000,83.000,67.000,84.000,69.000,26.000,4.000,31.000,77.000,23.000,69.000,69.000,37.000,94.000,39.000,78.000,29.000,31.000,45.000,86.000,32.000,87.000,80.000,52.000,19.000,54.000,94.000,22.000,88.000,54.000,17.000,83.000,74.000,77.000,64.000,53.000,29.000,28.000,16.000,9.000,81.000,47.000,37.000,70.000,36.000,90.000,45.000,32.000,11.000,97.000,41.000,56.000,80.000,90.000,10.000,100.000,65.000,19.000,27.000
86.000,66.000,56.000,63.000,99.000,41.000,77.000,43.000,77.000,12.000,99.000,71.000,13.000,46.000,61.000,98.000,23.000,99.000,46.000,33.000,20.000,74.000,5.000,18.000,89.000,32.000,46.000,63.000,45.000,64.000,11.000,23.000,26.000,55.000,76.000,94.000,65.000,91.000,62.000,36.000,63.000,92.000,94.000,57.000,87.000,74.000,53.000,39.000,95.000,29.000,64.000,80.000,42.000,6.000,52.000,36.000,13.000,47.000,90.000,79.000,75.000,89.000,28.000,11.000,12.000,15.000,31.000,72.000,54.000,97.000,76.000,26.000,85.000,42.000,84.000,95.000,40.000,100.000,16.000,34.000
86.000,45.000,98.000,92.000,20.000,11.000,95.000,91.000,71.000,55.000,89.000,50.000,35.000,13.000,27.000,47.000,7.000,4.000,65.000,74.000,56.000,21.000,31.000,73.000,62.000,78.000,95.000,77.000,13.000,66.000,22.000,100.000,92.000,83.000,38.000,3.000,66.000,8.000,22.000,4.000,17.000,34.000,97.000,81.000,81.000,31.000,56.000,50.000,50.000,17.000,16.000,100.000,40.000,28.000,25.000,41.000,99.000,90.000,47.000,43.000,10.000,21.000,11.000,80.000,30.000,88.000,96.000,76.000,62.000,76.000,34.000,67.000,5.000,77.000,28.000,6.000,86.000,72.000,98.000,26.000
47.000,87.000,37.000,98.000,53.000,44.000,83.000,29.000,19.000,37.000,26.000,3.000,44.000,33.000,72.000,10.000,68.000,71.000,27.000,20.000,40.000,90.000,68.000,84.000,88.000,67.000,37.000,19.000,22.000,90.000,83.000,7.000,65.000,51.000,76.000,55.000,11.000,2.000,77.000,16.000,84.000,22.000,41.000,26.000,95.000,76.000,64.000,64.000,55.000,2.000,40.000,29.000,42.000,25.000,53.000,10.000,72.000,60.000,39.000,33.000,52.000,63.000,88.000,5.000,17.000,31.000,36.000,53.000,24.000,91.000,91.000,19.000,22.000,32.000,20.000,65.000,95.000,61.000,50.000,1.000
94.000,53.000,32.000,17.000,41.000,58.000,34.000,45.000,69.000,88.000,55.000,13.000,97.000,54.000,25.000,66.000,22.000,57.000,62.000,91.000,11.000,80.000,90.000,32.000,63.000,98.000,3.000,37.000,45.000,98.000,48.000,2.000,3.000,39.000,92.000,86.000,60.000,100.000,39.000,71.000,39.000,88.000,70.000,40.000,61.000,98.000,1.000,13.000,34.000,25.000,76.000,78.000,67.000,23.000,36.000,52.000,35.000,39.000,37.000,83.000,13.000,68.000,93.000,67.000,96.000,86.000,79.000,96.000,82.000,69.000,19.000,51.000,49.000,43.000,77.000,14.000,96.000,44.000,39.000,95.000
71.000,33.000,25.000,47.000,39.000,25.000,5.000,61.000,59.000,6.000,18.000,67.000,88.000,99.000,37.000,76.000,38.000,12.000,5.000,16.000,56.000,16.000,86.000,84.000,65.000,10.000,31.000,35.000,10.000,51.000,18.000,7.000,95.000,59.000,8.000,3.000,47.000,86.000,43.000,3.000,36.000,34.000,68.000,88.000,65.000,38.000,69.000,7.000,80.000,53.000,78.000,62.000,84.000,58.000,41.000,3.000,50.000,93.000,61.000,22.000,77.000,42.000,25.000,23.000,8.000,1.000,1.000,88.000,28.000,25.000,12.000,19.000,93.000,50.000,50.000,97.000,66.000,16.000,11.000,35.000
73.000,92.000,37.000,7.000,35.000,95.000,91.000,18.000,13.000,34.000,63.000,48.000,77.000,77.000,17.000,79.000,33.000,78.000,83.000,66.000,98.000,69.000,4.000,56.000,63.000,16.000,42.000,23.000,87.000,70.000,61.000,89.000,88.000,36.000,44.000,40.000,44.000,76.000,79.000,56.000,94.000,49.000,51.000,32.000,58.000,80.000,22.000,48.000,20.000,32.000,57.000,61.000,58.000,78.000,37.000,19.000,46.000,84.000,19.000,45.000,80.000,29.000,5.000,90.000,88.000,33.000,68.000,76.000,7.000,69.000,69.000,98.000,36.000,13.000,44.000,80.000,41.000,46.000,93.000,71.000
24.000,76.000,22.000,32.000,81.000,19.000,39.000,88.000,31.000,18.000,83.000,33.000,98.000,32.000,61.000,72.000,37.000,86.000,24.000,17.000,3.000,90.000,63.000,19.000,27.000,89.000,80.000,81.000,36.000,38.000,83.000,70.000,57.000,11.000,15.000,60.000,22.000,88.000,79.000,99.000,78.000,70.000,83.000,9.000,58.000,99.000,99.000,90.000,5.000,27.000,63.000,33.000,22.000,48.000,12.000,71.000,17.000,84.000,17.000,10.000,8.000,90.000,52.000,1.000,36.000,35.000,13.000,36.000,4.000,27.000,41.000,65.000,53.000,25.000,77.000,17.000,20.000,90.000,44.000,68.000
6.000,12.000,23.000,52.000,59.000,20.000,22.000,88.000,86.000,16.000,30.000,58.000,40.000,41.000,18.000,20.000,9.000,8.000,54.000,97.000,50.000,14.000,91.000,64.000,37.000,34.000,10.000,29.000,1.000,65.000,71.000,30.000,14.000,16.000,43.000,64.000,69.000,87.000,62.000,73.000,47.000,29.000,21.000,57.000,15.000,61.000,50.000,15.000,2.000,10.000,88.000,68.000,25.000,12.000,81.000,7.000,17.000,32.000,68.000,55.000,75.000,47.000,17.000,80.000,12.000,81.000,58.000,60.000,61.000,3.000,82.000,33.000,86.000,3.000,46.000,3.000,94.000,33.000,93.000,90.000
17.000,80.000,22.000,55.000,99.000,27.000,12.000,94.000,59.000,70.000,67.000,72.000,85.000,95.000,77.000,93.000,32.000,93.000,28.000,49.000,38.000,15.000,11.000,79.000,73.000,58.000,12.000,69.000,98.000,33.000,71.000,96.000,44.000,78.000,8.000,12.000,95.000,47.000,63.000,4.000,31.000,10.000,49.000,15.000,3.000,87.000,78.000,86.000,52.000,35.000,76.000,41.000,49.000,76.000,66.000,58.000,100.000,37.000,44.000,58.000,92.000,4.000,94.000,12.000,34.000,62.000,29.000,41.000,49.000,46.000,22.000,36.000,1.000,31.000,55.000,33.000,93.000,45.000,79.000,97.000
9.000,55.000,85.000,44.000,8.000,87.000,90.000,47.000,12.000,5.000,98.000,13.000,100.000,83.000,62.000,97.000,69.000,6.000,67.000,66.000,10.000,50.000,72.000,73.000,67.000,29.000,44.000,54.000,31.000,25.000,26.000,34.000,97.000,59.000,6.000,92.000,41.000,3.000,61.000,89.000,70.000,72.000,92.000,29.000,72.000,40.000,44.000,31.000,65.000,96.000,72.000,10.000,95.000,75.000,100.000,69.000,34.000,68.000,95.000,78.000,18.000,53.000,11.000,51.000,39.000,50.000,86.000,8.000,25.000,65.000,73.000,5.000,97.000,20.000,23.000,37.000,58.000,52.000,86.000,11.000
34.000,52.000,59.000,97.000,48.000,39.000,46.000,4.000,51.000,12.000,21.000,74.000,83.000,9.000,87.000,2.000,47.000,87.000,86.000,26.000,62.000,22.000,100.000,87.000,90.000,44.000,61.000,66.000,25.000,29.000,5.000,13.000,33.000,92.000,12.000,9.000,82.000,51.000,64.000,42.000,42.000,40.000,76.000,19.000,8.000,100.000,84.000,59.000,31.000,10.000,63.000,32.000,90.000,33.000,72.000,22.000,26.000,75.000,83.000,47.000,59.000,73.000,50.000,63.000,50.000,54.000,71.000,52.000,63.000,4.000,97.000,37.000,36.000,15.000,49.000,60.000,76.000,42.000,20.000,41.000
25.000,62.000,35.000,12.000,80.000,92.000,54.000,77.000,96.000,6.000,29.000,74.000,18.000,55.000,56.000,8.000,49.000,36.000,81.000,10.000,71.000,31.000,14.000,96.000,61.000,34.000,100.000,85.000,85.000,89.000,14.000,43.000,3.000,22.000,93.000,55.000,11.000,49.000,20.000,72.000,28.000,61.000,79.000,22.000,64.000,56.000,8.000,65.000,22.000,68.000,27.000,69.000,100.000,17.000,94.000,57.000,53.000,60.000,45.000,20.000,6.000,1.000,4.000,45.000,8.000,96.000,27.000,17.000,74.000,92.000,99.000,11.000,64.000,57.000,84.000,32.000,58.000,84.000,37.000,81.000
76.000,75.000,18.000,62.000,62.000,73.000,73.000,17.000,4.000,33.000,95.000,56.000,94.000,55.000,19.000,16.000,65.000,30.000,98.000,29.000,32.000,100.000,99.000,10.000,63.000,62.000,80.000,82.000,73.000,43.000,35.000,97.000,14.000,18.000,55.000,85.000,90.000,35.000,20.000,94.000,86.000,79.000,92.000,82.000,44.000,53.000,99.000,81.000,71.000,47.000,67.000,50.000,37.000,10.000,44.000,60.000,62.000,3.000,45.000,39.000,26.000,63.000,57.000,51.000,60.000,83.000,98.000,88.000,90.000,42.000,39.000,21.000,61.000,35.000,47.000,97.000,50.000,4.000,1.000,9.000
93.000,55.000,75.000,48.000,82.000,75.000,19.000,60.000,75.000,72.000,10.000,95.000,8.000,76.000,14.000,19.000,44.000,30.000,61.000,80.000,8.000,100.000,94.000,99.000,8.000,76.000,69.000,47.000,25.000,11.000,96.000,98.000,59.000,51.000,51.000,76.000,92.000,72.000,89.000,3.000,73.000,38.000,28.000,8.000,14.000,20.000,100.000,2.000,8.000,96.000,18.000,53.000,95.000,42.000,40.000,92.000,1.000,98.000,34.000,84.000,81.000,34.000,98.000,25.000,99.000,17.000,97.000,80.000,55.000,6.000,22.000,45.000,65.000,43.000,93.000,51.000,33.000,38.000,93.000,46.000
-0.000,-0.000,-0.000,-0.000,-0.000,-0.000,-0.000,-0.000,-0.000,-0.000,-0.000,-0.000,-0.000,-0.000,-0.000,-0.000,-0.000,-0.000,-0.000,-0.000,-0.000,-0.000,-0.000,-0.000,-0.000,-0.000,-0.000,-0.000,-0.000,-0.000,-0.000,-0.000,-0.000,-0.000,-0.000,-0.000,-0.000,-0.000,-0.000,-0.000,-0.000,-0.000,-0.000,-0.000,-0.000,-0.000,-0.000,-0.000,-0.000,-0.000,-0.000,-0.000,-0.000,-0.000,-0.000,-0.000,-0.000,-0.000,-0.000,-0.000,-0.000,-0.000,-0.000,-0.000,-0.000,-0.000,-0.000,-0.000,-0.000,-0.000,-0.000,-0.000,-0.000,-0.000,-0.000,-0.000,-0.000,-0.000,-0.000,-0.000
-0.000,-0.000,-0.000,-0.000,-0.000,-0.000,-0.000,-0.000,-0.000,-0.000,-0.000,-0.000,-0.000,-0.000,-0.000,-0.000,-0.000,-0.000,-0.000,-0.000,-0.000,-0.000,-0.000,-0.000,-0.000,-0.000,-0.000,-0.000,-0.000,-0.000,-0.000,-0.000,-0.000,-0.000,-0.000,-0.000,-0.000,-0.000,-0.000,-0.000,-0.000,-0.000,-0.000,-0.000,-0.000,-0.000,-0.000,-0.000,-0.000,-0.000,-0.000,-0.000,-0.000,-0.000,-0.000,-0.000,-0.000,-0.000,-0.000,-0.000,-0.000,-0.000,-0.000,-0.000,-0.000,-0.000,-0.000,-0.000,-0.000,-0.000,-0.000,-0.000,-0.000,-0.000,-0.000,-0.000,-0.000,-0.000,-0.000,-0.000
-0.000,-0.000,-0.000,-0.000,-0.000,-0.000,-0.000,-0.000,-0.000,-0.000,-0.000,-0.000,-0.000,-0.000,-0.000,-0.000,-0.000,-0.000,-0.000,-0.000,-0.000,-0.000,-0.000,-0.000,-0.000,-0.000,-0.000,-0.000,-0.000,-0.000,-0.000,-0.000,-0.000,-0.000,-0.000,-0.000,-0.000,-0.000,-0.000,-0.000,-0.000,-0.000,-0.000,-0.000,-0.000,-0.000,-0.000,-0.000,-0.000,-0.000,-0.000,-0.000,-0.000,-0.000,-0.000,-0.000,-0.000,-0.000,-0.000,-0.000,-0.000,-0.000,-0.000,-0.000,-0.000,-0.000,-0.000,-0.000,-0.000,-0.000,-0.000,-0.000,-0.000,-0.000,-0.000,-0.000,-0.000,-0.000,-0.000,-0.000
-0.000,-0.000,-0.000,-0.000,-0.000,-0.000,-0.000,-0.000,-0.000,-0.000,-0.000,-0.000,-0.000,-0.000,-0.000,-0.000,-0.000,-0.000,-0.000,-0.000,-0.000,-0.000,-0.000,-0.000,-0.000,-0.000,-0.000,-0.000,-0.000,-0.000,-0.000,-0.000,-0.000,-0.000,-0.000,-0.000,-0.000,-0.000,-0.000,-0.000,-0.000,-0.000,-0.000,-0.000,-0.000,-0.000,-0.000,-0.000,-0.000,-0.000,-0.000,-0.000,-0.000,-0.000,-0.000,-0.000,-0.000,-0.000,-0.000,-0.000,-0.000,-0.000,-0.000,-0.000,-0.000,-0.000,-0.000,-0.000,-0.000,-0.000,-0.000,-0.000,-0.000,-0.000,-0.000,-0.000,-0.000,-0.000,-0.000,-0.000
-0.000,-0.000,-0.000,-0.000,-0.000,-0.000,-0.000,-0.000,-0.000,-0.000,-0.000,-0.000,-0.000,-0.000,-0.000,-0.000,-0.000,-0.000,-0.000,-0.000,-0.000,-0.000,-0.000,-0.000,-0.000,-0.000,-0.000,-0.000,-0.000,-0.000,-0.000,-0.000,-0.000,-0.000,-0.000,-0.000,-0.000,-0.000,-0.000,-0.000,-0.000,-0.000,-0.000,-0.000,-0.000,-0.000,-0.000,-0.000,-0.000,-0.000,-0.000,-0.000,-0.000,-0.000,-0.000,-0.000,-0.000,-0.000,-0.000,-0.000,-0.000,-0.000,-0.000,-0.000,-0.000,-0.000,-0.000,-0.000,-0.000,-0.000,-0.000,-0.000,-0.000,-0.000,-0.000,-0.000,-0.000,-0.000,-0.000,-0.000
-0.000,-0.000,-0.000,-0.000,-0.000,-0.000,-0.000,-0.000,-0.000,-0.000,-0.000,-0.000,-0.000,-0.000,-0.000,-0.000,-0.000,-0.000,-0.000,-0.000,-0.000,-0.000,-0.000,-0.000,-0.000,-0.000,-0.000,-0.000,-0.000,-0.000,-0.000,-0.000,-0.000,-0.000,-0.000,-0.000,-0.000,-0.000,-0.000,-0.000,-0.000,-0.000,-0.000,-0.000,-0.000,-0.000,-0.000,-0.000,-0.000,-0.000,-0.000,-0.000,-0.000,-0.000,-0.000,-0.000,-0.000,-0.000,-0.000,-0.000,-0.000,-0.000,-0.000,-0.000,-0.000,-0.000,-0.000,-0.000,-0.000,-0.000,-0.000,-0.000,-0.000,-0.000,-0.000,-0.000,-0.000,-0.000,-0.000,-0.000
-0.000,-0.000,-0.000,-0.000,-0.000,-0.000,-0.000,-0.000,-0.000,-0.000,-0.000,-0.000,-0.000,-0.000,-0.000,-0.000,-0.000,-0.000,-0.000,-0.000,-0.000,-0.000,-0.000,-0.000,-0.000,-0.000,-0.000,-0.000,-0.000,-0.000,-0.000,-0.000,-0.000,-0.000,-0.000,-0.000,-0.000,-0.000,-0.000,-0.000,-0.000,-0.000,-0.000,-0.000,-0.000,-0.000,-0.000,-0.000,-0.000,-0.000,-0.000,-0.000,-0.000,-0.000,-0.000,-0.000,-0.000,-0.000,-0.000,-0.000,-0.000,-0.000,-0.000,-0.000,-0.000,-0.000,-0.000,-0.000,-0.000,-0.000,-0.000,-0.000,-0.000,-0.000,-0.000,-0.000,-0.000,-0.000,-0.000,-0.000
-0.000,-0.000,-0.000,-0.000,-0.000,-0.000,-0.000,-0.000,-0.000,-0.000,-0.000,-0.000,-0.000,-0.000,-0.000,-0.000,-0.000,-0.000,-0.000,-0.000,-0.000,-0.000,-0.000,-0.000,-0.000,-0.000,-0.000,-0.000,-0.000,-0.000,-0.000,-0.000,-0.000,-0.000,-0.000,-0.000,-0.000,-0.000,-0.000,-0.000,-0.000,-0.000,-0.000,-0.000,-0.000,-0.000,-0.000,-0.000,-0.000,-0.000,-0.000,-0.000,-0.000,-0.000,-0.000,-0.000,-0.000,-0.000,-0.000,-0.000,-0.000,-0.000,-0.000,-0.000,-0.000,-0.000,-0.000,-0.000,-0.000,-0.000,-0.000,-0.000,-0.000,-0.000,-0.000,-0.000,-0.000,-0.000,-0.000,-0.000
0.000,0.000,1.000,0.000,-0.000,-0.000,0.000,0.000,0.000,0.000,1.000,0.000,0.000,0.000,0.000,0.000,1.000,0.000,0.000,1.000,0.000,0.000,0.000,-0.000,0.000,0.000,-0.000,1.000,0.000,0.000,0.000,0.000,0.000,0.000,0.000,0.000,0.000,0.000,0.000,0.000,0.000,1.000,0.000,1.000,0.000,0.000,0.000,1.000,0.000,0.000,0.000,0.000,0.000,0.000,0.000,0.000,0.000,0.000,0.000,0.000,1.000,1.000,0.000,0.000,-0.000,0.000,0.000,0.000,0.000,0.000,0.000,0.000,-0.000,0.000,0.000,0.000,0.000,0.000,0.000,-0.000
-0.000,-0.000,-0.000,-0.000,-0.000,-0.000,-0.000,-0.000,-0.000,-0.000,-0.000,-0.000,-0.000,-0.000,-0.000,-0.000,-0.000,-0.000,-0.000,-0.000,-0.000,-0.000,-0.000,-0.000,-0.000,-0.000,-0.000,-0.000,-0.000,-0.000,-0.000,-0.000,-0.000,-0.000,-0.000,-0.000,-0.000,-0.000,-0.000,-0.000,-0.000,-0.000,-0.000,-0.000,-0.000,-0.000,-0.000,-0.000,-0.000,-0.000,-0.000,-0.000,-0.000,-0.000,-0.000,-0.000,-0.000,-0.000,-0.000,-0.000,-0.000,-0.000,-0.000,-0.000,-0.000,-0.000,-0.000,-0.000,-0.000,-0.000,-0.000,-0.000,-0.000,-0.000,-0.000,-0.000,-0.000,-0.000,-0.000,-0.000
-0.000,-0.000,-0.000,-0.000,-0.000,-0.000,-0.000,-0.000,-0.000,-0.000,-0.000,-0.000,-0.000,-0.000,-0.000,-0.000,-0.000,-0.000,-0.000,-0.000,-0.000,-0.000,-0.000,-0.000,-0.000,-0.000,-0.000,-0.000,-0.000,-0.000,-0.000,-0.000,-0.000,-0.000,-0.000,-0.000,-0.000,-0.000,-0.000,-0.000,-0.000,-0.000,-0.000,-0.000,-0.000,-0.000,-0.000,-0.000,-0.000,-0.000,-0.000,-0.000,-0.000,-0.000,-0.000,-0.000,-0.000,-0.000,-0.000,-0.000,-0.000,-0.000,-0.000,-0.000,-0.000,-0.000,-0.000,-0.000,-0.000,-0.000,-0.000,-0.000,-0.000,-0.000,-0.000,-0.000,-0.000,-0.000,-0.000,-0.000
-0.000,-0.000,-0.000,-0.000,-0.000,-0.000,-0.000,-0.000,-0.000,-0.000,-0.000,-0.000,-0.000,-0.000,-0.000,-0.000,-0.000,-0.000,-0.000,-0.000,-0.000,-0.000,-0.000,-0.000,-0.000,-0.000,-0.000,-0.000,-0.000,-0.000,-0.000,-0.000,-0.000,-0.000,-0.000,-0.000,-0.000,-0.000,-0.000,-0.000,-0.000,-0.000,-0.000,-0.000,-0.000,-0.000,-0.000,-0.000,-0.000,-0.000,-0.000,-0.000,-0.000,-0.000,-0.000,-0.000,-0.000,-0.000,-0.000,-0.000,-0.000,-0.000,-0.000,-0.000,-0.000,-0.000,-0.000,-0.000,-0.000,-0.000,-0.000,-0.000,-0.000,-0.000,-0.000,-0.000,-0.000,-0.000,-0.000,-0.000
-0.000,-0.000,-0.000,-0.000,-0.000,-0.000,-0.000,-0.000,-0.000,-0.000,-0.000,-0.000,-0.000,-0.000,-0.000,-0.000,-0.000,-0.000,-0.000,-0.000,-0.000,-0.000,-0.000,-0.000,-0.000,-0.000,-0.000,-0.000,-0.000,-0.000,-0.000,-0.000,-0.000,-0.000,-0.000,-0.000,-0.000,-0.000,-0.000,-0.000,-0.000,-0.000,-0.000,-0.000,-0.000,-0.000,-0.000,-0.000,-0.000,-0.000,-0.000,-0.000,-0.000,-0.000,-0.000,-0.000,-0.000,-0.000,-0.000,-0.000,-0.000,-0.000,-0.000,-0.000,-0.000,-0.000,-0.000,-0.000,-0.000,-0.000,-0.000,-0.000,-0.000,-0.000,-0.000,-0.000,-0.000,-0.000,-0.000,-0.000
-0.000,-0.000,-0.000,-0.000,-0.000,-0.000,-0.000,-0.000,-0.000,-0.000,-0.000,-0.000,-0.000,-0.000,-0.000,-0.000,-0.000,-0.000,-0.000,-0.000,-0.000,-0.000,-0.000,-0.000,-0.000,-0.000,-0.000,-0.000,-0.000,-0.000,-0.000,-0.000,-0.000,-0.000,-0.000,-0.000,-0.000,-0.000,-0.000,-0.000,-0.000,-0.000,-0.000,-0.000,-0.000,-0.000,-0.000,-0.000,-0.000,-0.000,-0.000,-0.000,-0.000,-0.000,-0.000,-0.000,-0.000,-0.000,-0.000,-0.000,-0.000,-0.000,-0.000,-0.000,-0.000,-0.000,-0.000,-0.000,-0.000,-0.000,-0.000,-0.000,-0.000,-0.000,-0.000,-0.000,-0.000,-0.000,-0.000,-0.000
-0.000,-0.000,-0.000,-0.000,-0.000,-0.000,-0.000,-0.000,-0.000,-0.000,-0.000,-0.000,-0.000,-0.000,-0.000,-0.000,-0.000,-0.000,-0.000,-0.000,-0.000,-0.000,-0.000,-0.000,-0.000,-0.000,-0.000,-0.000,-0.000,-0.000,-0.000,-0.000,-0.000,-0.000,-0.000,-0.000,-0.000,-0.000,-0.000,-0.000,-0.000,-0.000,-0.000,-0.000,-0.000,-0.000,-0.000,-0.000,-0.000,-0.000,-0.000,-0.000,-0.000,-0.000,-0.000,-0.000,-0.000,-0.000,-0.000,-0.000,-0.000,-0.000,-0.000,-0.000,-0.000,-0.000,-0.000,-0.000,-0.000,-0.000,-0.000,-0.000,-0.000,-0.000,-0.000,-0.000,-0.000,-0.000,-0.000,-0.000
-0.000,-0.000,-0.000,-0.000,-0.000,-0.000,-0.000,-0.000,-0.000,-0.000,-0.000,-0.000,-0.000,-0.000,-0.000,-0.000,-0.000,-0.000,-0.000,-0.000,-0.000,-0.000,-0.000,-0.000,-0.000,-0.000,-0.000,-0.000,-0.000,-0.000,-0.000,-0.000,-0.000,-0.000,-0.000,-0.000,-0.000,-0.000,-0.000,-0.000,-0.000,-0.000,-0.000,-0.000,-0.000,-0.000,-0.000,-0.000,-0.000,-0.000,-0.000,-0.000,-0.000,-0.000,-0.000,-0.000,-0.000,-0.000,-0.000,-0.000,-0.000,-0.000,-0.000,-0.000,-0.000,-0.000,-0.000,-0.000,-0.000,-0.000,-0.000,-0.000,-0.000,-0.000,-0.000,-0.000,-0.000,-0.000,-0.000,-0.000
-0.000,-0.000,-0.000,-0.000,-0.000,-0.000,-0.000,-0.000,-0.000,-0.000,-0.000,-0.000,-0.000,-0.000,-0.000,-0.000,-0.000,-0.000,-0.000,-0.000,-0.000,-0.000,-0.000,-0.000,-0.000,-0.000,-0.000,-0.000,-0.000,-0.000,-0.000,-0.000,-0.000,-0.000,-0.000,-0.000,-0.000,-0.000,-0.000,-0.000,-0.000,-0.000,-0.000,-0.000,-0.000,-0.000,-0.000,-0.000,-0.000,-0.000,-0.000,-0.000,-0.000,-0.000,-0.000,-0.000,-0.000,-0.000,-0.000,-0.000,-0.000,-0.000,-0.000,-0.000,-0.000,-0.000,-0.000,-0.000,-0.000,-0.000,-0.000,-0.000,-0.000,-0.000,-0.000,-0.000,-0.000,-0.000,-0.000,-0.000
-0.000,-0.000,-0.000,-0.000,-0.000,-0.000,-0.000,-0.000,-0.000,-0.000,-0.000,-0.000,-0.000,-0.000,-0.000,-0.000,-0.000,-0.000,-0.000,-0.000,-0.000,-0.000,-0.000,-0.000,-0.000,-0.000,-0.000,-0.000,-0.000,-0.000,-0.000,-0.000,-0.000,-0.000,-0.000,-0.000,-0.000,-0.000,-0.000,-0.000,-0.000,-0.000,-0.000,-0.000,-0.000,-0.000,-0.000,-0.000,-0.000,-0.000,-0.000,-0.000,-0.000,-0.000,-0.000,-0.000,-0.000,-0.000,-0.000,-0.000,-0.000,-0.000,-0.000,-0.000,-0.000,-0.000,-0.000,-0.000,-0.000,-0.000,-0.000,-0.000,-0.000,-0.000,-0.000,-0.000,-0.000,-0.000,-0.000,-0.000
0.000,0.000,0.000,0.000,-0.000,1.000,0.000,0.000,0.000,-0.000,0.000,0.000,1.000,0.000,0.000,0.000,0.000,0.000,0.000,0.000,1.000,0.000,0.000,-0.000,0.000,0.000,0.000,0.000,0.000,0.000,0.000,0.000,1.000,1.000,0.000,0.000,0.000,0.000,0.000,0.000,1.000,0.000,1.000,0.000,0.000,0.000,-0.000,0.000,0.000,0.000,1.000,0.000,0.000,0.000,1.000,0.000,1.000,0.000,0.000,0.000,0.000,0.000,1.000,0.000,-0.000,0.000,-0.000,0.000,0.000,0.000,0.000,1.000,-0.000,0.000,0.000,0.000,0.000,0.000,0.000,-0.000
-0.000,-0.000,-0.000,-0.000,-0.000,-0.000,-0.000,-0.000,-0.000,-0.000,-0.000,-0.000,-0.000,-0.000,-0.000,-0.000,-0.000,-0.000,-0.000,-0.000,-0.000,-0.000,-0.000,-0.000,-0.000,-0.000,-0.000,-0.000,-0.000,-0.000,-0.000,-0.000,-0.000,-0.000,-0.000,-0.000,-0.000,-0.000,-0.000,-0.000,-0.000,-0.000,-0.000,-0.000,-0.000,-0.000,-0.000,-0.000,-0.000,-0.000,-0.000,-0.000,-0.000,-0.000,-0.000,-0.000,-0.000,-0.000,-0.000,-0.000,-0.000,-0.000,-0.000,-0.000,-0.000,-0.000,-0.000,-0.000,-0.000,-0.000,-0.000,-0.000,-0.000,-0.000,-0.000,-0.000,-0.000,-0.000,-0.000,-0.000
-0.000,-0.000,-0.000,-0.000,-0.000,-0.000,-0.000,-0.000,-0.000,-0.000,-0.000,-0.000,-0.000,-0.000,-0.000,-0.000,-0.000,-0.000,-0.000,-0.000,-0.000,-0.000,-0.000,-0.000,-0.000,-0.000,-0.000,-0.000,-0.000,-0.000,-0.000,-0.000,-0.000,-0.000,-0.000,-0.000,-0.000,-0.000,-0.000,-0.000,-0.000,-0.000,-0.000,-0.000,-0.000,-0.000,-0.000,-0.000,-0.000,-0.000,-0.000,-0.000,-0.000,-0.000,-0.000,-0.000,-0.000,-0.000,-0.000,-0.000,-0.000,-0.000,-0.000,-0.000,-0.000,-0.000,-0.000,-0.000,-0.000,-0.000,-0.000,-0.000,-0.000,-0.000,-0.000,-0.000,-0.000,-0.000,-0.000,-0.000
-0.000,-0.000,-0.000,-0.000,-0.000,-0.000,-0.000,-0.000,-0.000,-0.000,-0.000,-0.000,-0.000,-0.000,-0.000,-0.000,-0.000,-0.000,-0.000,-0.000,-0.000,-0.000,-0.000,-0.000,-0.000,-0.000,-0.000,-0.000,-0.000,-0.000,-0.000,-0.000,-0.000,-0.000,-0.000,-0.000,-0.000,-0.000,-0.000,-0.000,-0.000,-0.000,-0.000,-0.000,-0.000,-0.000,-0.000,-0.000,-0.000,-0.000,-0.000,-0.000,-0.000,-0.000,-0.000,-0.000,-0.000,-0.000,-0.000,-0.000,-0.000,-0.000,-0.000,-0.000,-0.000,-0.000,-0.000,-0.000,-0.000,-0.000,-0.000,-0.000,-0.000,-0.000,-0.000,-0.000,-0.000,-0.000,-0.000,-0.000
0.000,0.000,0.000,0.000,-0.000,-0.000,0.000,0.000,0.000,0.000,0.000,0.000,0.000,1.000,1.000,0.000,0.000,0.000,0.000,0.000,0.000,0.000,1.000,-0.000,0.000,0.000,0.000,0.000,0.000,0.000,0.000,0.000,0.000,0.000,0.000,0.000,1.000,0.000,0.000,0.000,0.000,0.000,0.000,0.000,1.000,0.000,0.000,0.000,0.000,0.000,0.000,0.000,1.000,0.000,0.000,0.000,0.000,0.000,0.000,1.000,0.000,0.000,0.000,1.000,1.000,0.000,0.000,0.000,1.000,0.000,0.000,0.000,-0.000,0.000,0.000,0.000,-0.000,1.000,0.000,-0.000
-0.000,-0.000,-0.000,-0.000,-0.000,-0.000,-0.000,-0.000,-0.000,-0.000,-0.000,-0.000,-0.000,-0.000,-0.000,-0.000,-0.000,-0.000,-0.000,-0.000,-0.000,-0.000,-0.000,-0.000,-0.000,-0.000,-0.000,-0.000,-0.000,-0.000,-0.000,-0.000,-0.000,-0.000,-0.000,-0.000,-0.000,-0.000,-0.000,-0.000,-0.000,-0.000,-0.000,-0.000,-0.000,-0.000,-0.000,-0.000,-0.000,-0.000,-0.000,-0.000,-0.000,-0.000,-0.000,-0.000,-0.000,-0.000,-0.000,-0.000,-0.000,-0.000,-0.000,-0.000,-0.000,-0.000,-0.000,-0.000,-0.000,-0.000,-0.000,-0.000,-0.000,-0.000,-0.000,-0.000,-0.000,-0.000,-0.000,-0.000
-0.000,-0.000,-0.000,-0.000,-0.000,-0.000,-0.000,-0.000,-0.000,-0.000,-0.000,-0.000,-0.000,-0.000,-0.000,-0.000,-0.000,-0.000,-0.000,-0.000,-0.000,-0.000,-0.000,-0.000,-0.000,-0.000,-0.000,-0.000,-0.000,-0.000,-0.000,-0.000,-0.000,-0.000,-0.000,-0.000,-0.000,-0.000,-0.000,-0.000,-0.000,-0.000,-0.000,-0.000,-0.000,-0.000,-0.000,-0.000,-0.000,-0.000,-0.000,-0.000,-0.000,-0.000,-0.000,-0.000,-0.000,-0.000,-0.000,-0.000,-0.000,-0.000,-0.000,-0.000,-0.000,-0.000,-0.000,-0.000,-0.000,-0.000,-0.000,-0.000,-0.000,-0.000,-0.000,-0.000,-0.000,-0.000,-0.000,-0.000
-0.000,-0.000,-0.000,-0.000,-0.000,-0.000,-0.000,-0.000,-0.000,-0.000,-0.000,-0.000,-0.000,-0.000,-0.000,-0.000,-0.000,-0.000,-0.000,-0.000,-0.000,-0.000,-0.000,-0.000,-0.000,-0.000,-0.000,-0.000,-0.000,-0.000,-0.000,-0.000,-0.000,-0.000,-0.000,-0.000,-0.000,-0.000,-0.000,-0.000,-0.000,-0.000,-0.000,-0.000,-0.000,-0.000,-0.000,-0.000,-0.000,-0.000,-0.000,-0.000,-0.000,-0.000,-0.000,-0.000,-0.000,-0.000,-0.000,-0.000,-0.000,-0.000,-0.000,-0.000,-0.000,-0.000,-0.000,-0.000,-0.000,-0.000,-0.000,-0.000,-0.000,-0.000,-0.000,-0.000,-0.000,-0.000,-0.000,-0.000
1.000,1.000,0.000,1.000,-0.000,-0.000,0.000,1.000,0.000,0.000,0.000,0.000,0.000,0.000,0.000,0.000,0.000,0.000,0.000,-0.000,0.000,0.000,0.000,1.000,1.000,0.000,0.000,0.000,1.000,1.000,0.000,0.000,0.000,0.000,1.000,0.000,0.000,0.000,1.000,0.000,-0.000,0.000,0.000,0.000,0.000,0.000,0.000,0.000,1.000,0.000,0.000,0.000,0.000,0.000,0.000,0.000,0.000,1.000,0.000,0.000,0.000,0.000,0.000,0.000,-0.000,0.000,0.000,1.000,0.000,0.000,0.000,0.000,-0.000,1.000,0.000,1.000,0.000,0.000,0.000,-0.000
-0.000,-0.000,-0.000,-0.000,-0.000,-0.000,-0.000,-0.000,-0.000,-0.000,-0.000,-0.000,-0.000,-0.000,-0.000,-0.000,-0.000,-0.000,-0.000,-0.000,-0.000,-0.000,-0.000,-0.000,-0.000,-0.000,-0.000,-0.000,-0.000,-0.000,-0.000,-0.000,-0.000,-0.000,-0.000,-0.000,-0.000,-0.000,-0.000,-0.000,-0.000,-0.000,-0.000,-0.000,-0.000,-0.000,-0.000,-0.000,-0.000,-0.000,-0.000,-0.000,-0.000,-0.000,-0.000,-0.000,-0.000,-0.000,-0.000,-0.000,-0.000,-0.000,-0.000,-0.000,-0.000,-0.000,-0.000,-0.000,-0.000,-0.000,-0.000,-0.000,-0.000,-0.000,-0.000,-0.000,-0.000,-0.000,-0.000,-0.000
-0.000,0.000,0.000,0.000,-0.000,-0.000,0.000,0.000,0.000,0.000,0.000,0.000,0.000,0.000,0.000,0.000,0.000,0.000,0.000,0.000,0.000,0.000,0.000,-0.000,0.000,0.000,0.000,0.000,0.000,0.000,0.000,0.000,0.000,0.000,0.000,0.000,0.000,0.000,0.000,0.000,0.000,0.000,0.000,0.000,0.000,0.000,0.000,0.000,0.000,0.000,0.000,0.000,0.000,0.000,0.000,0.000,0.000,0.000,0.000,0.000,0.000,0.000,0.000,0.000,-0.000,0.000,0.000,0.000,0.000,0.000,0.000,0.000,-0.000,0.000,0.000,0.000,0.000,0.000,0.000,-0.000
-0.000,-0.000,-0.000,-0.000,-0.000,-0.000,-0.000,-0.000,-0.000,-0.000,-0.000,-0.000,-0.000,-0.000,-0.000,-0.000,-0.000,-0.000,-0.000,-0.000,-0.000,-0.000,-0.000,-0.000,-0.000,-0.000,-0.000,-0.000,-0.000,-0.000,-0.000,-0.000,-0.000,-0.000,-0.000,-0.000,-0.000,-0.000,-0.000,-0.000,-0.000,-0.000,-0.000,-0.000,-0.000,-0.000,-0.000,-0.000,-0.000,-0.000,-0.000,-0.000,-0.000,-0.000,-0.000,-0.000,-0.000,-0.000,-0.000,-0.000,-0.000,-0.000,-0.000,-0.000,-0.000,-0.000,-0.000,-0.000,-0.000,-0.000,-0.000,-0.000,-0.000,-0.000,-0.000,-0.000,-0.000,-0.000,-0.000,-0.000
-0.000,-0.000,-0.000,-0.000,-0.000,-0.000,-0.000,-0.000,-0.000,-0.000,-0.000,-0.000,-0.000,-0.000,-0.000,-0.000,-0.000,-0.000,-0.000,-0.000,-0.000,-0.000,-0.000,-0.000,-0.000,-0.000,-0.000,-0.000,-0.000,-0.000,-0.000,-0.000,-0.000,-0.000,-0.000,-0.000,-0.000,-0.000,-0.000,-0.000,-0.000,-0.000,-0.000,-0.000,-0.000,-0.000,-0.000,-0.000,-0.000,-0.000,-0.000,-0.000,-0.000,-0.000,-0.000,-0.000,-0.000,-0.000,-0.000,-0.000,-0.000,-0.000,-0.000,-0.000,-0.000,-0.000,-0.000,-0.000,-0.000,-0.000,-0.000,-0.000,-0.000,-0.000,-0.000,-0.000,-0.000,-0.000,-0.000,-0.000
0.000,0.000,0.000,0.000,-0.000,-0.000,0.000,0.000,0.000,0.000,0.000,0.000,0.000,0.000,0.000,0.000,0.000,0.000,0.000,0.000,0.000,0.000,0.000,-0.000,0.000,0.000,0.000,0.000,0.000,0.000,0.000,0.000,0.000,0.000,0.000,0.000,0.000,0.000,0.000,0.000,0.000,0.000,0.000,0.000,0.000,0.000,0.000,0.000,0.000,0.000,0.000,0.000,0.000,0.000,0.000,0.000,0.000,0.000,0.000,0.000,0.000,0.000,0.000,0.000,-0.000,0.000,0.000,0.000,0.000,0.000,0.000,0.000,-0.000,0.000,0.000,0.000,0.000,0.000,0.000,-0.000
-0.000,-0.000,-0.000,-0.000,-0.000,-0.000,-0.000,-0.000,-0.000,-0.000,-0.000,-0.000,-0.000,-0.000,-0.000,-0.000,-0.000,-0.000,-0.000,-0.000,-0.000,-0.000,-0.000,-0.000,-0.000,-0.000,-0.000,-0.000,-0.000,-0.000,-0.000,-0.000,-0.000,-0.000,-0.000,-0.000,-0.000,-0.000,-0.000,-0.000,-0.000,-0.000,-0.000,-0.000,-0.000,-0.000,-0.000,-0.000,-0.000,-0.000,-0.000,-0.000,-0.000,-0.000,-0.000,-0.000,-0.000,-0.000,-0.000,-0.000,-0.000,-0.000,-0.000,-0.000,-0.000,-0.000,-0.000,-0.000,-0.000,-0.000,-0.000,-0.000,-0.000,-0.000,-0.000,-0.000,-0.000,-0.000,-0.000,-0.000
-0.000,-0.000,-0.000,-0.000,-0.000,-0.000,-0.000,-0.000,-0.000,-0.000,-0.000,-0.000,-0.000,-0.000,-0.000,-0.000,-0.000,-0.000,-0.000,-0.000,-0.000,-0.000,-0.000,-0.000,-0.000,-0.000,-0.000,-0.000,-0.000,-0.000,-0.000,-0.000,-0.000,-0.000,-0.000,-0.000,-0.000,-0.000,-0.000,-0.000,-0.000,-0.000,-0.000,-0.000,-0.000,-0.000,-0.000,-0.000,-0.000,-0.000,-0.000,-0.000,-0.000,-0.000,-0.000,-0.000,-0.000,-0.000,-0.000,-0.000,-0.000,-0.000,-0.000,-0.000,-0.000,-0.000,-0.000,-0.000,-0.000,-0.000,-0.000,-0.000,-0.000,-0.000,-0.000,-0.000,-0.000,-0.000,-0.000,-0.000
-0.000,0.000,0.000,-0.000,-0.000,-0.000,0.000,0.000,0.000,-0.000,0.000,0.000,0.000,0.000,0.000,0.000,0.000,0.000,0.000,0.000,0.000,0.000,0.000,-0.000,0.000,0.000,0.000,0.000,-0.000,0.000,0.000,0.000,0.000,0.000,-0.000,-0.000,0.000,-0.000,0.000,-0.000,0.000,0.000,0.000,0.000,0.000,0.000,0.000,-0.000,-0.000,0.000,0.000,0.000,0.000,0.000,0.000,0.000,0.000,0.000,0.000,-0.000,0.000,-0.000,-0.000,0.000,-0.000,0.000,0.000,-0.000,0.000,0.000,0.000,0.000,-0.000,0.000,0.000,0.000,0.000,0.000,0.000,-0.000
-0.000,-0.000,-0.000,-0.000,-0.000,-0.000,-0.000,-0.000,-0.000,-0.000,-0.000,-0.000,-0.000,-0.000,-0.000,-0.000,-0.000,-0.000,-0.000,-0.000,-0.000,-0.000,-0.000,-0.000,-0.000,-0.000,-0.000,-0.000,-0.000,-0.000,-0.000,-0.000,-0.000,-0.000,-0.000,-0.000,-0.000,-0.000,-0.000,-0.000,-0.000,-0.000,-0.000,-0.000,-0.000,-0.000,-0.000,-0.000,-0.000,-0.000,-0.000,-0.000,-0.000,-0.000,-0.000,-0.000,-0.000,-0.000,-0.000,-0.000,-0.000,-0.000,-0.000,-0.000,-0.000,-0.000,-0.000,-0.000,-0.000,-0.000,-0.000,-0.000,-0.000,-0.000,-0.000,-0.000,-0.000,-0.000,-0.000,-0.000
-0.000,-0.000,-0.000,-0.000,-0.000,-0.000,-0.000,-0.000,-0.000,-0.000,-0.000,-0.000,-0.000,-0.000,-0.000,-0.000,-0.000,-0.000,-0.000,-0.000,-0.000,-0.000,-0.000,-0.000,-0.000,-0.000,-0.000,-0.000,-0.000,-0.000,-0.000,-0.000,-0.000,-0.000,-0.000,-0.000,-0.000,-0.000,-0.000,-0.000,-0.000,-0.000,-0.000,-0.000,-0.000,-0.000,-0.000,-0.000,-0.000,-0.000,-0.000,-0.000,-0.000,-0.000,-0.000,-0.000,-0.000,-0.000,-0.000,-0.000,-0.000,-0.000,-0.000,-0.000,-0.000,-0.000,-0.000,-0.000,-0.000,-0.000,-0.000,-0.000,-0.000,-0.000,-0.000,-0.000,-0.000,-0.000,-0.000,-0.000
0.000,0.000,0.000,0.000,-0.000,-0.000,-0.000,0.000,0.000,0.000,0.000,0.000,0.000,0.000,0.000,0.000,0.000,0.000,0.000,0.000,0.000,0.000,0.000,-0.000,0.000,0.000,0.000,0.000,0.000,0.000,0.000,0.000,0.000,0.000,0.000,0.000,0.000,0.000,0.000,0.000,0.000,0.000,0.000,0.000,0.000,0.000,0.000,0.000,0.000,0.000,0.000,0.000,0.000,0.000,0.000,0.000,0.000,0.000,0.000,0.000,0.000,0.000,0.000,0.000,-0.000,0.000,0.000,0.000,0.000,0.000,0.000,0.000,-0.000,0.000,0.000,0.000,0.000,0.000,0.000,-0.000
-0.000,-0.000,-0.000,-0.000,-0.000,-0.000,-0.000,-0.000,-0.000,-0.000,-0.000,-0.000,-0.000,-0.000,-0.000,-0.000,-0.000,-0.000,-0.000,-0.000,-0.000,-0.000,-0.000,-0.000,-0.000,-0.000,-0.000,-0.000,-0.000,-0.000,-0.000,-0.000,-0.000,-0.000,-0.000,-0.000,-0.000,-0.000,-0.000,-0.000,-0.000,-0.000,-0.000,-0.000,-0.000,-0.000,-0.000,-0.000,-0.000,-0.000,-0.000,-0.000,-0.000,-0.000,-0.000,-0.000,-0.000,-0.000,-0.000,-0.000,-0.000,-0.000,-0.000,-0.000,-0.000,-0.000,-0.000,-0.000,-0.000,-0.000,-0.000,-0.000,-0.000,-0.000,-0.000,-0.000,-0.000,-0.000,-0.000,-0.000
-0.000,-0.000,-0.000,-0.000,-0.000,-0.000,-0.000,-0.000,-0.000,-0.000,-0.000,-0.000,-0.000,-0.000,-0.000,-0.000,-0.000,-0.000,-0.000,-0.000,-0.000,-0.000,-0.000,-0.000,-0.000,-0.000,-0.000,-0.000,-0.000,-0.000,-0.000,-0.000,-0.000,-0.000,-0.000,-0.000,-0.000,-0.000,-0.000,-0.000,-0.000,-0.000,-0.000,-0.000,-0.000,-0.000,-0.000,-0.000,-0.000,-0.000,-0.000,-0.000,-0.000,-0.000,-0.000,-0.000,-0.000,-0.000,-0.000,-0.000,-0.000,-0.000,-0.000,-0.000,-0.000,-0.000,-0.000,-0.000,-0.000,-0.000,-0.000,-0.000,-0.000,-0.000,-0.000,-0.000,-0.000,-0.000,-0.000,-0.000
-0.000,-0.000,-0.000,-0.000,-0.000,-0.000,-0.000,-0.000,-0.000,-0.000,-0.000,-0.000,-0.000,-0.000,-0.000,-0.000,-0.000,-0.000,-0.000,-0.000,-0.000,-0.000,-0.000,-0.000,-0.000,-0.000,-0.000,-0.000,-0.000,-0.000,-0.000,-0.000,-0.000,-0.000,-0.000,-0.000,-0.000,-0.000,-0.000,-0.000,-0.000,-0.000,-0.000,-0.000,-0.000,-0.000,-0.000,-0.000,-0.000,-0.000,-0.000,-0.000,-0.000,-0.000,-0.000,-0.000,-0.000,-0.000,-0.000,-0.000,-0.000,-0.000,-0.000,-0.000,-0.000,-0.000,-0.000,-0.000,-0.000,-0.000,-0.000,-0.000,-0.000,-0.000,-0.000,-0.000,-0.000,-0.000,-0.000,-0.000
0.000,0.000,0.000,0.000,-0.000,-0.000,0.000,0.000,0.000,0.000,0.000,0.000,0.000,0.000,0.000,0.000,0.000,0.000,0.000,0.000,0.000,0.000,0.000,-0.000,0.000,0.000,0.000,0.000,0.000,0.000,0.000,0.000,0.000,0.000,0.000,0.000,0.000,0.000,0.000,0.000,0.000,0.000,0.000,0.000,0.000,0.000,0.000,0.000,0.000,0.000,0.000,0.000,0.000,0.000,0.000,0.000,0.000,0.000,0.000,0.000,0.000,0.000,0.000,0.000,-0.000,0.000,0.000,0.000,0.000,0.000,0.000,0.000,-0.000,0.000,0.000,0.000,0.000,0.000,0.000,-0.000
0.000,0.000,0.000,0.000,-0.000,-0.000,0.000,0.000,0.000,0.000,0.000,0.000,0.000,0.000,0.000,0.000,0.000,0.000,0.000,0.000,0.000,0.000,0.000,-0.000,0.000,0.000,0.000,0.000,0.000,0.000,0.000,0.000,0.000,0.000,0.000,0.000,0.000,0.000,0.000,0.000,0.000,0.000,0.000,0.000,0.000,0.000,0.000,0.000,0.000,0.000,0.000,0.000,0.000,0.000,0.000,0.000,0.000,0.000,0.000,0.000,0.000,0.000,0.000,0.000,-0.000,0.000,0.000,0.000,0.000,0.000,0.000,0.000,-0.000,0.000,0.000,0.000,0.000,0.000,0.000,-0.000
-0.000,-0.000,-0.000,-0.000,-0.000,-0.000,-0.000,-0.000,-0.000,-0.000,-0.000,-0.000,-0.000,-0.000,-0.000,-0.000,-0.000,-0.000,-0.000,-0.000,-0.000,-0.000,-0.000,-0.000,-0.000,-0.000,-0.000,-0.000,-0.000,-0.000,-0.000,-0.000,-0.000,-0.000,-0.000,-0.000,-0.000,-0.000,-0.000,-0.000,-0.000,-0.000,-0.000,-0.000,-0.000,-0.000,-0.000,-0.000,-0.000,-0.000,-0.000,-0.000,-0.000,-0.000,-0.000,-0.000,-0.000,-0.000,-0.000,-0.000,-0.000,-0.000,-0.000,-0.000,-0.000,-0.000,-0.000,-0.000,-0.000,-0.000,-0.000,-0.000,-0.000,-0.000,-0.000,-0.000,-0.000,-0.000,-0.000,-0.000
-0.000,-0.000,-0.000,-0.000,-0.000,-0.000,-0.000,-0.000,-0.000,-0.000,-0.000,-0.000,-0.000,-0.000,-0.000,-0.000,-0.000,-0.000,-0.000,-0.000,-0.000,-0.000,-0.000,-0.000,-0.000,-0.000,-0.000,-0.000,-0.000,-0.000,-0.000,-0.000,-0.000,-0.000,-0.000,-0.000,-0.000,-0.000,-0.000,-0.000,-0.000,-0.000,-0.000,-0.000,-0.000,-0.000,-0.000,-0.000,-0.000,-0.000,-0.000,-0.000,-0.000,-0.000,-0.000,-0.000,-0.000,-0.000,-0.000,-0.000,-0.000,-0.000,-0.000,-0.000,-0.000,-0.000,-0.000,-0.000,-0.000,-0.000,-0.000,-0.000,-0.000,-0.000,-0.000,-0.000,-0.000,-0.000,-0.000,-0.000
-0.000,-0.000,-0.000,-0.000,-0.000,-0.000,-0.000,-0.000,-0.000,-0.000,-0.000,-0.000,-0.000,-0.000,-0.000,-0.000,-0.000,-0.000,-0.000,-0.000,-0.000,-0.000,-0.000,-0.000,-0.000,-0.000,-0.000,-0.000,-0.000,-0.000,-0.000,-0.000,-0.000,-0.000,-0.000,-0.000,-0.000,-0.000,-0.000,-0.000,-0.000,-0.000,-0.000,-0.000,-0.000,-0.000,-0.000,-0.000,-0.000,-0.000,-0.000,-0.000,-0.000,-0.000,-0.000,-0.000,-0.000,-0.000,-0.000,-0.000,-0.000,-0.000,-0.000,-0.000,-0.000,-0.000,-0.000,-0.000,-0.000,-0.000,-0.000,-0.000,-0.000,-0.000,-0.000,-0.000,-0.000,-0.000,-0.000,-0.000
-0.000,-0.000,-0.000,-0.000,-0.000,-0.000,-0.000,-0.000,-0.000,-0.000,-0.000,-0.000,-0.000,-0.000,-0.000,-0.000,-0.000,-0.000,-0.000,-0.000,-0.000,-0.000,-0.000,-0.000,-0.000,-0.000,-0.000,-0.000,-0.000,-0.000,-0.000,-0.000,-0.000,-0.000,-0.000,-0.000,-0.000,-0.000,-0.000,-0.000,-0.000,-0.000,-0.000,-0.000,-0.000,-0.000,-0.000,-0.000,-0.000,-0.000,-0.000,-0.000,-0.000,-0.000,-0.000,-0.000,-0.000,-0.000,-0.000,-0.000,-0.000,-0.000,-0.000,-0.000,-0.000,-0.000,-0.000,-0.000,-0.000,-0.000,-0.000,-0.000,-0.000,-0.000,-0.000,-0.000,-0.000,-0.000,-0.000,-0.000
-0.000,-0.000,-0.000,-0.000,-0.000,-0.000,-0.000,-0.000,-0.000,-0.000,-0.000,-0.000,-0.000,-0.000,-0.000,-0.000,-0.000,-0.000,-0.000,-0.000,-0.000,-0.000,-0.000,-0.000,-0.000,-0.000,-0.000,-0.000,-0.000,-0.000,-0.000,-0.000,-0.000,-0.000,-0.000,-0.000,-0.000,-0.000,-0.000,-0.000,-0.000,-0.000,-0.000,-0.000,-0.000,-0.000,-0.000,-0.000,-0.000,-0.000,-0.000,-0.000,-0.000,-0.000,-0.000,-0.000,-0.000,-0.000,-0.000,-0.000,-0.000,-0.000,-0.000,-0.000,-0.000,-0.000,-0.000,-0.000,-0.000,-0.000,-0.000,-0.000,-0.000,-0.000,-0.000,-0.000,-0.000,-0.000,-0.000,-0.000
-0.000,-0.000,-0.000,-0.000,-0.000,-0.000,-0.000,-0.000,-0.000,-0.000,-0.000,-0.000,-0.000,-0.000,-0.000,-0.000,-0.000,-0.000,-0.000,-0.000,-0.000,-0.000,-0.000,-0.000,-0.000,-0.000,-0.000,-0.000,-0.000,-0.000,-0.000,-0.000,-0.000,-0.000,-0.000,-0.000,-0.000,-0.000,-0.000,-0.000,-0.000,-0.000,-0.000,-0.000,-0.000,-0.000,-0.000,-0.000,-0.000,-0.000,-0.000,-0.000,-0.000,-0.000,-0.000,-0.000,-0.000,-0.000,-0.000,-0.000,-0.000,-0.000,-0.000,-0.000,-0.000,-0.000,-0.000,-0.000,-0.000,-0.000,-0.000,-0.000,-0.000,-0.000,-0.000,-0.000,-0.000,-0.000,-0.000,-0.000
-0.000,-0.000,-0.000,-0.000,-0.000,-0.000,-0.000,-0.000,-0.000,-0.000,-0.000,-0.000,-0.000,-0.000,-0.000,-0.000,-0.000,-0.000,-0.000,-0.000,-0.000,-0.000,-0.000,-0.000,-0.000,-0.000,-0.000,-0.000,-0.000,-0.000,-0.000,-0.000,-0.000,-0.000,-0.000,-0.000,-0.000,-0.000,-0.000,-0.000,-0.000,-0.000,-0.000,-0.000,-0.000,-0.000,-0.000,-0.000,-0.000,-0.000,-0.000,-0.000,-0.000,-0.000,-0.000,-0.000,-0.000,-0.000,-0.000,-0.000,-0.000,-0.000,-0.000,-0.000,-0.000,-0.000,-0.000,-0.000,-0.000,-0.000,-0.000,-0.000,-0.000,-0.000,-0.000,-0.000,-0.000,-0.000,-0.000,-0.000
-0.000,-0.000,-0.000,-0.000,-0.000,-0.000,-0.000,-0.000,-0.000,-0.000,-0.000,-0.000,-0.000,-0.000,-0.000,-0.000,-0.000,-0.000,-0.000,-0.000,-0.000,-0.000,-0.000,-0.000,-0.000,-0.000,-0.000,-0.000,-0.000,-0.000,-0.000,-0.000,-0.000,-0.000,-0.000,-0.000,-0.000,-0.000,-0.000,-0.000,-0.000,-0.000,-0.000,-0.000,-0.000,-0.000,-0.000,-0.000,-0.000,-0.000,-0.000,-0.000,-0.000,-0.000,-0.000,-0.000,-0.000,-0.000,-0.000,-0.000,-0.000,-0.000,-0.000,-0.000,-0.000,-0.000,-0.000,-0.000,-0.000,-0.000,-0.000,-0.000,-0.000,-0.000,-0.000,-0.000,-0.000,-0.000,-0.000,-0.000
-0.000,-0.000,-0.000,-0.000,-0.000,-0.000,-0.000,-0.000,-0.000,-0.000,-0.000,-0.000,-0.000,-0.000,-0.000,-0.000,-0.000,-0.000,-0.000,-0.000,-0.000,-0.000,-0.000,-0.000,-0.000,-0.000,-0.000,-0.000,-0.000,-0.000,-0.000,-0.000,-0.000,-0.000,-0.000,-0.000,-0.000,-0.000,-0.000,-0.000,-0.000,-0.000,-0.000,-0.000,-0.000,-0.000,-0.000,-0.000,-0.000,-0.000,-0.000,-0.000,-0.000,-0.000,-0.000,-0.000,-0.000,-0.000,-0.000,-0.000,-0.000,-0.000,-0.000,-0.000,-0.000,-0.000,-0.000,-0.000,-0.000,-0.000,-0.000,-0.000,-0.000,-0.000,-0.000,-0.000,-0.000,-0.000,-0.000,-0.000
-0.000,-0.000,-0.000,-0.000,-0.000,-0.000,-0.000,-0.000,-0.000,-0.000,-0.000,-0.000,-0.000,-0.000,-0.000,-0.000,-0.000,-0.000,-0.000,-0.000,-0.000,-0.000,-0.000,-0.000,-0.000,-0.000,-0.000,-0.000,-0.000,-0.000,-0.000,-0.000,-0.000,-0.000,-0.000,-0.000,-0.000,-0.000,-0.000,-0.000,-0.000,-0.000,-0.000,-0.000,-0.000,-0.000,-0.000,-0.000,-0.000,-0.000,-0.000,-0.000,-0.000,-0.000,-0.000,-0.000,-0.000,-0.000,-0.000,-0.000,-0.000,-0.000,-0.000,-0.000,-0.000,-0.000,-0.000,-0.000,-0.000,-0.000,-0.000,-0.000,-0.000,-0.000,-0.000,-0.000,-0.000,-0.000,-0.000,-0.000
0.000,0.000,0.000,0.000,-0.000,-0.000,0.000,0.000,0.000,0.000,0.000,0.000,0.000,0.000,0.000,0.000,0.000,0.000,0.000,0.000,0.000,0.000,0.000,-0.000,0.000,0.000,0.000,0.000,0.000,0.000,0.000,0.000,0.000,0.000,0.000,0.000,0.000,0.000,0.000,0.000,0.000,0.000,0.000,0.000,0.000,0.000,0.000,0.000,0.000,0.000,0.000,0.000,0.000,0.000,0.000,0.000,0.000,0.000,0.000,0.000,0.000,0.000,0.000,0.000,-0.000,0.000,0.000,0.000,0.000,0.000,0.000,0.000,-0.000,0.000,0.000,0.000,0.000,0.000,0.000,-0.000
-0.000,-0.000,-0.000,-0.000,-0.000,-0.000,-0.000,-0.000,-0.000,-0.000,-0.000,-0.000,-0.000,-0.000,-0.000,-0.000,-0.000,-0.000,-0.000,-0.000,-0.000,-0.000,-0.000,-0.000,-0.000,-0.000,-0.000,-0.000,-0.000,-0.000,-0.000,-0.000,-0.000,-0.000,-0.000,-0.000,-0.000,-0.000,-0.000,-0.000,-0.000,-0.000,-0.000,-0.000,-0.000,-0.000,-0.000,-0.000,-0.000,-0.000,-0.000,-0.000,-0.000,-0.000,-0.000,-0.000,-0.000,-0.000,-0.000,-0.000,-0.000,-0.000,-0.000,-0.000,-0.000,-0.000,-0.000,-0.000,-0.000,-0.000,-0.000,-0.000,-0.000,-0.000,-0.000,-0.000,-0.000,-0.000,-0.000,-0.000
-0.000,-0.000,-0.000,-0.000,-0.000,-0.000,-0.000,-0.000,-0.000,-0.000,-0.000,-0.000,-0.000,-0.000,-0.000,-0.000,-0.000,-0.000,-0.000,-0.000,-0.000,-0.000,-0.000,-0.000,-0.000,-0.000,-0.000,-0.000,-0.000,-0.000,-0.000,-0.000,-0.000,-0.000,-0.000,-0.000,-0.000,-0.000,-0.000,-0.000,-0.000,-0.000,-0.000,-0.000,-0.000,-0.000,-0.000,-0.000,-0.000,-0.000,-0.000,-0.000,-0.000,-0.000,-0.000,-0.000,-0.000,-0.000,-0.000,-0.000,-0.000,-0.000,-0.000,-0.000,-0.000,-0.000,-0.000,-0.000,-0.000,-0.000,-0.000,-0.000,-0.000,-0.000,-0.000,-0.000,-0.000,-0.000,-0.000,-0.000
-0.000,-0.000,-0.000,-0.000,-0.000,-0.000,-0.000,-0.000,-0.000,-0.000,-0.000,-0.000,-0.000,-0.000,-0.000,-0.000,-0.000,-0.000,-0.000,-0.000,-0.000,-0.000,-0.000,-0.000,-0.000,-0.000,-0.000,-0.000,-0.000,-0.000,-0.000,-0.000,-0.000,-0.000,-0.000,-0.000,-0.000,-0.000,-0.000,-0.000,-0.000,-0.000,-0.000,-0.000,-0.000,-0.000,-0.000,-0.000,-0.000,-0.000,-0.000,-0.000,-0.000,-0.000,-0.000,-0.000,-0.000,-0.000,-0.000,-0.000,-0.000,-0.000,-0.000,-0.000,-0.000,-0.000,-0.000,-0.000,-0.000,-0.000,-0.000,-0.000,-0.000,-0.000,-0.000,-0.000,-0.000,-0.000,-0.000,-0.000
-0.000,-0.000,-0.000,-0.000,-0.000,-0.000,-0.000,-0.000,-0.000,-0.000,-0.000,-0.000,-0.000,-0.000,-0.000,-0.000,-0.000,-0.000,-0.000,-0.000,-0.000,-0.000,-0.000,-0.000,-0.000,-0.000,-0.000,-0.000,-0.000,-0.000,-0.000,-0.000,-0.000,-0.000,-0.000,-0.000,-0.000,-0.000,-0.000,-0.000,-0.000,-0.000,-0.000,-0.000,-0.000,-0.000,-0.000,-0.000,-0.000,-0.000,-0.000,-0.000,-0.000,-0.000,-0.000,-0.000,-0.000,-0.000,-0.000,-0.000,-0.000,-0.000,-0.000,-0.000,-0.000,-0.000,-0.000,-0.000,-0.000,-0.000,-0.000,-0.000,-0.000,-0.000,-0.000,-0.000,-0.000,-0.000,-0.000,-0.000
-0.000,-0.000,-0.000,-0.000,-0.000,-0.000,-0.000,-0.000,-0.000,-0.000,-0.000,-0.000,-0.000,-0.000,-0.000,-0.000,-0.000,-0.000,-0.000,-0.000,-0.000,-0.000,-0.000,-0.000,-0.000,-0.000,-0.000,-0.000,-0.000,-0.000,-0.000,-0.000,-0.000,-0.000,-0.000,-0.000,-0.000,-0.000,-0.000,-0.000,-0.000,-0.000,-0.000,-0.000,-0.000,-0.000,-0.000,-0.000,-0.000,-0.000,-0.000,-0.000,-0.000,-0.000,-0.000,-0.000,-0.000,-0.000,-0.000,-0.000,-0.000,-0.000,-0.000,-0.000,-0.000,-0.000,-0.000,-0.000,-0.000,-0.000,-0.000,-0.000,-0.000,-0.000,-0.000,-0.000,-0.000,-0.000,-0.000,-0.000
-0.000,-0.000,-0.000,-0.000,-0.000,-0.000,-0.000,-0.000,-0.000,-0.000,-0.000,-0.000,-0.000,-0.000,-0.000,-0.000,-0.000,-0.000,-0.000,-0.000,-0.000,-0.000,-0.000,-0.000,-0.000,-0.000,-0.000,-0.000,-0.000,-0.000,-0.000,-0.000,-0.000,-0.000,-0.000,-0.000,-0.000,-0.000,-0.000,-0.000,-0.000,-0.000,-0.000,-0.000,-0.000,-0.000,-0.000,-0.000,-0.000,-0.000,-0.000,-0.000,-0.000,-0.000,-0.000,-0.000,-0.000,-0.000,-0.000,-0.000,-0.000,-0.000,-0.000,-0.000,-0.000,-0.000,-0.000,-0.000,-0.000,-0.000,-0.000,-0.000,-0.000,-0.000,-0.000,-0.000,-0.000,-0.000,-0.000,-0.000
0.000,0.000,0.000,0.000,1.000,-0.000,0.000,0.000,0.000,0.000,0.000,-0.000,0.000,0.000,0.000,1.000,0.000,0.000,0.000,0.000,0.000,0.000,0.000,-0.000,0.000,0.000,1.000,0.000,0.000,0.000,1.000,0.000,0.000,0.000,0.000,0.000,0.000,0.000,0.000,0.000,0.000,0.000,0.000,0.000,0.000,0.000,1.000,0.000,0.000,0.000,-0.000,1.000,0.000,0.000,0.000,0.000,0.000,0.000,1.000,0.000,0.000,0.000,0.000,0.000,-0.000,0.000,0.000,0.000,-0.000,1.000,0.000,0.000,1.000,0.000,0.000,0.000,1.000,0.000,0.000,-0.000
-0.000,-0.000,-0.000,-0.000,-0.000,-0.000,-0.000,-0.000,-0.000,-0.000,-0.000,-0.000,-0.000,-0.000,-0.000,-0.000,-0.000,-0.000,-0.000,-0.000,-0.000,-0.000,-0.000,-0.000,-0.000,-0.000,-0.000,-0.000,-0.000,-0.000,-0.000,-0.000,-0.000,-0.000,-0.000,-0.000,-0.000,-0.000,-0.000,-0.000,-0.000,-0.000,-0.000,-0.000,-0.000,-0.000,-0.000,-0.000,-0.000,-0.000,-0.000,-0.000,-0.000,-0.000,-0.000,-0.000,-0.000,-0.000,-0.000,-0.000,-0.000,-0.000,-0.000,-0.000,-0.000,-0.000,-0.000,-0.000,-0.000,-0.000,-0.000,-0.000,-0.000,-0.000,-0.000,-0.000,-0.000,-0.000,-0.000,-0.000
-0.000,-0.000,-0.000,-0.000,-0.000,-0.000,-0.000,-0.000,-0.000,-0.000,-0.000,-0.000,-0.000,-0.000,-0.000,-0.000,-0.000,-0.000,-0.000,-0.000,-0.000,-0.000,-0.000,-0.000,-0.000,-0.000,-0.000,-0.000,-0.000,-0.000,-0.000,-0.000,-0.000,-0.000,-0.000,-0.000,-0.000,-0.000,-0.000,-0.000,-0.000,-0.000,-0.000,-0.000,-0.000,-0.000,-0.000,-0.000,-0.000,-0.000,-0.000,-0.000,-0.000,-0.000,-0.000,-0.000,-0.000,-0.000,-0.000,-0.000,-0.000,-0.000,-0.000,-0.000,-0.000,-0.000,-0.000,-0.000,-0.000,-0.000,-0.000,-0.000,-0.000,-0.000,-0.000,-0.000,-0.000,-0.000,-0.000,-0.000
-0.000,-0.000,-0.000,-0.000,-0.000,-0.000,-0.000,-0.000,-0.000,-0.000,-0.000,-0.000,-0.000,-0.000,-0.000,-0.000,-0.000,-0.000,-0.000,-0.000,-0.000,-0.000,-0.000,-0.000,-0.000,-0.000,-0.000,-0.000,-0.000,-0.000,-0.000,-0.000,-0.000,-0.000,-0.000,-0.000,-0.000,-0.000,-0.000,-0.000,-0.000,-0.000,-0.000,-0.000,-0.000,-0.000,-0.000,-0.000,-0.000,-0.000,-0.000,-0.000,-0.000,-0.000,-0.000,-0.000,-0.000,-0.000,-0.000,-0.000,-0.000,-0.000,-0.000,-0.000,-0.000,-0.000,-0.000,-0.000,-0.000,-0.000,-0.000,-0.000,-0.000,-0.000,-0.000,-0.000,-0.000,-0.000,-0.000,-0.000
-0.000,-0.000,-0.000,-0.000,-0.000,-0.000,-0.000,-0.000,-0.000,-0.000,-0.000,-0.000,-0.000,-0.000,-0.000,-0.000,-0.000,-0.000,-0.000,-0.000,-0.000,-0.000,-0.000,-0.000,-0.000,-0.000,-0.000,-0.000,-0.000,-0.000,-0.000,-0.000,-0.000,-0.000,-0.000,-0.000,-0.000,-0.000,-0.000,-0.000,-0.000,-0.000,-0.000,-0.000,-0.000,-0.000,-0.000,-0.000,-0.000,-0.000,-0.000,-0.000,-0.000,-0.000,-0.000,-0.000,-0.000,-0.000,-0.000,-0.000,-0.000,-0.000,-0.000,-0.000,-0.000,-0.000,-0.000,-0.000,-0.000,-0.000,-0.000,-0.000,-0.000,-0.000,-0.000,-0.000,-0.000,-0.000,-0.000,-0.000
-0.000,-0.000,-0.000,-0.000,-0.000,-0.000,-0.000,-0.000,-0.000,-0.000,-0.000,-0.000,-0.000,-0.000,-0.000,-0.000,-0.000,-0.000,-0.000,-0.000,-0.000,-0.000,-0.000,-0.000,-0.000,-0.000,-0.000,-0.000,-0.000,-0.000,-0.000,-0.000,-0.000,-0.000,-0.000,-0.000,-0.000,-0.000,-0.000,-0.000,-0.000,-0.000,-0.000,-0.000,-0.000,-0.000,-0.000,-0.000,-0.000,-0.000,-0.000,-0.000,-0.000,-0.000,-0.000,-0.000,-0.000,-0.000,-0.000,-0.000,-0.000,-0.000,-0.000,-0.000,-0.000,-0.000,-0.000,-0.000,-0.000,-0.000,-0.000,-0.000,-0.000,-0.000,-0.000,-0.000,-0.000,-0.000,-0.000,-0.000
-0.000,-0.000,-0.000,-0.000,-0.000,-0.000,-0.000,-0.000,-0.000,-0.000,-0.000,-0.000,-0.000,-0.000,-0.000,-0.000,-0.000,-0.000,-0.000,-0.000,-0.000,-0.000,-0.000,-0.000,-0.000,-0.000,-0.000,-0.000,-0.000,-0.000,-0.000,-0.000,-0.000,-0.000,-0.000,-0.000,-0.000,-0.000,-0.000,-0.000,-0.000,-0.000,-0.000,-0.000,-0.000,-0.000,-0.000,-0.000,-0.000,-0.000,-0.000,-0.000,-0.000,-0.000,-0.000,-0.000,-0.000,-0.000,-0.000,-0.000,-0.000,-0.000,-0.000,-0.000,-0.000,-0.000,-0.000,-0.000,-0.000,-0.000,-0.000,-0.000,-0.000,-0.000,-0.000,-0.000,-0.000,-0.000,-0.000,-0.000
-0.000,-0.000,-0.000,-0.000,-0.000,-0.000,-0.000,-0.000,-0.000,-0.000,-0.000,-0.000,-0.000,-0.000,-0.000,-0.000,-0.000,-0.000,-0.000,-0.000,-0.000,-0.000,-0.000,-0.000,-0.000,-0.000,-0.000,-0.000,-0.000,-0.000,-0.000,-0.000,-0.000,-0.000,-0.000,-0.000,-0.000,-0.000,-0.000,-0.000,-0.000,-0.000,-0.000,-0.000,-0.000,-0.000,-0.000,-0.000,-0.000,-0.000,-0.000,-0.000,-0.000,-0.000,-0.000,-0.000,-0.000,-0.000,-0.000,-0.000,-0.000,-0.000,-0.000,-0.000,-0.000,-0.000,-0.000,-0.000,-0.000,-0.000,-0.000,-0.000,-0.000,-0.000,-0.000,-0.000,-0.000,-0.000,-0.000,-0.000
0.000,0.000,-0.000,0.000,-0.000,-0.000,0.000,0.000,1.000,0.000,0.000,1.000,0.000,0.000,0.000,0.000,0.000,0.000,-0.000,0.000,0.000,0.000,0.000,-0.000,0.000,0.000,0.000,0.000,0.000,0.000,0.000,0.000,0.000,0.000,0.000,0.000,0.000,1.000,0.000,0.000,0.000,0.000,0.000,0.000,0.000,0.000,0.000,0.000,0.000,1.000,0.000,0.000,0.000,1.000,-0.000,0.000,0.000,0.000,0.000,0.000,0.000,0.000,0.000,0.000,-0.000,0.000,0.000,0.000,0.000,0.000,0.000,0.000,-0.000,0.000,1.000,0.000,0.000,0.000,0.000,1.000
-0.000,-0.000,-0.000,-0.000,-0.000,-0.000,-0.000,-0.000,-0.000,-0.000,-0.000,-0.000,-0.000,-0.000,-0.000,-0.000,-0.000,-0.000,-0.000,-0.000,-0.000,-0.000,-0.000,-0.000,-0.000,-0.000,-0.000,-0.000,-0.000,-0.000,-0.000,-0.000,-0.000,-0.000,-0.000,-0.000,-0.000,-0.000,-0.000,-0.000,-0.000,-0.000,-0.000,-0.000,-0.000,-0.000,-0.000,-0.000,-0.000,-0.000,-0.000,-0.000,-0.000,-0.000,-0.000,-0.000,-0.000,-0.000,-0.000,-0.000,-0.000,-0.000,-0.000,-0.000,-0.000,-0.000,-0.000,-0.000,-0.000,-0.000,-0.000,-0.000,-0.000,-0.000,-0.000,-0.000,-0.000,-0.000,-0.000,-0.000
0.000,0.000,0.000,0.000,-0.000,-0.000,1.000,0.000,0.000,1.000,0.000,0.000,-0.000,0.000,0.000,0.000,0.000,1.000,1.000,0.000,0.000,1.000,0.000,-0.000,0.000,1.000,0.000,0.000,-0.000,0.000,0.000,1.000,0.000,0.000,0.000,1.000,0.000,0.000,0.000,1.000,0.000,0.000,0.000,0.000,0.000,1.000,0.000,0.000,0.000,0.000,0.000,0.000,0.000,0.000,0.000,1.000,0.000,0.000,0.000,0.000,-0.000,0.000,0.000,0.000,-0.000,1.000,1.000,0.000,0.000,0.000,1.000,0.000,-0.000,0.000,0.000,0.000,0.000,0.000,1.000,-0.000
-0.000,-0.000,-0.000,-0.000,-0.000,-0.000,-0.000,-0.000,-0.000,-0.000,-0.000,-0.000,-0.000,-0.000,-0.000,-0.000,-0.000,-0.000,-0.000,-0.000,-0.000,-0.000,-0.000,-0.000,-0.000,-0.000,-0.000,-0.000,-0.000,-0.000,-0.000,-0.000,-0.000,-0.000,-0.000,-0.000,-0.000,-0.000,-0.000,-0.000,-0.000,-0.000,-0.000,-0.000,-0.000,-0.000,-0.000,-0.000,-0.000,-0.000,-0.000,-0.000,-0.000,-0.000,-0.000,-0.000,-0.000,-0.000,-0.000,-0.000,-0.000,-0.000,-0.000,-0.000,-0.000,-0.000,-0.000,-0.000,-0.000,-0.000,-0.000,-0.000,-0.000,-0.000,-0.000,-0.000,-0.000,-0.000,-0.000,-0.000
-0.000,-0.000,-0.000,-0.000,-0.000,-0.000,-0.000,-0.000,-0.000,-0.000,-0.000,-0.000,-0.000,-0.000,-0.000,-0.000,-0.000,-0.000,-0.000,-0.000,-0.000,-0.000,-0.000,-0.000,-0.000,-0.000,-0.000,-0.000,-0.000,-0.000,-0.000,-0.000,-0.000,-0.000,-0.000,-0.000,-0.000,-0.000,-0.000,-0.000,-0.000,-0.000,-0.000,-0.000,-0.000,-0.000,-0.000,-0.000,-0.000,-0.000,-0.000,-0.000,-0.000,-0.000,-0.000,-0.000,-0.000,-0.000,-0.000,-0.000,-0.000,-0.000,-0.000,-0.000,-0.000,-0.000,-0.000,-0.000,-0.000,-0.000,-0.000,-0.000,-0.000,-0.000,-0.000,-0.000,-0.000,-0.000,-0.000,-0.000
-0.000,-0.000,-0.000,-0.000,-0.000,-0.000,-0.000,-0.000,-0.000,-0.000,-0.000,-0.000,-0.000,-0.000,-0.000,-0.000,-0.000,-0.000,-0.000,-0.000,-0.000,-0.000,-0.000,-0.000,-0.000,-0.000,-0.000,-0.000,-0.000,-0.000,-0.000,-0.000,-0.000,-0.000,-0.000,-0.000,-0.000,-0.000,-0.000,-0.000,-0.000,-0.000,-0.000,-0.000,-0.000,-0.000,-0.000,-0.000,-0.000,-0.000,-0.000,-0.000,-0.000,-0.000,-0.000,-0.000,-0.000,-0.000,-0.000,-0.000,-0.000,-0.000,-0.000,-0.000,-0.000,-0.000,-0.000,-0.000,-0.000,-0.000,-0.000,-0.000,-0.000,-0.000,-0.000,-0.000,-0.000,-0.000,-0.000,-0.000
0.000,0.000,0.000,0.000,-0.000,-0.000,0.000,0.000,0.000,0.000,0.000,0.000,0.000,0.000,0.000,0.000,0.000,0.000,0.000,0.000,0.000,0.000,0.000,-0.000,0.000,0.000,0.000,0.000,0.000,0.000,0.000,0.000,0.000,0.000,0.000,0.000,0.000,0.000,0.000,0.000,0.000,0.000,0.000,0.000,0.000,0.000,0.000,0.000,0.000,0.000,0.000,0.000,0.000,0.000,0.000,0.000,0.000,0.000,0.000,0.000,0.000,0.000,0.000,0.000,-0.000,0.000,0.000,0.000,0.000,0.000,0.000,0.000,-0.000,0.000,0.000,0.000,0.000,0.000,0.000,-0.000
-0.000,-0.000,-0.000,-0.000,-0.000,-0.000,-0.000,-0.000,-0.000,-0.000,-0.000,-0.000,-0.000,-0.000,-0.000,-0.000,-0.000,-0.000,-0.000,-0.000,-0.000,-0.000,-0.000,-0.000,-0.000,-0.000,-0.000,-0.000,-0.000,-0.000,-0.000,-0.000,-0.000,-0.000,-0.000,-0.000,-0.000,-0.000,-0.000,-0.000,-0.000,-0.000,-0.000,-0.000,-0.000,-0.000,-0.000,-0.000,-0.000,-0.000,-0.000,-0.000,-0.000,-0.000,-0.000,-0.000,-0.000,-0.000,-0.000,-0.000,-0.000,-0.000,-0.000,-0.000,-0.000,-0.000,-0.000,-0.000,-0.000,-0.000,-0.000,-0.000,-0.000,-0.000,-0.000,-0.000,-0.000,-0.000,-0.000,-0.000
-0.000,-0.000,-0.000,-0.000,-0.000,-0.000,-0.000,-0.000,-0.000,-0.000,-0.000,-0.000,-0.000,-0.000,-0.000,-0.000,-0.000,-0.000,-0.000,-0.000,-0.000,-0.000,-0.000,-0.000,-0.000,-0.000,-0.000,-0.000,-0.000,-0.000,-0.000,-0.000,-0.000,-0.000,-0.000,-0.000,-0.000,-0.000,-0.000,-0.000,-0.000,-0.000,-0.000,-0.000,-0.000,-0.000,-0.000,-0.000,-0.000,-0.000,-0.000,-0.000,-0.000,-0.000,-0.000,-0.000,-0.000,-0.000,-0.000,-0.000,-0.000,-0.000,-0.000,-0.000,-0.000,-0.000,-0.000,-0.000,-0.000,-0.000,-0.000,-0.000,-0.000,-0.000,-0.000,-0.000,-0.000,-0.000,-0.000,-0.000
-0.000,-0.000,-0.000,-0.000,-0.000,-0.000,-0.000,-0.000,-0.000,-0.000,-0.000,-0.000,-0.000,-0.000,-0.000,-0.000,-0.000,-0.000,-0.000,-0.000,-0.000,-0.000,-0.000,-0.000,-0.000,-0.000,-0.000,-0.000,-0.000,-0.000,-0.000,-0.000,-0.000,-0.000,-0.000,-0.000,-0.000,-0.000,-0.000,-0.000,-0.000,-0.000,-0.000,-0.000,-0.000,-0.000,-0.000,-0.000,-0.000,-0.000,-0.000,-0.000,-0.000,-0.000,-0.000,-0.000,-0.000,-0.000,-0.000,-0.000,-0.000,-0.000,-0.000,-0.000,-0.000,-0.000,-0.000,-0.000,-0.000,-0.000,-0.000,-0.000,-0.000,-0.000,-0.000,-0.000,-0.000,-0.000,-0.000,-0.000
-0.000,-0.000,-0.000,-0.000,-0.000,-0.000,-0.000,-0.000,-0.000,-0.000,-0.000,-0.000,-0.000,-0.000,-0.000,-0.000,-0.000,-0.000,-0.000,-0.000,-0.000,-0.000,-0.000,-0.000,-0.000,-0.000,-0.000,-0.000,-0.000,-0.000,-0.000,-0.000,-0.000,-0.000,-0.000,-0.000,-0.000,-0.000,-0.000,-0.000,-0.000,-0.000,-0.000,-0.000,-0.000,-0.000,-0.000,-0.000,-0.000,-0.000,-0.000,-0.000,-0.000,-0.000,-0.000,-0.000,-0.000,-0.000,-0.000,-0.000,-0.000,-0.000,-0.000,-0.000,-0.000,-0.000,-0.000,-0.000,-0.000,-0.000,-0.000,-0.000,-0.000,-0.000,-0.000,-0.000,-0.000,-0.000,-0.000,-0.000
0.000,0.000,0.000,0.000,-0.000,-0.000,0.000,0.000,0.000,0.000,0.000,0.000,0.000,0.000,0.000,0.000,0.000,0.000,0.000,0.000,0.000,0.000,0.000,-0.000,0.000,0.000,0.000,0.000,0.000,0.000,0.000,0.000,0.000,0.000,0.000,0.000,0.000,0.000,0.000,0.000,0.000,0.000,0.000,0.000,0.000,0.000,0.000,0.000,0.000,0.000,0.000,0.000,0.000,0.000,0.000,0.000,0.000,0.000,0.000,0.000,0.000,0.000,0.000,0.000,-0.000,0.000,0.000,0.000,0.000,0.000,0.000,0.000,-0.000,0.000,0.000,0.000,0.000,0.000,0.000,-0.000
148.000,147.000,184.000,191.000,128.000,166.000,104.000,200.000,104.000,103.000,186.000,146.000,162.000,151.000,181.000,130.000,147.000,126.000,138.000,179.000,129.000,167.000,109.000,173.000,190.000,133.000,105.000,136.000,139.000,174.000,122.000,112.000,120.000,179.000,175.000,151.000,166.000,135.000,162.000,199.000,187.000,157.000,104.000,127.000,143.000,142.000,195.000,137.000,188.000,156.000,128.000,161.000,122.000,139.000,156.000,189.000,183.000,140.000,162.000,115.000,119.000,118.000,152.000,122.000,124.000,109.000,138.000,168.000,100.000,153.000,116.000,183.000,191.000,111.000,113.000,187.000,156.000,197.000,151.000,116.000
-0.000,-0.000,-0.000,-0.000,-0.000,-0.000,-0.000,-0.000,1.000,-0.000,-0.000,-0.000,-0.000,-0.000,-0.000,-0.000,-0.000,-0.000,1.000,-0.000,-0.000,-0.000,1.000,-0.000,-0.000,-0.000,1.000,-0.000,0.000,-0.000,-0.000,0.000,-0.000,-0.000,-0.000,-0.000,-0.000,-0.000,-0.000,-0.000,-0.000,-0.000,-0.000,-0.000,-0.000,-0.000,-0.000,-0.000,-0.000,-0.000,-0.000,-0.000,-0.000,-0.000,-0.000,-0.000,-0.000,-0.000,-0.000,-0.000,1.000,-0.000,-0.000,-0.000,-0.000,-0.000,-0.000,-0.000,1.000,-0.000,1.000,-0.000,-0.000,-0.000,0.000,-0.000,-0.000,-0.000,-0.000,-0.000
1460.000
1460.000
4.000
