79.000,20.000,15.000,59.000,97.000,46.000,52.000,8.000,35.000,7.000,9.000,75.000,69.000,31.000,95.000,19.000,81.000,46.000,69.000,84.000,97.000,87.000,37.000,31.000,68.000,69.000,35.000,91.000,60.000,64.000,16.000,11.000,69.000,25.000,73.000,90.000,78.000,76.000,5.000,39.000,48.000,62.000,55.000,89.000,85.000,42.000,64.000,36.000,4.000,52.000,1.000,75.000,22.000,61.000,12.000,77.000,54.000,32.000,48.000,92.000,99.000,16.000,14.000,58.000,58.000,5.000,73.000,18.000,83.000,25.000,76.000,79.000,5.000,26.000,83.000,18.000,7.000,25.000,21.000,21.000
6.000,14.000,30.000,100.000,89.000,68.000,8.000,8.000,78.000,2.000,96.000,68.000,88.000,31.000,92.000,94.000,26.000,55.000,2.000,20.000,74.000,58.000,46.000,13.000,32.000,59.000,35.000,3.000,84.000,61.000,25.000,47.000,62.000,12.000,57.000,19.000,85.000,68.000,39.000,100.000,87.000,38.000,21.000,57.000,32.000,36.000,56.000,58.000,22.000,36.000,69.000,75.000,89.000,4.000,57.000,20.000,78.000,29.000,25.000,2.000,66.000,8.000,29.000,67.000,50.000,35.000,9.000,92.000,74.000,48.000,89.000,75.000,75.000,7.000,78.000,55.000,61.000,91.000,83.000,60.000
20.000,58.000,44.000,78.000,80.000,52.000,73.000,22.000,89.000,54.000,95.000,32.000,93.000,57.000,53.000,43.000,10.000,25.000,22.000,80.000,21.000,92.000,20.000,97.000,24.000,58.000,40.000,59.000,48.000,25.000,19.000,88.000,25.000,26.000,75.000,33.000,9.000,72.000,17.000,93.000,77.000,22.000,13.000,20.000,5.000,77.000,4.000,93.000,91.000,90.000,52.000,75.000,44.000,96.000,64.000,30.000,92.000,9.000,40.000,27.000,95.000,43.000,91.000,19.000,70.000,58.000,52.000,82.000,19.000,97.000,94.000,24.000,34.000,96.000,22.000,24.000,4.000,84.000,80.000,50.000
16.000,72.000,35.000,81.000,84.000,37.000,45.000,78.000,55.000,68.000,57.000,58.000,12.000,16.000,74.000,84.000,1.000,14.000,69.000,65.000,37.000,47.000,22.000,8.000,91.000,89.000,90.000,17.000,41.000,97.000,43.000,47.000,4.000,54.000,57.000,40.000,41.000,95.000,66.000,61.000,95.000,23.000,47.000,61.000,50.000,98.000,94.000,86.000,30.000,95.000,82.000,61.000,93.000,39.000,81.000,93.000,43.000,73.000,62.000,33.000,59.000,80.000,24.000,18.000,92.000,70.000,1.000,53.000,40.000,34.000,31.000,91.000,44.000,16.000,76.000,3.000,34.000,93.000,21.000,2.000
78.000,45.000,91.000,89.000,56.000,53.000,21.000,98.000,77.000,91.000,28.000,43.000,2.000,82.000,42.000,92.000,38.000,82.000,34.000,88.000,95.000,91.000,73.000,33.000,59.000,67.000,10.000,40.000,77.000,22.000,75.000,36.000,85.000,82.000,12.000,72.000,48.000,71.000,5.000,45.000,78.000,77.000,6.000,89.000,88.000,64.000,93.000,44.000,30.000,100.000,99.000,3.000,38.000,59.000,64.000,26.000,100.000,10.000,82.000,52.000,81.000,73.000,30.000,90.000,73.000,1.000,6.000,58.000,39.000,100.000,3.000,72.000,19.000,89.000,46.000,83.000,26.000,34.000,83.000,40.000
9.000,99.000,54.000,62.000,54.000,69.000,72.000,66.000,17.000,44.000,41.000,9.000,17.000,16.000,75.000,17.000,16.000,18.000,14.000,13.000,49.000,7.000,93.000,69.000,31.000,38.000,41.000,81.000,96.000,46.000,93.000,93.000,43.000,78.000,74.000,58.000,16.000,22.000,18.000,3.000,66.000,69.000,11.000,71.000,70.000,73.000,43.000,22.000,8.000,63.000,40.000,89.000,33.000,12.000,24.000,2.000,53.000,46.000,64.000,98.000,95.000,49.000,7.000,5.000,61.000,79.000,90.000,58.000,89.000,36.000,93.000,95.000,72.000,88.000,51.000,91.000,98.000,12.000,42.000,33.000
13.000,94.000,99.000,12.000,61.000,95.000,46.000,97.000,37.000,25.000,31.000,5.000,76.000,57.000,28.000,24.000,97.000,91.000,73.000,87.000,66.000,37.000,22.000,81.000,7.000,22.000,38.000,40.000,100.000,94.000,14.000,9.000,82.000,25.000,94.000,28.000,70.000,73.000,31.000,73.000,63.000,33.000,77.000,14.000,65.000,31.000,93.000,58.000,95.000,12.000,28.000,36.000,84.000,71.000,66.000,43.000,99.000,59.000,44.000,47.000,91.000,28.000,64.000,4.000,83.000,82.000,33.000,80.000,76.000,77.000,56.000,34.000,95.000,58.000,46.000,73.000,91.000,7.000,14.000,69.000
81.000,38.000,8.000,58.000,61.000,54.000,64.000,45.000,89.000,33.000,61.000,52.000,13.000,24.000,55.000,11.000,46.000,54.000,97.000,89.000,67.000,94.000,62.000,53.000,21.000,43.000,14.000,54.000,12.000,87.000,70.000,64.000,50.000,82.000,56.000,81.000,9.000,4.000,40.000,31.000,11.000,35.000,77.000,52.000,74.000,96.000,36.000,91.000,40.000,45.000,45.000,93.000,7.000,73.000,86.000,11.000,49.000,80.000,16.000,38.000,37.000,86.000,89.000,64.000,77.000,55.000,3.000,80.000,88.000,84.000,98.000,69.000,31.000,64.000,78.000,86.000,24.000,74.000,46.000,88.000
98.000,77.000,12.000,16.000,31.000,75.000,24.000,92.000,59.000,71.000,98.000,76.000,79.000,25.000,7.000,97.000,61.000,6.000,81.000,54.000,81.000,71.000,77.000,3.000,15.000,65.000,93.000,54.000,8.000,12.000,69.000,89.000,20.000,84.000,23.000,63.000,76.000,27.000,64.000,24.000,3.000,72.000,95.000,47.000,31.000,8.000,63.000,9.000,30.000,71.000,12.000,86.000,19.000,26.000,21.000,95.000,21.000,65.000,77.000,37.000,90.000,41.000,90.000,49.000,72.000,4.000,68.000,75.000,23.000,63.000,57.000,51.000,100.000,87.000,73.000,36.000,63.000,70.000,23.000,41.000
67.000,86.000,77.000,79.000,59.000,63.000,20.000,72.000,15.000,57.000,40.000,47.000,71.000,37.000,45.000,79.000,55.000,88.000,52.000,33.000,40.000,44.000,32.000,88.000,43.000,39.000,74.000,9.000,31.000,97.000,94.000,78.000,19.000,33.000,1.000,19.000,96.000,12.000,12.000,34.000,79.000,100.000,24.000,93.000,72.000,31.000,36.000,27.000,41.000,73.000,11.000,90.000,5.000,73.000,40.000,91.000,72.000,30.000,60.000,38.000,24.000,97.000,3.000,28.000,9.000,92.000,96.000,77.000,62.000,64.000,55.000,9.000,25.000,59.000,29.000,26.000,92.000,21.000,8.000,37.000
82.000,99.000,36.000,71.000,18.000,93.000,47.000,19.000,73.000,52.000,31.000,79.000,92.000,2.000,64.000,19.000,96.000,79.000,29.000,72.000,56.000,96.000,28.000,65.000,63.000,99.000,91.000,31.000,6.000,47.000,33.000,42.000,33.000,77.000,3.000,31.000,40.000,54.000,26.000,14.000,50.000,65.000,53.000,74.000,22.000,83.000,8.000,67.000,79.000,24.000,94.000,97.000,17.000,55.000,65.000,47.000,8.000,45.000,52.000,62.000,45.000,24.000,32.000,50.000,26.000,95.000,4.000,68.000,19.000,41.000,53.000,1.000,6.000,76.000,74.000,79.000,1.000,65.000,72.000,94.000
92.000,36.000,15.000,23.000,29.000,76.000,55.000,69.000,34.000,53.000,85.000,100.000,96.000,52.000,86.000,90.000,63.000,75.000,91.000,26.000,63.000,81.000,60.000,3.000,65.000,56.000,76.000,3.000,28.000,64.000,54.000,1.000,29.000,38.000,100.000,78.000,30.000,11.000,77.000,41.000,40.000,19.000,84.000,96.000,29.000,11.000,9.000,84.000,44.000,90.000,40.000,92.000,90.000,11.000,4.000,77.000,61.000,68.000,45.000,46.000,18.000,79.000,38.000,12.000,92.000,38.000,99.000,99.000,79.000,41.000,16.000,7.000,79.000,52.000,88.000,48.000,81.000,21.000,87.000,38.000
97.000,54.000,80.000,13.000,54.000,59.000,6.000,53.000,36.000,1.000,35.000,49.000,94.000,61.000,30.000,83.000,14.000,1.000,60.000,92.000,94.000,2.000,59.000,16.000,8.000,8.000,58.000,80.000,22.000,32.000,86.000,84.000,66.000,32.000,74.000,32.000,83.000,72.000,77.000,55.000,68.000,62.000,79.000,20.000,68.000,28.000,61.000,29.000,71.000,60.000,81.000,33.000,38.000,56.000,80.000,96.000,41.000,70.000,95.000,32.000,52.000,63.000,73.000,6.000,73.000,32.000,59.000,37.000,41.000,37.000,91.000,64.000,16.000,42.000,46.000,52.000,14.000,32.000,46.000,77.000
4.000,11.000,77.000,35.000,51.000,84.000,72.000,42.000,91.000,27.000,37.000,52.000,62.000,1.000,19.000,24.000,73.000,79.000,59.000,76.000,70.000,20.000,10.000,42.000,66.000,64.000,41.000,94.000,1.000,64.000,75.000,83.000,93.000,78.000,86.000,14.000,50.000,91.000,89.000,43.000,67.000,72.000,92.000,20.000,40.000,61.000,72.000,55.000,35.000,81.000,43.000,47.000,37.000,17.000,82.000,67.000,56.000,30.000,1.000,70.000,76.000,16.000,88.000,78.000,14.000,42.000,92.000,31.000,53.000,63.000,8.000,56.000,86.000,99.000,47.000,37.000,79.000,24.000,13.000,52.000
54.000,95.000,68.000,44.000,48.000,77.000,73.000,9.000,64.000,30.000,92.000,52.000,43.000,45.000,81.000,66.000,93.000,18.000,26.000,18.000,53.000,25.000,85.000,98.000,45.000,30.000,12.000,41.000,88.000,99.000,80.000,24.000,98.000,35.000,93.000,10.000,93.000,6.000,100.000,94.000,50.000,50.000,75.000,9.000,81.000,68.000,29.000,30.000,98.000,5.000,6.000,98.000,65.000,54.000,40.000,75.000,62.000,83.000,56.000,36.000,57.000,48.000,78.000,6.000,66.000,25.000,28.000,59.000,98.000,45.000,33.000,83.000,76.000,3.000,52.000,12.000,78.000,38.000,79.000,38.000
23.000,89.000,69.000,81.000,100.000,80.000,18.000,30.000,66.000,21.000,72.000,93.000,47.000,39.000,57.000,54.000,16.000,79.000,6.000,66.000,76.000,11.000,86.000,79.000,14.000,84.000,89.000,81.000,36.000,43.000,86.000,16.000,98.000,88.000,12.000,72.000,12.000,57.000,76.000,47.000,15.000,57.000,56.000,55.000,17.000,79.000,48.000,74.000,99.000,48.000,9.000,37.000,85.000,18.000,29.000,46.000,41.000,64.000,18.000,34.000,24.000,78.000,55.000,4.000,71.000,48.000,99.000,90.000,3.000,51.000,17.000,21.000,72.000,81.000,73.000,46.000,65.000,9.000,86.000,86.000
67.000,4.000,62.000,21.000,71.000,95.000,21.000,66.000,67.000,1.000,73.000,59.000,15.000,72.000,75.000,23.000,43.000,96.000,11.000,18.000,87.000,29.000,8.000,81.000,38.000,78.000,47.000,65.000,41.000,57.000,1.000,22.000,16.000,12.000,82.000,90.000,18.000,41.000,24.000,88.000,89.000,26.000,51.000,96.000,40.000,57.000,79.000,98.000,17.000,81.000,63.000,94.000,72.000,52.000,53.000,85.000,79.000,58.000,89.000,78.000,44.000,35.000,59.000,20.000,99.000,51.000,53.000,56.000,13.000,74.000,16.000,18.000,75.000,30.000,65.000,55.000,44.000,71.000,12.000,26.000
89.000,34.000,96.000,21.000,30.000,51.000,33.000,88.000,55.000,57.000,10.000,41.000,5.000,12.000,28.000,9.000,88.000,77.000,24.000,33.000,85.000,73.000,60.000,9.000,79.000,83.000,74.000,4.000,7.000,77.000,47.000,55.000,3.000,86.000,26.000,59.000,11.000,46.000,24.000,38.000,28.000,89.000,100.000,25.000,5.000,17.000,33.000,27.000,35.000,81.000,81.000,32.000,9.000,61.000,51.000,49.000,25.000,49.000,81.000,71.000,88.000,71.000,25.000,7.000,15.000,60.000,73.000,3.000,93.000,57.000,19.000,42.000,12.000,7.000,21.000,29.000,51.000,22.000,26.000,92.000
56.000,69.000,58.000,50.000,22.000,86.000,45.000,93.000,97.000,44.000,33.000,69.000,35.000,95.000,20.000,8.000,91.000,32.000,90.000,11.000,26.000,60.000,24.000,6.000,86.000,11.000,15.000,1.000,6.000,19.000,61.000,25.000,77.000,79.000,37.000,90.000,50.000,57.000,97.000,99.000,71.000,27.000,65.000,66.000,91.000,60.000,49.000,61.000,20.000,13.000,48.000,78.000,88.000,93.000,66.000,95.000,80.000,69.000,17.000,81.000,95.000,39.000,98.000,77.000,84.000,20.000,34.000,6.000,1.000,20.000,20.000,74.000,13.000,8.000,29.000,65.000,15.000,47.000,1.000,74.000
46.000,94.000,97.000,76.000,26.000,21.000,5.000,19.000,29.000,5.000,60.000,99.000,98.000,63.000,31.000,90.000,34.000,13.000,54.000,1.000,55.000,54.000,69.000,79.000,92.000,42.000,48.000,56.000,16.000,5.000,48.000,90.000,34.000,26.000,55.000,37.000,90.000,100.000,18.000,27.000,84.000,70.000,17.000,59.000,72.000,56.000,57.000,6.000,75.000,94.000,66.000,95.000,11.000,45.000,85.000,58.000,65.000,77.000,88.000,9.000,16.000,13.000,32.000,63.000,53.000,78.000,94.000,69.000,83.000,61.000,43.000,91.000,22.000,84.000,4.000,65.000,10.000,58.000,42.000,43.000
53.000,73.000,50.000,9.000,4.000,86.000,81.000,75.000,51.000,79.000,95.000,100.000,98.000,4.000,91.000,94.000,46.000,92.000,5.000,94.000,80.000,25.000,16.000,45.000,61.000,20.000,16.000,58.000,70.000,94.000,45.000,62.000,40.000,83.000,66.000,42.000,12.000,89.000,9.000,45.000,2.714,12.000,73.000,89.000,73.000,35.000,81.000,82.000,42.000,56.000,8.000,90.000,30.000,81.000,98.000,71.000,29.000,98.000,67.000,92.000,93.000,65.000,94.000,76.000,45.000,42.000,75.000,66.000,25.000,47.000,11.000,97.000,49.000,99.000,75.000,95.000,95.000,60.000,87.000,76.000
15.000,39.000,67.000,37.000,98.000,63.000,72.000,36.000,70.000,32.000,67.000,12.000,22.000,90.000,42.000,30.000,21.000,7.000,92.000,39.000,95.000,28.000,43.000,46.000,93.000,85.000,67.000,28.000,33.000,28.000,51.000,90.000,64.000,92.000,6.000,86.000,97.000,17.000,31.000,90.000,19.000,26.000,72.000,1.000,44.000,16.000,89.000,100.000,67.000,19.000,36.000,96.000,42.000,44.000,37.000,84.000,33.000,64.000,43.000,53.000,71.000,90.000,16.000,94.000,95.000,13.000,98.000,97.000,99.000,54.000,15.000,48.000,32.000,6.000,16.000,66.000,37.000,25.000,6.000,46.000
18.000,7.000,66.000,90.000,16.000,37.000,55.000,40.000,79.000,31.000,98.000,34.000,64.000,53.000,32.000,92.000,30.000,92.000,28.000,33.000,2.000,63.000,41.000,92.000,54.000,19.000,44.000,54.000,10.000,72.000,11.000,70.000,60.000,17.000,66.000,12.000,31.000,49.000,69.000,57.000,36.000,57.000,39.000,27.000,60.000,11.000,74.000,68.000,62.000,27.000,100.000,69.000,19.000,9.000,69.000,23.000,81.000,93.000,23.000,93.000,4.000,69.000,33.000,5.000,32.000,66.000,84.000,27.000,62.000,24.000,16.000,74.000,54.000,29.000,39.000,60.000,84.000,74.000,16.000,67.000
11.000,6.000,39.000,70.000,10.000,76.000,56.000,44.000,30.000,94.000,81.000,39.000,78.000,64.000,10.000,54.000,21.000,34.000,70.000,80.000,3.000,62.000,18.000,25.000,2.000,59.000,34.000,98.000,17.000,55.000,56.000,6.000,66.000,53.000,39.000,71.000,30.000,14.000,24.000,77.000,11.000,13.000,70.000,28.000,19.000,47.000,100.000,38.000,9.000,25.000,4.000,51.000,8.000,57.000,5.000,70.000,29.000,59.000,9.000,30.000,12.000,74.000,55.000,33.000,75.000,31.000,71.000,47.000,8.000,4.000,77.000,55.000,76.000,86.000,96.000,79.000,14.000,5.000,55.000,43.000
92.000,33.000,-11.709,21.000,6.000,72.000,52.000,93.000,26.000,97.000,33.000,65.000,25.000,59.000,100.000,60.000,66.000,38.000,10.000,12.000,63.000,39.000,28.000,82.000,75.000,2.000,16.000,45.000,38.000,1.000,56.000,28.000,32.000,79.000,72.000,56.000,58.000,33.000,93.000,23.000,74.000,38.000,79.000,9.000,74.000,74.000,83.000,46.000,53.000,81.000,67.000,87.000,9.000,17.000,23.000,26.000,1.000,65.000,47.000,74.000,59.000,1.000,77.000,11.000,99.000,47.000,15.000,7.000,9.000,7.000,27.000,57.000,92.000,6.000,100.000,33.000,32.000,88.000,26.709,87.000
82.000,62.000,40.000,8.000,28.000,39.000,27.000,68.000,80.000,58.000,29.000,52.000,63.000,4.000,27.000,49.000,3.000,49.000,78.000,15.000,94.000,88.000,64.000,39.000,90.000,28.000,94.000,46.000,56.000,53.000,74.000,81.000,47.000,59.000,78.000,52.000,52.000,10.000,97.000,64.000,69.000,68.000,53.000,77.000,10.000,71.000,84.000,34.000,20.000,84.000,88.000,52.000,76.000,36.000,46.000,10.000,96.000,51.000,74.000,67.000,25.000,33.000,15.000,65.000,63.000,55.000,4.000,7.000,61.000,34.000,73.000,14.000,65.000,83.000,46.000,44.000,87.000,54.000,31.000,55.000
11.000,1.000,32.000,92.000,17.000,28.000,95.000,45.000,10.000,57.000,54.000,84.000,30.000,26.000,15.000,6.000,59.000,46.000,91.000,74.000,59.000,60.000,62.000,86.000,54.000,53.000,34.000,4.000,39.000,53.000,99.000,82.000,2.000,37.000,78.000,18.000,85.000,92.000,30.000,49.000,60.000,43.000,34.000,24.000,34.000,48.000,85.000,11.000,53.000,69.000,12.000,91.000,5.000,5.000,7.000,42.000,80.000,83.000,1.000,28.000,58.000,59.000,69.000,96.000,48.000,34.000,16.000,60.000,89.000,48.000,74.000,46.000,96.000,74.000,27.000,46.000,88.000,6.000,84.000,90.000
57.000,21.000,91.000,61.000,29.000,67.000,55.000,79.000,72.000,13.000,27.000,23.000,54.000,34.000,100.000,51.000,68.000,21.000,63.000,13.000,4.000,89.000,37.000,69.000,63.000,88.000,96.000,98.000,85.000,50.000,43.000,79.000,96.000,29.000,32.000,72.000,81.000,100.000,89.000,72.000,29.000,3.000,61.000,99.000,68.000,78.000,66.000,20.000,45.000,61.000,51.000,73.000,24.000,14.000,32.000,48.000,19.000,65.000,66.000,100.000,40.000,46.000,83.000,10.000,1.000,74.000,73.000,32.000,64.000,35.000,69.000,2.000,16.000,59.000,68.000,73.000,3.000,95.000,45.000,14.000
45.000,82.000,76.000,4.000,62.000,20.000,17.000,55.000,7.000,29.000,1.000,35.000,32.000,66.000,28.000,42.000,64.000,94.000,8.000,47.000,49.000,71.000,35.000,78.000,62.000,46.000,31.000,43.000,82.000,38.000,46.000,84.000,9.000,96.000,83.000,99.000,57.000,11.000,22.000,45.000,21.000,5.000,70.000,5.000,86.000,94.000,4.000,85.000,76.000,47.000,97.000,23.000,29.000,23.000,51.000,61.000,81.000,60.000,92.000,36.000,69.000,31.000,60.000,10.000,14.000,77.000,18.000,99.000,99.000,27.000,18.000,91.000,46.000,77.000,65.000,53.000,20.000,95.000,81.000,25.000
62.000,23.000,48.000,67.000,17.000,43.000,36.000,99.000,45.000,67.000,83.000,77.000,91.000,11.000,68.000,67.000,92.000,48.000,74.000,23.000,80.000,11.000,98.000,36.000,50.000,70.000,28.000,3.000,19.000,56.000,13.000,24.000,75.000,68.000,35.000,62.000,9.000,97.000,53.000,5.000,50.000,24.000,99.000,33.000,71.000,80.000,21.000,83.000,49.000,35.000,63.000,90.000,56.000,49.000,61.000,14.000,78.000,82.000,91.000,47.000,91.000,16.000,99.000,23.000,7.000,86.000,69.000,72.000,48.000,44.000,83.000,35.000,5.000,64.000,14.000,80.000,64.000,40.000,66.000,70.000
82.000,22.000,23.000,51.000,1.000,68.000,47.000,75.000,12.000,43.000,87.000,31.000,12.000,51.000,88.000,8.000,60.000,49.000,40.000,12.000,83.000,55.000,8.000,39.000,29.000,36.000,34.000,21.000,80.000,41.000,56.000,85.000,92.000,67.000,80.000,97.000,86.000,16.000,73.000,81.000,64.000,95.000,99.000,55.000,15.000,98.000,65.000,36.000,69.000,89.000,68.000,85.000,20.000,58.000,67.000,64.000,41.000,45.000,18.000,69.000,19.000,12.000,26.000,6.000,77.000,72.000,2.000,100.000,78.000,81.000,30.000,36.000,78.000,63.000,78.000,8.000,70.000,63.000,2.000,19.000
39.000,88.000,1.000,46.000,5.000,73.000,13.000,56.000,82.000,33.000,9.000,99.000,36.000,86.000,76.000,73.000,59.000,43.000,12.000,50.000,42.000,23.000,64.000,2.000,96.000,48.000,31.000,35.000,58.000,14.000,19.000,14.000,22.000,12.000,4.000,96.000,88.000,98.000,41.000,25.000,30.000,73.000,89.000,21.000,53.000,56.000,76.000,89.000,15.000,42.000,67.000,31.000,32.000,72.000,55.000,30.000,67.000,41.000,88.000,55.000,93.000,42.000,4.000,82.000,33.000,45.000,32.000,30.000,49.000,94.000,36.000,7.000,61.000,100.000,82.000,47.000,94.000,22.000,92.000,94.000
21.000,97.000,67.000,61.000,31.000,19.000,66.000,78.000,49.000,43.000,44.000,11.000,5.000,69.000,70.000,17.000,77.000,48.000,15.000,19.000,49.000,79.000,4.000,49.000,54.000,30.000,76.000,54.000,55.000,61.000,5.000,13.000,1.000,23.000,22.000,89.000,93.000,17.000,30.000,11.000,37.000,98.000,47.000,100.000,93.000,88.000,92.000,2.000,9.000,92.000,84.000,67.000,58.000,3.000,83.000,14.000,46.000,8.000,27.000,37.000,5.000,20.000,52.000,88.000,16.000,62.000,47.000,21.000,64.000,10.000,7.000,40.000,19.000,7.000,2.000,50.000,87.000,46.000,99.000,2.000
32.000,53.000,98.000,45.000,75.000,67.000,5.000,59.000,47.000,63.000,54.000,21.000,41.000,32.000,44.000,95.000,69.000,42.000,95.000,25.000,87.000,45.000,95.000,64.000,78.000,93.000,43.000,67.000,75.000,4.000,65.000,39.000,63.000,86.000,71.000,19.000,83.000,54.000,3.000,99.000,42.000,24.000,65.000,89.000,57.000,47.000,21.000,55.000,52.000,27.000,1.000,42.000,91.000,67.000,36.000,82.000,8.000,58.000,9.000,39.000,22.000,56.000,4.000,24.000,7.000,22.000,69.000,18.000,37.000,63.000,76.000,88.000,22.000,37.000,8.000,30.000,69.000,53.000,17.000,98.000
95.000,30.000,38.000,59.000,31.000,16.000,98.000,26.000,65.000,47.000,2.000,89.000,97.000,34.000,66.000,48.000,31.000,5.000,4.000,41.000,53.000,71.000,7.000,42.000,44.000,11.000,58.000,83.000,75.000,1.000,11.000,15.000,45.000,92.000,5.000,99.000,88.000,89.000,89.000,75.000,14.000,72.000,60.000,41.000,68.000,79.000,97.000,56.000,86.000,41.000,3.000,100.000,97.000,31.000,15.000,9.000,3.000,70.000,33.000,32.000,16.000,99.000,52.000,19.000,62.000,88.000,81.000,93.000,87.000,26.000,31.000,12.000,83.000,44.000,10.000,71.000,2.000,73.000,51.000,92.000
15.000,35.000,18.000,86.000,63.000,2.000,85.000,71.000,14.000,43.000,67.000,25.000,75.000,3.000,21.000,89.000,14.000,50.000,47.000,59.000,47.000,69.000,55.000,98.000,17.000,15.000,55.000,1.000,71.000,18.000,88.000,39.000,39.000,30.000,80.000,42.000,25.000,32.000,40.000,69.000,75.000,51.000,37.000,66.000,91.000,58.000,60.000,85.000,33.000,80.000,10.000,8.000,90.000,9.000,16.000,64.000,72.000,99.000,91.000,48.000,61.000,38.000,30.000,46.000,63.000,34.000,90.000,97.000,91.000,42.000,50.000,80.000,67.000,50.000,29.000,5.000,11.000,49.000,91.000,85.000
41.000,74.000,48.000,7.000,69.000,47.000,66.000,47.000,60.000,89.000,90.000,18.000,27.000,82.000,82.000,8.000,74.000,27.000,2.000,66.000,46.000,53.000,10.000,89.000,96.000,19.000,45.000,50.000,21.000,6.000,71.000,21.000,60.000,29.000,90.000,60.000,66.000,59.000,33.000,49.000,86.000,17.000,96.000,59.000,22.000,49.000,46.000,20.000,50.000,62.000,13.000,3.000,88.000,80.000,3.000,20.000,8.000,28.000,90.000,17.000,62.000,89.000,25.000,11.000,21.000,19.000,36.000,4.000,37.000,7.000,18.000,57.000,11.000,84.000,71.000,23.000,82.000,67.000,99.000,25.000
31.000,57.000,11.000,53.000,8.000,28.000,34.000,74.000,28.000,47.000,18.000,72.000,32.000,2.000,95.000,26.000,61.000,85.000,88.000,51.000,14.000,47.000,84.000,76.000,84.000,47.000,22.000,97.000,5.000,49.000,69.000,1.000,97.000,67.000,21.000,99.000,49.000,65.000,59.000,59.000,34.000,36.000,17.000,54.000,46.000,52.000,25.000,37.000,28.000,22.000,90.000,3.000,2.000,68.000,97.000,60.000,64.000,23.000,60.000,33.000,80.000,37.000,37.000,10.000,17.000,30.000,77.000,51.000,75.000,54.000,55.000,52.000,68.000,44.000,49.000,39.000,51.000,50.000,3.000,99.000
92.000,44.000,1.000,93.000,37.000,34.000,19.000,7.000,27.000,26.000,18.000,78.000,52.000,31.000,21.000,22.000,44.000,31.000,95.000,39.000,34.000,53.000,74.000,88.000,66.000,45.000,66.000,2.000,68.000,39.000,55.000,43.000,13.000,67.000,72.000,70.000,44.000,73.000,97.000,84.000,25.000,82.000,23.000,56.000,1.000,16.000,55.000,67.000,76.000,96.000,33.000,45.000,18.000,97.000,71.000,39.000,61.000,4.000,41.000,98.000,29.000,80.000,85.000,69.000,89.000,18.000,14.000,73.000,99.000,14.000,55.000,61.000,41.000,9.000,10.000,29.000,93.000,100.000,17.000,54.000
91.000,62.000,97.000,73.000,95.000,10.000,83.000,83.000,45.000,87.000,87.000,79.000,25.000,25.000,95.000,12.000,54.000,76.000,48.000,72.000,38.000,22.000,39.000,69.000,97.000,86.000,1.000,11.000,43.000,78.000,83.000,47.000,64.000,12.000,15.000,91.000,14.000,9.000,93.000,26.000,73.000,84.000,19.000,85.000,69.000,98.000,65.000,19.000,95.000,49.000,4.000,33.000,24.000,74.000,56.000,86.000,59.000,20.000,100.000,99.000,56.000,74.000,90.000,97.000,22.000,49.000,91.000,40.000,80.000,25.000,76.000,18.000,59.000,47.000,42.000,38.000,76.000,93.000,93.000,48.000
85.000,76.000,36.000,7.000,68.000,54.000,5.000,18.000,16.000,68.000,73.000,31.000,97.000,59.000,10.000,30.000,86.000,82.000,83.000,75.000,72.000,33.000,35.000,97.000,72.000,7.000,75.000,56.000,11.000,35.000,49.000,9.000,21.000,54.000,55.000,88.000,25.000,5.000,96.000,34.000,37.000,99.000,33.000,84.000,2.000,44.000,79.000,82.000,7.000,33.000,51.000,36.000,87.000,34.000,86.000,94.000,98.000,66.000,69.000,2.000,32.000,70.000,60.000,12.000,34.000,71.000,19.000,9.000,1.000,62.000,27.000,26.000,100.000,72.000,61.000,46.000,81.000,94.000,84.000,96.000
45.000,99.000,84.000,22.000,20.000,3.000,90.000,29.000,3.000,29.000,44.000,10.000,65.000,44.000,68.000,80.000,10.000,77.000,97.000,78.000,33.000,41.000,74.000,12.000,94.000,51.000,7.000,28.000,18.000,8.000,49.000,88.000,80.000,35.000,81.000,28.000,44.000,60.000,90.000,37.000,98.000,99.000,66.000,25.000,76.000,40.000,95.000,20.000,84.000,23.000,97.000,99.000,88.000,1.000,6.000,97.000,22.000,61.000,54.000,2.000,7.000,61.000,88.000,84.000,48.000,2.000,67.000,81.000,89.000,97.000,52.000,40.000,75.000,95.000,21.000,37.000,5.000,78.000,43.000,40.000
20.000,82.000,62.000,60.000,63.000,49.000,41.000,30.000,59.000,58.000,8.000,51.000,5.000,4.000,98.000,5.000,64.000,15.000,71.000,84.000,45.000,85.000,30.000,91.000,10.000,36.000,9.000,53.000,30.000,10.000,14.000,95.000,18.000,97.000,58.000,30.000,11.000,56.000,86.000,69.000,7.000,40.000,70.000,91.000,97.000,78.000,80.000,75.000,20.000,54.000,49.000,7.000,47.000,14.000,34.000,84.000,46.000,9.000,29.000,12.000,24.000,46.000,12.000,23.000,21.000,31.000,41.000,96.000,76.000,59.000,47.000,27.000,100.000,62.000,70.000,15.000,59.000,4.000,72.000,94.000
71.000,35.000,94.000,51.000,92.000,75.000,76.000,75.000,86.000,79.000,26.000,52.000,81.000,87.000,33.000,33.000,50.000,56.000,48.000,2.000,94.000,3.000,92.000,70.000,16.000,62.000,78.000,11.000,69.000,33.000,59.000,10.000,54.000,21.000,14.000,10.000,6.000,12.000,95.000,47.000,95.000,89.000,37.000,28.000,41.000,15.000,4.000,54.000,83.000,73.000,38.000,86.000,76.000,4.000,86.000,12.000,5.000,67.000,4.000,63.000,44.000,61.000,27.000,52.000,19.000,21.000,79.000,56.000,93.000,5.000,59.000,71.000,36.000,67.000,4.000,88.000,34.000,1.000,62.000,8.000
6.000,19.000,85.000,34.000,42.000,52.000,29.000,13.000,40.000,58.000,73.000,60.000,34.000,80.000,98.000,40.000,86.000,62.000,79.000,43.000,40.000,35.000,86.000,79.000,59.000,38.000,62.000,86.000,3.000,60.000,2.000,37.000,85.000,13.000,29.000,18.000,61.000,30.000,68.000,39.000,34.000,78.000,71.000,2.000,31.000,50.000,78.000,10.000,87.000,90.000,85.000,60.000,88.000,49.000,26.000,93.000,25.000,99.000,46.000,45.000,85.000,47.000,54.000,13.000,88.000,20.000,65.000,100.000,49.000,10.000,88.000,16.000,75.000,92.000,38.000,21.000,65.000,51.000,44.000,94.000
91.000,91.000,27.000,12.000,93.000,32.000,42.000,40.000,62.000,54.000,73.000,97.000,97.000,30.000,15.000,34.000,53.000,79.000,15.000,92.000,58.000,88.000,99.000,65.000,77.000,55.000,34.000,51.000,87.000,48.000,91.000,98.000,12.000,54.000,47.000,53.000,72.000,55.000,33.000,62.000,45.000,93.000,48.000,87.000,66.000,81.000,54.000,9.000,39.000,90.000,51.000,36.000,22.000,1.000,100.000,8.000,49.000,97.000,47.000,28.000,36.000,95.000,34.000,43.000,19.000,15.000,93.000,64.000,50.000,92.000,83.000,31.000,52.000,77.000,26.000,36.000,48.000,27.000,44.000,4.000
85.000,27.000,14.000,29.000,32.000,18.000,48.000,2.000,71.000,66.000,10.000,44.000,33.000,42.000,99.000,56.000,17.000,53.000,69.000,89.000,93.000,35.000,69.000,64.000,79.000,43.000,41.000,4.000,88.000,68.000,80.000,2.000,79.000,63.000,97.000,18.000,100.000,29.000,43.000,100.000,54.000,35.000,61.000,63.000,93.000,18.000,73.000,12.000,95.000,65.000,98.000,36.000,4.000,89.000,30.000,28.000,78.000,89.000,100.000,59.000,57.000,10.000,32.000,38.000,10.000,10.000,34.000,10.000,76.000,86.000,36.000,74.000,72.000,16.000,70.000,62.000,50.000,45.000,39.000,76.000
73.000,27.000,16.000,25.000,90.000,94.000,49.000,89.000,100.000,60.000,93.000,36.000,15.000,72.000,5.000,89.000,80.000,99.000,15.000,84.000,75.000,48.000,7.000,73.000,66.000,14.000,16.000,41.000,60.000,28.000,28.000,29.000,22.000,64.000,69.000,30.000,85.000,97.000,76.000,57.000,16.000,8.000,25.000,84.000,35.000,66.000,68.000,36.000,26.000,5.000,6.000,93.000,12.000,35.000,64.000,93.000,88.000,47.000,85.000,90.000,78.000,30.000,26.000,25.000,91.000,61.000,76.000,12.000,24.000,75.000,61.000,13.000,74.000,36.000,47.000,51.000,63.000,53.000,24.000,96.000
28.000,56.000,72.000,75.000,7.000,76.000,73.000,70.000,100.000,37.000,18.000,13.000,28.000,25.000,60.000,42.000,29.000,90.000,50.000,98.000,69.000,45.000,88.000,83.000,84.000,52.000,10.000,18.000,92.000,57.000,96.000,35.000,56.000,52.000,26.000,69.000,75.000,35.000,74.000,57.000,74.000,28.000,24.000,8.000,43.000,67.000,56.000,97.000,67.000,72.000,56.000,45.000,41.000,17.000,9.000,55.000,64.000,54.000,92.000,59.000,72.000,87.000,59.000,23.000,73.000,22.000,100.000,88.000,59.000,69.000,57.000,68.000,73.000,76.000,28.000,34.000,35.000,40.000,45.000,49.000
64.000,88.000,14.000,29.000,38.000,44.000,41.000,60.000,18.000,50.000,14.000,33.000,73.000,90.000,71.000,15.000,86.000,92.000,51.000,100.000,16.000,55.000,27.000,39.000,94.000,53.000,42.000,58.000,74.000,95.000,37.000,30.000,11.000,21.000,7.000,75.000,64.000,79.000,72.000,56.000,88.000,25.000,17.000,85.000,84.000,99.000,40.000,79.000,28.000,83.000,34.000,50.000,48.000,37.000,71.000,32.000,95.000,42.000,5.000,46.000,51.000,78.000,63.000,74.000,23.000,42.000,50.000,30.000,58.000,28.000,100.000,70.000,48.000,13.000,18.000,11.000,10.000,78.000,21.000,12.000
82.000,44.000,40.000,84.000,15.000,36.000,47.000,93.000,93.000,81.000,37.000,6.000,45.000,38.000,63.000,30.000,94.000,52.000,8.000,83.000,92.000,94.000,52.000,34.000,9.000,10.000,57.000,2.000,12.000,67.000,36.000,28.000,63.000,65.000,70.000,48.000,77.000,4.000,31.000,84.000,61.000,83.000,48.000,36.000,37.000,61.000,14.000,41.000,46.000,37.000,87.000,19.000,12.000,27.000,99.000,41.000,50.000,33.000,89.000,18.000,14.000,80.000,50.000,18.000,20.000,69.000,96.000,20.000,78.000,54.000,2.000,81.000,84.000,75.000,96.000,66.000,16.000,51.000,23.000,48.000
80.000,19.000,81.000,68.000,75.000,95.000,60.000,8.000,15.000,81.000,6.000,25.000,14.000,60.000,89.000,72.000,61.000,51.000,85.000,55.000,85.000,58.000,38.000,46.000,55.000,76.000,4.000,66.000,62.000,41.000,7.000,32.000,71.000,23.000,91.000,67.000,50.000,44.000,40.000,34.000,24.000,69.000,9.000,26.000,12.000,21.000,90.000,22.000,96.000,85.000,82.000,5.000,76.000,72.000,90.000,55.000,30.000,29.000,68.000,61.000,23.000,37.000,71.000,55.000,13.000,5.000,15.000,84.000,73.000,44.000,31.000,94.000,73.000,55.000,60.000,13.000,39.000,20.000,54.000,6.000
44.000,1.000,67.000,40.000,63.000,42.000,7.000,68.000,52.000,78.000,76.000,75.000,100.000,93.000,37.000,70.000,91.000,88.000,49.000,42.000,67.000,21.000,2.000,89.000,60.000,13.000,73.000,48.000,68.000,78.000,9.000,98.000,54.000,16.000,29.000,71.000,41.000,14.000,32.000,19.000,48.000,48.000,30.000,69.000,3.000,16.000,54.000,84.000,83.000,2.000,8.000,78.000,47.000,51.000,71.000,34.000,98.000,68.000,45.000,41.000,64.000,39.000,32.000,29.000,76.000,42.000,15.000,84.000,50.000,52.000,79.000,12.000,8.000,45.000,37.000,35.000,88.000,83.000,8.000,91.000
91.000,87.000,53.000,16.000,74.000,18.000,9.000,42.000,59.000,2.000,58.000,53.000,15.000,56.000,44.000,12.000,9.000,86.000,59.000,84.000,3.000,42.000,17.000,95.000,95.000,98.000,20.000,51.000,27.000,45.000,28.000,60.000,47.000,10.000,56.000,14.000,92.000,47.000,63.000,4.000,12.000,82.000,6.000,21.000,6.000,56.000,18.000,48.000,40.000,75.000,20.000,68.000,49.000,45.000,86.000,56.000,69.000,34.000,87.000,28.000,41.000,88.000,62.000,72.000,5.000,46.000,49.000,18.000,95.000,36.000,67.000,83.000,96.000,76.000,76.000,32.000,4.000,12.000,39.000,51.000
47.000,92.000,30.000,1.000,93.000,83.000,33.000,12.000,16.000,68.000,26.000,64.000,58.000,61.000,14.000,99.000,42.000,72.000,36.000,66.000,89.000,11.000,53.000,1.000,20.000,62.000,34.000,75.000,68.000,35.000,27.000,18.000,26.000,15.000,45.000,16.000,61.000,58.000,93.000,7.000,78.000,60.000,96.000,20.000,9.000,56.000,51.000,12.000,85.000,67.000,17.000,13.000,29.000,49.000,50.000,54.000,37.000,89.000,52.000,18.000,38.000,86.000,98.000,23.000,84.000,54.000,92.000,80.000,47.000,6.000,44.000,29.000,29.000,50.000,1.000,39.000,46.000,16.000,94.000,68.000
74.000,8.000,62.000,91.000,68.000,7.000,80.000,23.000,6.000,8.000,75.000,19.000,93.000,93.000,62.000,25.000,56.000,42.000,37.000,10.000,78.000,87.000,47.000,65.000,41.000,67.000,76.000,51.000,53.000,79.000,38.000,43.000,24.000,64.000,66.000,96.000,69.000,9.000,56.000,59.000,66.000,15.000,76.000,13.000,15.000,83.000,73.000,25.000,53.000,10.000,32.000,42.000,52.000,13.000,1.000,97.000,56.000,30.000,66.000,95.000,41.000,86.000,75.000,39.000,26.000,8.000,89.000,90.000,70.000,36.000,14.000,95.000,99.000,41.000,12.000,91.000,93.000,68.000,99.000,100.000
68.000,6.000,9.000,91.000,23.000,83.000,16.000,14.000,43.000,61.000,45.000,10.000,40.000,33.000,81.000,31.000,69.000,51.000,3.000,99.000,78.000,39.000,86.000,75.000,61.000,64.000,23.000,73.000,22.000,41.000,34.000,81.000,19.000,6.000,81.000,85.000,64.000,100.000,93.000,92.000,11.000,87.000,42.000,10.000,96.000,100.000,60.000,80.000,35.000,25.000,34.000,75.000,55.000,85.000,30.000,90.000,81.000,21.000,5.000,11.000,81.000,92.000,12.000,67.000,53.000,13.000,79.000,29.000,5.000,31.000,33.000,48.000,87.000,52.000,32.000,73.000,64.000,61.000,100.000,2.000
73.000,43.000,88.000,97.000,42.000,76.000,62.000,95.000,97.000,54.000,61.000,67.000,1.000,10.000,22.000,9.000,60.000,85.000,48.000,73.000,33.000,94.000,75.000,2.000,47.000,83.000,61.000,55.000,26.000,99.000,77.000,46.000,57.000,39.000,28.000,84.000,65.000,55.000,1.000,23.000,34.000,21.000,44.000,88.000,83.000,69.000,92.000,29.000,16.000,5.000,12.000,8.000,51.000,91.000,75.000,14.000,70.000,76.000,99.000,84.000,98.000,60.000,96.000,15.000,26.000,19.000,20.000,11.000,3.000,11.000,72.000,74.000,61.000,70.000,6.000,36.000,52.000,34.000,82.000,51.000
95.000,85.000,27.000,13.000,74.000,22.000,67.000,32.000,70.000,98.000,64.000,70.000,45.000,47.000,25.000,69.000,98.000,29.000,28.000,53.000,89.000,29.000,76.000,53.000,42.000,86.000,44.000,77.000,2.000,46.000,77.000,49.000,18.000,40.000,91.000,50.000,78.000,63.000,29.000,18.000,66.000,55.000,13.000,85.000,40.000,2.000,88.000,71.000,52.000,38.000,14.000,6.000,71.000,76.000,8.000,69.000,38.000,38.000,57.000,40.000,51.000,39.000,1.000,11.000,5.000,56.000,46.000,42.000,75.000,57.000,62.000,91.000,8.000,89.000,39.000,98.000,55.000,22.000,22.000,20.000
55.000,79.000,80.000,73.000,58.000,43.000,7.000,19.000,64.000,83.000,28.000,43.000,40.000,65.000,14.000,2.000,36.000,46.000,62.000,73.000,60.000,7.000,39.000,18.000,81.000,9.000,92.000,98.000,46.000,2.000,48.000,67.000,41.000,27.000,13.000,37.000,24.000,28.000,6.000,61.000,99.000,29.000,49.000,43.000,22.000,62.000,27.000,46.000,97.000,39.000,37.000,19.000,29.000,5.000,94.000,82.000,78.000,89.000,17.000,60.000,44.000,59.000,28.000,51.000,100.000,50.000,49.000,86.000,56.000,88.000,80.000,24.000,6.000,46.000,22.000,84.000,90.000,26.000,98.000,50.000
8.000,76.000,81.000,37.000,67.000,1.000,42.000,59.000,40.000,40.000,26.000,91.000,54.000,19.000,26.000,51.000,85.000,87.000,56.000,76.000,91.000,14.000,9.000,19.000,47.000,46.000,96.000,28.000,63.000,12.000,90.000,59.000,58.000,23.000,58.000,95.000,76.000,60.000,69.000,35.000,90.000,21.000,88.000,41.000,69.000,47.000,68.000,90.000,6.000,10.000,89.000,70.000,87.000,92.000,59.000,37.000,38.000,46.000,87.000,76.000,40.000,63.000,83.000,58.000,49.000,92.000,94.000,70.000,66.000,10.000,5.000,25.000,72.000,46.000,83.000,6.000,59.000,97.000,2.000,16.000
7.000,73.000,56.000,25.000,97.000,6.000,38.000,49.000,69.000,9.000,62.000,15.000,10.000,69.000,5.000,36.000,33.000,31.000,70.000,7.000,77.000,22.000,82.000,25.000,11.000,93.000,15.000,43.000,28.000,21.000,29.000,39.000,36.000,47.000,51.000,52.000,84.000,19.000,70.000,60.000,4.000,7.000,80.000,50.000,33.000,14.000,41.000,87.000,5.000,15.000,72.000,28.000,2.000,91.000,24.000,49.000,15.000,54.000,12.000,43.000,71.000,38.000,17.000,100.000,61.000,58.000,10.000,33.000,82.000,8.000,61.000,24.000,25.000,87.000,85.000,91.000,31.000,100.000,96.000,53.000
7.000,36.000,15.000,34.000,73.000,94.000,52.000,70.000,75.000,94.000,88.000,49.000,12.000,94.000,41.000,68.000,10.000,27.000,80.000,17.000,80.000,76.000,27.000,46.000,63.000,79.000,3.000,98.000,43.000,61.000,34.000,49.000,34.000,14.000,86.000,10.000,53.000,56.000,50.000,66.000,8.000,80.000,41.000,70.000,43.000,92.000,83.000,64.000,71.000,26.000,32.000,17.000,99.000,98.000,2.000,7.000,41.000,33.000,7.000,84.000,48.000,97.000,37.000,60.000,62.000,59.000,32.000,45.000,28.000,2.000,24.000,32.000,61.000,89.000,39.000,25.000,76.000,92.000,43.000,63.000
23.000,69.000,9.000,98.000,88.000,45.000,67.000,26.000,14.000,31.000,3.000,71.000,48.000,77.000,86.000,82.000,35.000,85.000,62.000,47.000,97.000,91.000,31.000,66.000,72.000,23.000,48.000,87.000,78.000,16.000,54.000,55.000,100.000,4.000,13.000,30.000,9.000,38.000,68.000,17.000,95.000,58.000,54.000,52.000,85.000,33.000,79.000,22.000,82.000,64.000,24.000,63.000,65.000,75.000,36.000,94.000,1.000,34.000,71.000,69.000,16.000,69.000,68.000,10.000,55.000,72.000,99.000,20.000,12.000,95.000,31.000,48.000,13.000,59.000,1.000,25.000,88.000,96.000,64.000,69.000
81.000,20.000,49.000,99.000,40.000,63.000,82.000,92.000,28.000,5.000,52.000,76.000,7.000,32.000,82.000,28.000,61.000,7.000,80.000,27.000,5.000,28.000,93.000,11.000,64.000,81.000,40.000,92.000,96.000,50.000,32.000,36.000,72.000,23.000,16.000,93.000,46.000,7.000,93.000,94.000,95.000,42.000,88.000,57.000,17.000,50.000,15.000,7.000,72.000,34.000,85.000,89.000,95.000,92.000,94.000,91.000,12.000,58.000,75.000,7.000,74.000,21.000,56.000,40.000,10.000,43.000,82.000,8.000,46.000,94.000,58.000,31.000,73.000,7.000,40.000,63.000,95.000,30.000,2.000,86.000
52.000,69.000,31.000,48.000,64.000,28.000,67.000,81.000,8.000,99.000,28.000,48.000,86.000,85.000,65.000,38.000,89.000,18.000,81.000,35.000,80.000,50.000,92.000,21.000,22.000,58.000,87.000,90.000,71.000,54.000,7.000,33.000,31.000,48.000,57.000,6.000,42.000,42.000,65.000,36.000,80.000,10.000,9.000,41.000,70.000,47.000,75.000,94.000,69.000,88.000,99.000,48.000,67.000,11.000,16.000,22.000,84.000,100.000,80.000,9.000,36.000,59.000,26.000,10.000,1.000,10.000,59.000,6.000,79.000,81.000,84.000,11.000,59.000,100.000,47.000,36.000,28.000,42.000,48.000,34.000
19.000,80.000,28.000,36.000,1.000,79.000,46.000,49.000,11.000,51.000,40.000,69.000,24.000,79.000,47.000,29.000,91.000,64.000,85.000,32.000,3.000,86.000,73.000,69.000,13.000,78.000,27.000,7.384,99.000,92.000,13.000,5.000,61.000,85.000,4.000,69.000,71.000,23.000,87.000,67.000,40.000,15.000,50.000,64.000,37.000,16.000,25.000,28.000,45.000,85.000,33.000,4.000,54.000,28.000,63.000,39.000,58.000,71.000,42.000,7.000,14.000,74.000,4.000,16.000,78.000,19.660,38.000,12.000,72.000,20.000,94.000,1.000,57.000,97.000,21.000,35.000,84.000,34.000,34.000,32.000
20.000,8.000,51.000,53.000,45.000,86.000,19.000,25.000,26.000,48.000,9.000,59.000,52.000,93.000,16.000,30.000,33.000,3.000,1.000,3.000,13.000,59.000,87.000,1.000,46.000,57.000,53.000,96.000,7.000,40.000,27.000,59.000,10.000,23.000,81.000,48.000,98.000,55.000,57.000,99.000,89.000,36.000,47.000,48.000,38.000,21.000,29.000,28.000,32.000,2.000,68.000,62.000,93.000,39.000,75.000,2.000,69.000,48.000,10.000,50.000,97.000,24.000,14.000,8.000,90.000,92.000,14.000,57.000,21.000,41.000,22.000,38.000,32.000,35.000,71.000,77.000,1.000,41.000,49.000,55.000
24.000,25.000,79.000,10.000,68.000,89.000,65.000,84.000,74.000,18.000,79.000,89.000,1.000,65.000,37.000,29.000,46.000,45.000,84.000,7.000,53.000,75.000,87.000,93.000,87.000,13.000,57.000,11.000,64.000,32.000,22.000,40.000,99.000,49.000,50.000,12.000,61.000,54.000,43.000,98.000,46.000,15.000,42.000,66.000,32.000,1.000,82.000,100.000,4.000,78.000,24.000,89.000,92.000,89.000,79.000,51.000,65.000,84.000,92.000,36.000,47.000,65.000,68.000,74.000,95.000,69.000,17.000,45.000,80.000,40.000,69.000,14.000,11.000,40.000,95.000,84.000,48.000,38.000,20.000,64.000
100.000,46.000,38.000,64.000,82.000,58.000,31.000,28.000,13.000,44.000,36.000,79.000,4.000,49.000,60.000,69.000,48.000,76.000,18.000,97.000,48.000,21.000,45.000,9.000,38.000,29.000,36.000,61.000,97.000,91.000,81.000,43.000,20.000,47.000,82.000,58.000,85.000,30.000,100.000,73.000,71.000,80.000,53.000,96.000,89.000,68.000,96.000,8.000,97.000,78.000,95.000,41.000,14.000,47.000,56.000,30.000,48.000,4.000,36.000,9.000,30.000,4.000,10.000,64.000,42.000,83.000,2.000,65.000,43.000,23.000,22.000,64.000,22.000,85.000,73.000,31.000,69.000,65.000,33.000,54.000
44.000,100.000,12.000,44.000,66.000,17.000,61.000,29.000,87.000,72.000,43.000,13.000,10.000,14.000,27.000,2.000,28.000,59.000,61.000,23.000,100.000,39.000,61.000,25.000,12.000,92.000,8.000,46.000,70.000,75.000,70.000,93.000,98.000,26.000,72.000,77.000,44.000,90.000,37.000,65.000,25.000,64.000,3.000,64.000,63.000,98.000,90.000,88.000,2.000,100.000,99.000,11.000,45.000,84.000,34.000,80.000,3.000,54.000,54.000,80.000,16.000,97.000,66.000,84.000,90.000,76.000,90.000,24.000,29.000,67.000,83.000,89.000,70.000,43.000,80.000,86.000,12.000,66.000,64.000,29.000
69.000,12.000,95.000,70.000,52.000,53.000,95.000,100.000,91.000,69.000,15.000,63.000,60.000,88.000,20.000,79.000,62.000,35.000,73.000,65.000,41.000,44.000,45.000,69.000,26.000,98.000,81.000,56.000,46.000,80.000,46.000,41.000,34.000,98.000,23.000,57.000,91.000,54.000,41.000,91.000,94.000,56.000,31.000,38.000,56.000,25.000,91.000,61.000,18.000,32.000,80.000,12.000,92.000,39.000,18.000,39.000,27.000,19.000,90.000,90.000,65.000,60.000,85.000,71.000,42.000,90.000,60.000,20.000,71.000,60.000,82.000,42.000,29.000,41.000,14.000,45.000,73.000,57.000,36.000,75.000
90.000,27.000,46.000,25.000,21.000,5.000,77.000,68.000,82.000,28.000,35.000,94.000,29.000,86.000,62.000,58.000,61.000,6.000,21.000,75.000,65.000,17.000,80.000,98.000,18.000,38.000,22.000,6.000,39.000,73.000,18.000,4.000,30.000,33.000,5.000,41.000,54.000,4.000,86.000,27.000,64.000,1.000,28.000,65.000,2.000,40.000,9.000,38.000,69.000,17.000,76.000,47.000,56.000,42.000,91.000,14.000,7.000,1.000,44.000,16.000,99.000,28.000,67.000,15.000,95.000,10.000,58.000,63.000,68.000,71.000,51.000,10.000,75.000,34.000,51.000,76.000,91.000,98.000,59.000,63.000
42.000,100.000,59.000,52.000,18.000,47.000,21.000,87.000,15.000,43.000,36.000,36.000,7.000,9.000,35.000,78.000,21.000,56.000,93.000,52.000,67.000,45.000,45.000,50.000,66.000,37.000,44.000,39.000,28.000,84.000,19.000,91.000,70.000,43.000,37.000,79.000,25.000,35.000,2.000,94.000,49.000,78.000,89.000,12.000,49.000,46.000,35.000,53.000,68.000,95.000,87.000,4.000,64.000,70.000,83.000,30.000,44.000,78.000,12.000,80.000,52.000,40.000,4.000,71.000,46.000,44.000,62.000,31.000,86.000,30.000,92.000,69.000,64.000,31.000,34.000,70.000,1.000,20.000,78.000,2.000
100.000,27.000,11.000,14.000,59.000,87.000,90.000,29.000,10.000,28.000,24.000,51.000,68.000,59.000,50.000,100.000,34.000,69.000,90.000,5.000,47.000,51.000,63.000,26.000,24.000,61.000,85.000,88.000,24.000,68.000,10.000,24.000,85.000,99.000,51.000,67.000,69.000,28.000,82.000,50.000,3.000,41.000,68.000,14.000,64.000,9.000,61.000,78.000,69.000,61.000,51.000,58.000,66.000,9.000,45.000,48.000,52.000,27.000,19.000,88.000,8.000,90.000,5.000,80.000,25.000,70.000,72.000,43.000,87.000,16.000,2.000,38.000,55.000,6.000,59.000,40.000,81.000,47.000,92.000,71.000
61.000,64.000,71.000,47.000,93.000,1.000,90.000,57.000,64.000,4.000,67.000,41.000,87.000,80.000,63.000,22.000,11.000,74.000,43.000,30.000,41.000,7.000,87.000,84.000,83.000,68.000,13.000,8.000,91.000,9.000,57.000,17.000,86.000,48.000,44.000,31.000,7.000,34.000,16.000,37.000,23.000,79.000,20.000,16.000,45.000,98.000,100.000,35.000,28.000,27.000,74.000,43.000,42.000,55.000,85.000,54.000,95.000,91.000,86.000,28.000,22.000,73.000,37.000,57.000,3.000,47.000,2.000,8.000,54.000,27.000,77.000,59.000,93.000,12.000,50.000,46.000,39.000,57.000,37.000,17.000
95.000,33.000,21.000,88.000,77.000,58.000,38.000,75.000,58.000,45.000,17.000,13.000,36.000,17.000,51.000,36.000,32.000,27.000,43.000,43.000,68.000,95.000,50.000,3.000,33.000,54.000,78.000,51.000,15.000,53.000,40.000,52.000,77.000,39.000,96.000,72.000,85.000,6.000,65.000,60.000,50.000,30.000,60.000,64.000,30.000,57.000,98.000,21.000,66.000,13.000,26.000,6.000,3.000,79.000,67.000,62.000,62.000,18.000,79.000,73.000,54.000,4.000,80.000,26.000,13.000,72.000,54.000,58.000,58.000,76.000,58.000,45.000,32.000,29.000,15.000,84.000,17.000,97.000,55.000,41.000
30.000,77.000,49.000,83.000,86.000,47.000,50.000,68.000,44.000,8.000,68.000,23.000,9.000,30.000,12.000,44.000,38.000,67.000,85.000,11.000,1.000,7.000,86.000,51.000,86.000,43.000,57.000,69.000,47.000,45.000,49.000,19.000,72.000,58.000,18.000,66.000,100.000,26.000,23.000,44.000,56.000,37.000,77.000,41.000,24.000,43.000,48.000,83.000,15.000,29.000,36.000,4.000,77.000,91.000,15.000,81.000,63.000,35.000,3.000,49.000,60.000,28.000,28.000,90.000,87.000,28.000,51.000,81.000,93.000,97.000,96.000,29.000,39.000,34.000,45.000,98.000,24.000,33.000,29.000,2.000
21.000,56.000,93.000,59.000,81.000,67.000,93.000,53.000,82.000,32.000,51.000,40.000,19.000,61.000,16.000,86.000,52.000,80.000,1.000,90.000,9.000,17.000,24.000,19.000,37.000,50.000,82.000,93.000,20.000,82.000,50.000,80.000,47.000,18.000,75.000,42.000,26.000,79.000,98.000,84.000,23.000,26.000,2.000,3.000,5.000,50.000,93.000,79.000,55.000,99.000,11.000,9.000,55.000,68.000,80.000,91.000,98.000,48.000,63.000,32.000,41.000,39.000,22.000,68.000,62.000,65.000,9.000,16.000,77.000,99.000,29.000,86.000,85.000,30.000,51.000,45.000,32.000,58.000,41.000,79.000
98.000,42.000,1.000,97.000,6.000,8.000,55.000,73.000,16.000,36.000,16.000,48.000,21.000,75.000,72.000,10.000,99.000,12.000,82.000,14.000,96.000,57.000,87.000,43.000,48.000,52.000,82.000,57.000,38.000,65.000,41.000,14.000,58.000,48.000,77.000,54.000,55.000,94.000,1.000,38.000,79.000,87.000,34.000,44.000,100.000,68.000,4.000,17.000,36.000,13.000,15.000,81.000,45.000,79.000,32.000,56.000,100.000,8.000,88.000,63.000,77.000,56.000,18.000,48.000,46.000,23.000,63.000,12.000,30.000,90.000,41.000,55.000,96.000,40.000,65.000,68.000,88.000,19.000,64.000,14.000
0.000,0.000,0.000,0.000,0.000,0.000,0.000,0.000,0.000,0.000,0.000,0.000,0.000,0.000,0.000,0.000,0.000,0.000,0.000,0.000,0.000,0.000,0.000,0.000,0.000,0.000,0.000,0.000,0.000,0.000,0.000,0.000,0.000,0.000,0.000,0.000,0.000,0.000,0.000,0.000,0.000,0.000,0.000,0.000,0.000,0.000,0.000,0.000,0.000,0.000,0.000,0.000,0.000,0.000,0.000,0.000,0.000,0.000,0.000,0.000,0.000,0.000,0.000,0.000,0.000,0.000,0.000,0.000,0.000,0.000,0.000,0.000,0.000,0.000,0.000,0.000,0.000,0.000,0.000,0.000
0.000,0.000,0.000,0.000,0.000,0.000,0.000,0.000,0.000,0.000,0.000,0.000,0.000,0.000,0.000,0.000,0.000,0.000,0.000,0.000,0.000,0.000,0.000,0.000,0.000,0.000,0.000,0.000,0.000,0.000,0.000,0.000,0.000,0.000,0.000,0.000,0.000,0.000,0.000,0.000,0.000,0.000,0.000,0.000,0.000,0.000,0.000,0.000,0.000,0.000,0.000,0.000,0.000,0.000,0.000,0.000,0.000,0.000,0.000,0.000,0.000,0.000,0.000,0.000,0.000,0.000,0.000,0.000,0.000,0.000,0.000,0.000,0.000,0.000,0.000,0.000,0.000,0.000,0.000,0.000
0.000,0.000,0.000,0.000,0.000,0.000,0.000,0.000,0.000,0.000,0.000,0.000,0.000,0.000,0.000,0.000,0.000,0.000,0.000,0.000,0.000,0.000,0.000,0.000,0.000,0.000,0.000,0.000,0.000,0.000,0.000,0.000,0.000,0.000,0.000,0.000,0.000,0.000,0.000,0.000,0.000,0.000,0.000,0.000,0.000,0.000,0.000,0.000,0.000,0.000,0.000,0.000,0.000,0.000,0.000,0.000,0.000,0.000,0.000,0.000,0.000,0.000,0.000,0.000,0.000,0.000,0.000,0.000,0.000,0.000,0.000,0.000,0.000,0.000,0.000,0.000,0.000,0.000,0.000,0.000
0.000,0.000,0.000,0.000,0.000,0.000,0.000,0.000,0.000,0.000,0.000,0.000,0.000,0.000,0.000,0.000,0.000,0.000,0.000,0.000,0.000,0.000,0.000,0.000,0.000,0.000,0.000,0.000,0.000,0.000,0.000,0.000,0.000,0.000,0.000,0.000,0.000,0.000,0.000,0.000,0.000,0.000,0.000,0.000,0.000,0.000,0.000,0.000,0.000,0.000,0.000,0.000,0.000,0.000,0.000,0.000,0.000,0.000,0.000,0.000,0.000,0.000,0.000,0.000,0.000,0.000,0.000,0.000,0.000,0.000,0.000,0.000,0.000,0.000,0.000,0.000,0.000,0.000,0.000,0.000
0.000,0.000,0.000,0.000,0.000,0.000,0.000,0.000,0.000,0.000,0.000,0.000,0.000,0.000,0.000,0.000,0.000,0.000,0.000,0.000,0.000,0.000,0.000,0.000,0.000,0.000,0.000,0.000,0.000,0.000,0.000,0.000,0.000,0.000,0.000,0.000,0.000,0.000,0.000,0.000,0.000,0.000,0.000,0.000,0.000,0.000,0.000,0.000,0.000,0.000,0.000,0.000,0.000,0.000,0.000,0.000,0.000,0.000,0.000,0.000,0.000,0.000,0.000,0.000,0.000,0.000,0.000,0.000,0.000,0.000,0.000,0.000,0.000,0.000,0.000,0.000,0.000,0.000,0.000,0.000
0.000,0.000,0.000,0.000,0.000,0.000,0.000,0.000,0.000,0.000,0.000,0.000,0.000,0.000,0.000,0.000,0.000,0.000,0.000,0.000,0.000,0.000,0.000,0.000,0.000,0.000,0.000,0.000,0.000,0.000,0.000,0.000,0.000,0.000,0.000,0.000,0.000,0.000,0.000,0.000,0.000,0.000,0.000,0.000,0.000,0.000,0.000,0.000,0.000,0.000,0.000,0.000,0.000,0.000,0.000,0.000,0.000,0.000,0.000,0.000,0.000,0.000,0.000,0.000,0.000,0.000,0.000,0.000,0.000,0.000,0.000,0.000,0.000,0.000,0.000,0.000,0.000,0.000,0.000,0.000
0.000,0.000,0.000,0.000,0.000,0.000,0.000,0.000,0.000,0.000,0.000,0.000,0.000,0.000,0.000,0.000,0.000,0.000,0.000,0.000,0.000,0.000,0.000,0.000,0.000,0.000,0.000,0.000,0.000,0.000,0.000,0.000,0.000,0.000,0.000,0.000,0.000,0.000,0.000,0.000,0.000,0.000,0.000,0.000,0.000,0.000,0.000,0.000,0.000,0.000,0.000,0.000,0.000,0.000,0.000,0.000,0.000,0.000,0.000,0.000,0.000,0.000,0.000,0.000,0.000,0.000,0.000,0.000,0.000,0.000,0.000,0.000,0.000,0.000,0.000,0.000,0.000,0.000,0.000,0.000
0.000,0.000,0.000,0.000,0.000,0.000,0.000,0.000,0.000,0.000,0.000,0.000,0.000,0.000,0.000,0.000,0.000,0.000,0.000,0.000,0.000,0.000,0.000,0.000,0.000,0.000,0.000,0.000,0.000,0.000,0.000,0.000,0.000,0.000,0.000,0.000,0.000,0.000,0.000,0.000,0.000,0.000,0.000,0.000,0.000,0.000,0.000,0.000,0.000,0.000,0.000,0.000,0.000,0.000,0.000,0.000,0.000,0.000,0.000,0.000,0.000,0.000,0.000,0.000,0.000,0.000,0.000,0.000,0.000,0.000,0.000,0.000,0.000,0.000,0.000,0.000,0.000,0.000,0.000,0.000
0.000,0.000,0.000,0.000,0.000,0.000,0.000,0.000,0.000,0.000,0.000,0.000,0.000,0.000,0.000,0.000,0.000,0.000,0.000,0.000,0.000,0.000,0.000,0.000,0.000,0.000,0.000,0.000,0.000,0.000,0.000,0.000,0.000,0.000,0.000,0.000,0.000,0.000,0.000,0.000,0.000,0.000,0.000,0.000,0.000,0.000,0.000,0.000,0.000,0.000,0.000,0.000,0.000,0.000,0.000,0.000,0.000,0.000,0.000,0.000,0.000,0.000,0.000,0.000,0.000,0.000,0.000,0.000,0.000,0.000,0.000,0.000,0.000,0.000,0.000,0.000,0.000,0.000,0.000,0.000
0.000,0.000,0.000,0.000,0.000,0.000,0.000,0.000,0.000,0.000,0.000,0.000,0.000,0.000,0.000,0.000,0.000,0.000,0.000,0.000,0.000,0.000,0.000,0.000,0.000,0.000,0.000,0.000,0.000,0.000,0.000,0.000,0.000,0.000,0.000,0.000,0.000,0.000,0.000,0.000,0.000,0.000,0.000,0.000,0.000,0.000,0.000,0.000,0.000,0.000,0.000,0.000,0.000,0.000,0.000,0.000,0.000,0.000,0.000,0.000,0.000,0.000,0.000,0.000,0.000,0.000,0.000,0.000,0.000,0.000,0.000,0.000,0.000,0.000,0.000,0.000,0.000,0.000,0.000,0.000
0.000,0.000,0.000,0.000,0.000,0.000,0.000,0.000,0.000,0.000,0.000,0.000,0.000,0.000,0.000,0.000,0.000,0.000,0.000,0.000,0.000,0.000,0.000,0.000,0.000,0.000,0.000,0.000,0.000,0.000,0.000,0.000,0.000,0.000,0.000,0.000,0.000,0.000,0.000,0.000,0.000,0.000,0.000,0.000,0.000,0.000,0.000,0.000,0.000,0.000,0.000,0.000,0.000,0.000,0.000,0.000,0.000,0.000,0.000,0.000,0.000,0.000,0.000,0.000,0.000,0.000,0.000,0.000,0.000,0.000,0.000,0.000,0.000,0.000,0.000,0.000,0.000,0.000,0.000,0.000
0.000,0.000,0.000,0.000,0.000,0.000,0.000,0.000,0.000,0.000,0.000,0.000,0.000,0.000,0.000,0.000,0.000,0.000,0.000,0.000,0.000,0.000,0.000,0.000,0.000,0.000,0.000,0.000,0.000,0.000,0.000,0.000,0.000,0.000,0.000,0.000,0.000,0.000,0.000,0.000,0.000,0.000,0.000,0.000,0.000,0.000,0.000,0.000,0.000,0.000,0.000,0.000,0.000,0.000,0.000,0.000,0.000,0.000,0.000,0.000,0.000,0.000,0.000,0.000,0.000,0.000,0.000,0.000,0.000,0.000,0.000,0.000,0.000,0.000,0.000,0.000,0.000,0.000,0.000,0.000
0.000,0.000,0.000,0.000,0.000,0.000,0.000,0.000,0.000,0.000,0.000,0.000,0.000,0.000,0.000,0.000,0.000,0.000,0.000,0.000,0.000,0.000,0.000,0.000,0.000,0.000,0.000,0.000,0.000,0.000,0.000,0.000,0.000,0.000,0.000,0.000,0.000,0.000,0.000,0.000,0.000,0.000,0.000,0.000,0.000,0.000,0.000,0.000,0.000,0.000,0.000,0.000,0.000,0.000,0.000,0.000,0.000,0.000,0.000,0.000,0.000,0.000,0.000,0.000,0.000,0.000,0.000,0.000,0.000,0.000,0.000,0.000,0.000,0.000,0.000,0.000,0.000,0.000,0.000,0.000
0.000,0.000,0.000,0.000,0.000,0.000,0.000,0.000,0.000,0.000,0.000,0.000,0.000,0.000,0.000,0.000,0.000,0.000,0.000,0.000,0.000,0.000,0.000,0.000,0.000,0.000,0.000,0.000,0.000,0.000,0.000,0.000,0.000,0.000,0.000,0.000,0.000,0.000,0.000,0.000,0.000,0.000,0.000,0.000,0.000,0.000,0.000,0.000,0.000,0.000,0.000,0.000,0.000,0.000,0.000,0.000,0.000,0.000,0.000,0.000,0.000,0.000,0.000,0.000,0.000,0.000,0.000,0.000,0.000,0.000,0.000,0.000,0.000,0.000,0.000,0.000,0.000,0.000,0.000,0.000
0.000,0.000,0.000,0.000,0.000,0.000,0.000,0.000,0.000,0.000,0.000,0.000,0.000,0.000,0.000,0.000,0.000,0.000,0.000,0.000,0.000,0.000,0.000,0.000,0.000,0.000,0.000,0.000,0.000,0.000,0.000,0.000,0.000,0.000,0.000,0.000,0.000,0.000,0.000,0.000,0.000,0.000,0.000,0.000,0.000,0.000,0.000,0.000,0.000,0.000,0.000,0.000,0.000,0.000,0.000,0.000,0.000,0.000,0.000,0.000,0.000,0.000,0.000,0.000,0.000,0.000,0.000,0.000,0.000,0.000,0.000,0.000,0.000,0.000,0.000,0.000,0.000,0.000,0.000,0.000
0.000,0.000,0.000,0.000,0.000,0.000,0.000,0.000,0.000,0.000,0.000,0.000,0.000,0.000,0.000,0.000,0.000,0.000,0.000,0.000,0.000,0.000,0.000,0.000,0.000,0.000,0.000,0.000,0.000,0.000,0.000,0.000,0.000,0.000,0.000,0.000,0.000,0.000,0.000,0.000,0.000,0.000,0.000,0.000,0.000,0.000,0.000,0.000,0.000,0.000,0.000,0.000,0.000,0.000,0.000,0.000,0.000,0.000,0.000,0.000,0.000,0.000,0.000,0.000,0.000,0.000,0.000,0.000,0.000,0.000,0.000,0.000,0.000,0.000,0.000,0.000,0.000,0.000,0.000,0.000
0.000,0.000,0.000,0.000,0.000,0.000,0.000,0.000,0.000,0.000,0.000,0.000,0.000,0.000,0.000,0.000,0.000,0.000,0.000,0.000,0.000,0.000,0.000,0.000,0.000,0.000,0.000,0.000,0.000,0.000,0.000,0.000,0.000,0.000,0.000,0.000,0.000,0.000,0.000,0.000,0.000,0.000,0.000,0.000,0.000,0.000,0.000,0.000,0.000,0.000,0.000,0.000,0.000,0.000,0.000,0.000,0.000,0.000,0.000,0.000,0.000,0.000,0.000,0.000,0.000,0.000,0.000,0.000,0.000,0.000,0.000,0.000,0.000,0.000,0.000,0.000,0.000,0.000,0.000,0.000
0.000,0.000,0.000,0.000,0.000,0.000,0.000,0.000,0.000,0.000,0.000,0.000,0.000,0.000,0.000,0.000,0.000,0.000,0.000,0.000,0.000,0.000,0.000,0.000,0.000,0.000,0.000,0.000,0.000,0.000,0.000,0.000,0.000,0.000,0.000,0.000,0.000,0.000,0.000,0.000,0.000,0.000,0.000,0.000,0.000,0.000,0.000,0.000,0.000,0.000,0.000,0.000,0.000,0.000,0.000,0.000,0.000,0.000,0.000,0.000,0.000,0.000,0.000,0.000,0.000,0.000,0.000,0.000,0.000,0.000,0.000,0.000,0.000,0.000,0.000,0.000,0.000,0.000,0.000,0.000
0.000,0.000,0.000,0.000,0.000,0.000,0.000,0.000,0.000,0.000,0.000,0.000,0.000,0.000,0.000,0.000,0.000,0.000,0.000,0.000,0.000,0.000,0.000,0.000,0.000,0.000,0.000,0.000,0.000,0.000,0.000,0.000,0.000,0.000,0.000,0.000,0.000,0.000,0.000,0.000,0.000,0.000,0.000,0.000,0.000,0.000,0.000,0.000,0.000,0.000,0.000,0.000,0.000,0.000,0.000,0.000,0.000,0.000,0.000,0.000,0.000,0.000,0.000,0.000,0.000,0.000,0.000,0.000,0.000,0.000,0.000,0.000,0.000,0.000,0.000,0.000,0.000,0.000,0.000,0.000
0.000,0.000,0.000,0.000,0.000,0.000,0.000,0.000,0.000,0.000,0.000,0.000,0.000,0.000,0.000,0.000,0.000,0.000,0.000,0.000,0.000,0.000,0.000,0.000,0.000,0.000,0.000,0.000,0.000,0.000,0.000,0.000,0.000,0.000,0.000,0.000,0.000,0.000,0.000,0.000,0.000,0.000,0.000,0.000,0.000,0.000,0.000,0.000,0.000,0.000,0.000,0.000,0.000,0.000,0.000,0.000,0.000,0.000,0.000,0.000,0.000,0.000,0.000,0.000,0.000,0.000,0.000,0.000,0.000,0.000,0.000,0.000,0.000,0.000,0.000,0.000,0.000,0.000,0.000,0.000
0.000,0.000,0.000,0.000,0.000,0.000,0.000,0.000,0.000,0.000,0.000,0.000,0.000,0.000,0.000,0.000,0.000,0.000,0.000,0.000,0.000,0.000,0.000,0.000,0.000,0.000,0.000,0.000,0.000,0.000,0.000,0.000,0.000,0.000,0.000,0.000,0.000,0.000,0.000,0.000,1.000,0.000,0.000,0.000,0.000,0.000,0.000,0.000,0.000,0.000,0.000,0.000,0.000,0.000,0.000,0.000,0.000,0.000,0.000,0.000,0.000,0.000,0.000,0.000,0.000,0.000,0.000,0.000,0.000,0.000,0.000,0.000,0.000,0.000,0.000,0.000,0.000,0.000,0.000,0.000
0.000,0.000,0.000,0.000,0.000,0.000,0.000,0.000,0.000,0.000,0.000,0.000,0.000,0.000,0.000,0.000,0.000,0.000,0.000,0.000,0.000,0.000,0.000,0.000,0.000,0.000,0.000,0.000,0.000,0.000,0.000,0.000,0.000,0.000,0.000,0.000,0.000,0.000,0.000,0.000,0.000,0.000,0.000,0.000,0.000,0.000,0.000,0.000,0.000,0.000,0.000,0.000,0.000,0.000,0.000,0.000,0.000,0.000,0.000,0.000,0.000,0.000,0.000,0.000,0.000,0.000,0.000,0.000,0.000,0.000,0.000,0.000,0.000,0.000,0.000,0.000,0.000,0.000,0.000,0.000
0.000,0.000,0.000,0.000,0.000,0.000,0.000,0.000,0.000,0.000,0.000,0.000,0.000,0.000,0.000,0.000,0.000,0.000,0.000,0.000,0.000,0.000,0.000,0.000,0.000,0.000,0.000,0.000,0.000,0.000,0.000,0.000,0.000,0.000,0.000,0.000,0.000,0.000,0.000,0.000,0.000,0.000,0.000,0.000,0.000,0.000,0.000,0.000,0.000,0.000,0.000,0.000,0.000,0.000,0.000,0.000,0.000,0.000,0.000,0.000,0.000,0.000,0.000,0.000,0.000,0.000,0.000,0.000,0.000,0.000,0.000,0.000,0.000,0.000,0.000,0.000,0.000,0.000,0.000,0.000
0.000,0.000,0.000,0.000,0.000,0.000,0.000,0.000,0.000,0.000,0.000,0.000,0.000,0.000,0.000,0.000,0.000,0.000,0.000,0.000,0.000,0.000,0.000,0.000,0.000,0.000,0.000,0.000,0.000,0.000,0.000,0.000,0.000,0.000,0.000,0.000,0.000,0.000,0.000,0.000,0.000,0.000,0.000,0.000,0.000,0.000,0.000,0.000,0.000,0.000,0.000,0.000,0.000,0.000,0.000,0.000,0.000,0.000,0.000,0.000,0.000,0.000,0.000,0.000,0.000,0.000,0.000,0.000,0.000,0.000,0.000,0.000,0.000,0.000,0.000,0.000,0.000,0.000,0.000,0.000
0.000,0.000,1.000,0.000,0.000,0.000,0.000,0.000,0.000,0.000,0.000,0.000,0.000,0.000,0.000,0.000,0.000,0.000,0.000,0.000,0.000,0.000,0.000,0.000,0.000,0.000,0.000,0.000,0.000,0.000,0.000,0.000,0.000,0.000,0.000,0.000,0.000,0.000,0.000,0.000,0.000,0.000,0.000,0.000,0.000,0.000,0.000,0.000,0.000,0.000,0.000,0.000,1.000,0.000,0.000,0.000,0.000,0.000,0.000,0.000,0.000,0.000,0.000,0.000,0.000,0.000,0.000,0.000,0.000,0.000,0.000,0.000,0.000,0.000,0.000,0.000,0.000,0.000,1.000,0.000
0.000,0.000,0.000,0.000,0.000,0.000,0.000,0.000,0.000,0.000,0.000,0.000,0.000,0.000,0.000,0.000,0.000,0.000,0.000,0.000,0.000,0.000,0.000,0.000,0.000,0.000,0.000,0.000,0.000,0.000,0.000,0.000,0.000,0.000,0.000,0.000,0.000,0.000,0.000,0.000,0.000,0.000,0.000,0.000,0.000,0.000,0.000,0.000,0.000,0.000,0.000,0.000,0.000,0.000,0.000,0.000,0.000,0.000,0.000,0.000,0.000,0.000,0.000,0.000,0.000,0.000,0.000,0.000,0.000,0.000,0.000,0.000,0.000,0.000,0.000,0.000,0.000,0.000,0.000,0.000
0.000,0.000,0.000,0.000,0.000,0.000,0.000,0.000,0.000,0.000,0.000,0.000,0.000,0.000,0.000,0.000,0.000,0.000,0.000,0.000,0.000,0.000,0.000,0.000,0.000,0.000,0.000,0.000,0.000,0.000,0.000,0.000,0.000,0.000,0.000,0.000,0.000,0.000,0.000,0.000,0.000,0.000,0.000,0.000,0.000,0.000,0.000,0.000,0.000,0.000,0.000,0.000,0.000,0.000,0.000,0.000,0.000,0.000,0.000,0.000,0.000,0.000,0.000,0.000,0.000,0.000,0.000,0.000,0.000,0.000,0.000,0.000,0.000,0.000,0.000,0.000,0.000,0.000,0.000,0.000
0.000,0.000,0.000,0.000,0.000,0.000,0.000,0.000,0.000,0.000,0.000,0.000,0.000,0.000,0.000,0.000,0.000,0.000,0.000,0.000,0.000,0.000,0.000,0.000,0.000,0.000,0.000,0.000,0.000,0.000,0.000,0.000,0.000,0.000,0.000,0.000,0.000,0.000,0.000,0.000,0.000,0.000,0.000,0.000,0.000,0.000,0.000,0.000,0.000,0.000,0.000,0.000,0.000,0.000,0.000,0.000,0.000,0.000,0.000,0.000,0.000,0.000,0.000,0.000,0.000,0.000,0.000,0.000,0.000,0.000,0.000,0.000,0.000,0.000,0.000,0.000,0.000,0.000,0.000,0.000
0.000,0.000,0.000,0.000,0.000,0.000,0.000,0.000,0.000,0.000,0.000,0.000,0.000,0.000,0.000,0.000,0.000,0.000,0.000,0.000,0.000,0.000,0.000,0.000,0.000,0.000,0.000,0.000,0.000,0.000,0.000,0.000,0.000,0.000,0.000,0.000,0.000,0.000,0.000,0.000,0.000,0.000,0.000,0.000,0.000,0.000,0.000,0.000,0.000,0.000,0.000,0.000,0.000,0.000,0.000,0.000,0.000,0.000,0.000,0.000,0.000,0.000,0.000,0.000,0.000,0.000,0.000,0.000,0.000,0.000,0.000,0.000,0.000,0.000,0.000,0.000,0.000,0.000,0.000,0.000
0.000,0.000,0.000,0.000,0.000,0.000,0.000,0.000,0.000,0.000,0.000,0.000,0.000,0.000,0.000,0.000,0.000,0.000,0.000,0.000,0.000,0.000,0.000,0.000,0.000,0.000,0.000,0.000,0.000,0.000,0.000,0.000,0.000,0.000,0.000,0.000,0.000,0.000,0.000,0.000,0.000,0.000,0.000,0.000,0.000,0.000,0.000,0.000,0.000,0.000,0.000,0.000,0.000,0.000,0.000,0.000,0.000,0.000,0.000,0.000,0.000,0.000,0.000,0.000,0.000,0.000,0.000,0.000,0.000,0.000,0.000,0.000,0.000,0.000,0.000,0.000,0.000,0.000,0.000,0.000
0.000,0.000,0.000,0.000,0.000,0.000,0.000,0.000,0.000,0.000,0.000,0.000,0.000,0.000,0.000,0.000,0.000,0.000,0.000,0.000,0.000,0.000,0.000,0.000,0.000,0.000,0.000,0.000,0.000,0.000,0.000,0.000,0.000,0.000,0.000,0.000,0.000,0.000,0.000,0.000,0.000,0.000,0.000,0.000,0.000,0.000,0.000,0.000,0.000,0.000,0.000,0.000,0.000,0.000,0.000,0.000,0.000,0.000,0.000,0.000,0.000,0.000,0.000,0.000,0.000,0.000,0.000,0.000,0.000,0.000,0.000,0.000,0.000,0.000,0.000,0.000,0.000,0.000,0.000,0.000
0.000,0.000,0.000,0.000,0.000,0.000,0.000,0.000,0.000,0.000,0.000,0.000,0.000,0.000,0.000,0.000,0.000,0.000,0.000,0.000,0.000,0.000,0.000,0.000,0.000,0.000,0.000,0.000,0.000,0.000,0.000,0.000,0.000,0.000,0.000,0.000,0.000,0.000,0.000,0.000,0.000,0.000,0.000,0.000,0.000,0.000,0.000,0.000,0.000,0.000,0.000,0.000,0.000,0.000,0.000,0.000,0.000,0.000,0.000,0.000,0.000,0.000,0.000,0.000,0.000,0.000,0.000,0.000,0.000,0.000,0.000,0.000,0.000,0.000,0.000,0.000,0.000,0.000,0.000,0.000
0.000,0.000,0.000,0.000,0.000,0.000,0.000,0.000,0.000,0.000,0.000,0.000,0.000,0.000,0.000,0.000,0.000,0.000,0.000,0.000,0.000,0.000,0.000,0.000,0.000,0.000,0.000,0.000,0.000,0.000,0.000,0.000,0.000,0.000,0.000,0.000,0.000,0.000,0.000,0.000,0.000,0.000,0.000,0.000,0.000,0.000,0.000,0.000,0.000,0.000,0.000,0.000,0.000,0.000,0.000,0.000,0.000,0.000,0.000,0.000,0.000,0.000,0.000,0.000,0.000,0.000,0.000,0.000,0.000,0.000,0.000,0.000,1.000,0.000,0.000,0.000,0.000,0.000,0.000,0.000
0.000,0.000,0.000,0.000,0.000,0.000,0.000,0.000,0.000,0.000,0.000,0.000,0.000,0.000,0.000,0.000,0.000,0.000,0.000,0.000,0.000,0.000,0.000,0.000,0.000,0.000,0.000,0.000,0.000,0.000,0.000,0.000,0.000,0.000,0.000,0.000,0.000,0.000,0.000,0.000,0.000,0.000,0.000,0.000,0.000,0.000,0.000,0.000,0.000,0.000,0.000,0.000,0.000,0.000,0.000,0.000,0.000,0.000,0.000,0.000,0.000,0.000,0.000,0.000,0.000,0.000,0.000,0.000,0.000,0.000,0.000,0.000,0.000,0.000,0.000,0.000,0.000,0.000,0.000,0.000
0.000,0.000,0.000,0.000,0.000,0.000,0.000,0.000,0.000,0.000,0.000,0.000,0.000,0.000,0.000,0.000,0.000,0.000,0.000,0.000,0.000,0.000,0.000,0.000,0.000,0.000,0.000,0.000,0.000,0.000,0.000,0.000,0.000,0.000,0.000,0.000,0.000,0.000,0.000,0.000,0.000,0.000,0.000,0.000,0.000,0.000,0.000,0.000,0.000,0.000,0.000,0.000,0.000,0.000,0.000,0.000,0.000,0.000,0.000,0.000,0.000,0.000,0.000,0.000,0.000,0.000,0.000,0.000,0.000,0.000,0.000,0.000,0.000,0.000,0.000,0.000,0.000,0.000,0.000,0.000
0.000,0.000,0.000,0.000,0.000,0.000,0.000,0.000,0.000,0.000,0.000,0.000,0.000,0.000,0.000,0.000,0.000,0.000,0.000,0.000,0.000,0.000,0.000,0.000,0.000,0.000,0.000,0.000,0.000,0.000,0.000,0.000,0.000,0.000,0.000,0.000,0.000,0.000,0.000,0.000,0.000,0.000,0.000,0.000,0.000,0.000,0.000,0.000,0.000,0.000,0.000,0.000,0.000,0.000,0.000,0.000,0.000,0.000,0.000,0.000,0.000,0.000,0.000,0.000,0.000,0.000,0.000,0.000,0.000,0.000,0.000,0.000,0.000,0.000,0.000,0.000,0.000,0.000,0.000,0.000
0.000,0.000,0.000,0.000,0.000,0.000,0.000,0.000,0.000,0.000,0.000,0.000,0.000,0.000,0.000,0.000,0.000,0.000,0.000,0.000,0.000,0.000,0.000,0.000,0.000,0.000,0.000,0.000,0.000,0.000,0.000,0.000,0.000,0.000,0.000,0.000,0.000,0.000,0.000,0.000,0.000,0.000,0.000,0.000,0.000,0.000,0.000,0.000,0.000,0.000,0.000,0.000,0.000,0.000,0.000,0.000,0.000,0.000,0.000,0.000,0.000,0.000,0.000,0.000,0.000,0.000,0.000,0.000,0.000,0.000,0.000,0.000,0.000,0.000,0.000,0.000,0.000,0.000,0.000,0.000
0.000,0.000,0.000,0.000,0.000,0.000,0.000,0.000,0.000,0.000,0.000,0.000,0.000,0.000,0.000,0.000,0.000,0.000,0.000,0.000,0.000,0.000,0.000,0.000,0.000,0.000,0.000,0.000,0.000,0.000,0.000,0.000,0.000,0.000,0.000,0.000,0.000,0.000,0.000,0.000,0.000,0.000,0.000,0.000,0.000,0.000,0.000,0.000,0.000,0.000,0.000,0.000,0.000,0.000,0.000,0.000,0.000,0.000,0.000,0.000,0.000,0.000,0.000,0.000,0.000,0.000,0.000,0.000,0.000,0.000,0.000,0.000,0.000,0.000,0.000,0.000,0.000,0.000,0.000,0.000
0.000,0.000,0.000,0.000,0.000,0.000,0.000,0.000,0.000,0.000,0.000,0.000,0.000,0.000,0.000,0.000,0.000,0.000,0.000,0.000,0.000,0.000,0.000,0.000,0.000,0.000,0.000,0.000,0.000,0.000,0.000,0.000,0.000,0.000,0.000,0.000,0.000,0.000,0.000,0.000,0.000,0.000,0.000,0.000,0.000,0.000,0.000,0.000,0.000,0.000,0.000,0.000,0.000,0.000,0.000,0.000,0.000,0.000,0.000,0.000,0.000,0.000,0.000,0.000,0.000,0.000,0.000,0.000,0.000,0.000,0.000,0.000,0.000,0.000,0.000,0.000,0.000,0.000,0.000,0.000
0.000,0.000,0.000,0.000,0.000,0.000,0.000,0.000,0.000,0.000,0.000,0.000,0.000,0.000,0.000,0.000,0.000,0.000,0.000,0.000,0.000,0.000,0.000,0.000,0.000,0.000,0.000,0.000,0.000,0.000,0.000,0.000,0.000,0.000,0.000,0.000,0.000,0.000,0.000,0.000,0.000,0.000,0.000,0.000,0.000,0.000,0.000,0.000,0.000,0.000,0.000,0.000,0.000,0.000,0.000,0.000,0.000,0.000,0.000,0.000,0.000,0.000,0.000,0.000,0.000,0.000,0.000,0.000,0.000,0.000,0.000,0.000,0.000,0.000,0.000,0.000,0.000,0.000,0.000,0.000
0.000,0.000,0.000,0.000,0.000,0.000,0.000,0.000,0.000,0.000,0.000,0.000,0.000,0.000,0.000,0.000,0.000,0.000,0.000,0.000,0.000,0.000,0.000,0.000,0.000,0.000,0.000,0.000,0.000,0.000,0.000,0.000,0.000,0.000,0.000,0.000,0.000,0.000,0.000,0.000,0.000,0.000,0.000,0.000,0.000,0.000,0.000,0.000,0.000,0.000,0.000,0.000,0.000,0.000,0.000,0.000,0.000,0.000,0.000,0.000,0.000,0.000,0.000,0.000,0.000,0.000,0.000,0.000,0.000,0.000,0.000,0.000,0.000,0.000,0.000,0.000,0.000,0.000,0.000,0.000
0.000,0.000,0.000,0.000,0.000,0.000,0.000,0.000,0.000,0.000,0.000,0.000,0.000,0.000,0.000,0.000,0.000,0.000,0.000,0.000,0.000,0.000,0.000,0.000,0.000,0.000,0.000,0.000,0.000,0.000,0.000,0.000,0.000,0.000,0.000,0.000,0.000,0.000,0.000,0.000,0.000,0.000,0.000,0.000,0.000,0.000,0.000,0.000,0.000,0.000,0.000,0.000,0.000,0.000,0.000,0.000,0.000,0.000,0.000,0.000,0.000,0.000,0.000,0.000,0.000,0.000,0.000,0.000,0.000,0.000,0.000,0.000,0.000,0.000,0.000,0.000,0.000,0.000,0.000,0.000
0.000,0.000,0.000,0.000,0.000,0.000,0.000,0.000,0.000,0.000,0.000,0.000,0.000,0.000,0.000,0.000,0.000,0.000,0.000,0.000,0.000,0.000,0.000,0.000,0.000,0.000,0.000,0.000,0.000,0.000,0.000,0.000,0.000,0.000,0.000,0.000,0.000,0.000,0.000,0.000,0.000,0.000,0.000,0.000,0.000,0.000,0.000,0.000,0.000,0.000,0.000,0.000,0.000,0.000,0.000,0.000,0.000,0.000,0.000,0.000,0.000,0.000,0.000,0.000,0.000,0.000,0.000,0.000,0.000,0.000,0.000,0.000,0.000,0.000,0.000,0.000,0.000,0.000,0.000,0.000
0.000,0.000,0.000,0.000,0.000,0.000,0.000,0.000,0.000,0.000,0.000,0.000,0.000,0.000,0.000,0.000,0.000,0.000,0.000,0.000,0.000,0.000,0.000,0.000,0.000,0.000,0.000,0.000,0.000,0.000,0.000,0.000,0.000,0.000,0.000,0.000,0.000,0.000,0.000,0.000,0.000,0.000,0.000,0.000,0.000,0.000,0.000,0.000,0.000,0.000,0.000,0.000,0.000,0.000,0.000,0.000,0.000,0.000,0.000,0.000,0.000,0.000,0.000,0.000,0.000,0.000,0.000,0.000,0.000,0.000,0.000,0.000,0.000,0.000,0.000,0.000,0.000,0.000,0.000,0.000
0.000,0.000,0.000,0.000,0.000,0.000,0.000,0.000,0.000,0.000,0.000,0.000,0.000,0.000,0.000,0.000,0.000,0.000,0.000,0.000,0.000,0.000,0.000,0.000,0.000,0.000,0.000,0.000,0.000,0.000,0.000,0.000,0.000,0.000,0.000,0.000,0.000,0.000,0.000,0.000,0.000,0.000,0.000,0.000,0.000,0.000,0.000,0.000,0.000,0.000,0.000,0.000,0.000,0.000,0.000,0.000,0.000,0.000,0.000,0.000,0.000,0.000,0.000,0.000,0.000,0.000,0.000,0.000,0.000,0.000,0.000,0.000,0.000,0.000,0.000,0.000,0.000,0.000,0.000,0.000
0.000,0.000,0.000,0.000,0.000,0.000,0.000,0.000,0.000,0.000,0.000,0.000,0.000,0.000,0.000,0.000,0.000,0.000,0.000,0.000,0.000,0.000,0.000,0.000,0.000,0.000,0.000,0.000,0.000,0.000,0.000,0.000,0.000,0.000,0.000,0.000,0.000,0.000,0.000,0.000,0.000,0.000,0.000,0.000,0.000,0.000,0.000,0.000,0.000,0.000,0.000,0.000,0.000,0.000,0.000,0.000,0.000,0.000,0.000,0.000,0.000,0.000,0.000,0.000,0.000,0.000,0.000,0.000,0.000,0.000,0.000,0.000,0.000,0.000,0.000,0.000,0.000,0.000,0.000,0.000
0.000,0.000,0.000,0.000,0.000,0.000,0.000,0.000,0.000,0.000,0.000,0.000,0.000,0.000,0.000,0.000,0.000,0.000,0.000,0.000,0.000,0.000,0.000,0.000,0.000,0.000,0.000,0.000,0.000,0.000,0.000,0.000,0.000,0.000,0.000,0.000,0.000,0.000,0.000,0.000,0.000,0.000,0.000,0.000,0.000,0.000,0.000,0.000,0.000,0.000,0.000,0.000,0.000,0.000,0.000,0.000,0.000,0.000,0.000,0.000,0.000,0.000,0.000,0.000,0.000,0.000,0.000,0.000,0.000,0.000,0.000,0.000,0.000,0.000,0.000,0.000,0.000,0.000,0.000,0.000
0.000,0.000,0.000,0.000,0.000,0.000,0.000,0.000,0.000,0.000,0.000,0.000,0.000,0.000,0.000,0.000,0.000,0.000,0.000,0.000,0.000,0.000,0.000,0.000,0.000,0.000,0.000,0.000,0.000,0.000,0.000,0.000,0.000,0.000,0.000,0.000,0.000,0.000,0.000,0.000,0.000,0.000,0.000,0.000,0.000,0.000,0.000,0.000,0.000,0.000,0.000,0.000,0.000,0.000,0.000,0.000,0.000,0.000,0.000,0.000,0.000,0.000,0.000,0.000,0.000,0.000,0.000,0.000,0.000,0.000,0.000,0.000,0.000,0.000,0.000,0.000,0.000,0.000,0.000,0.000
0.000,0.000,0.000,0.000,0.000,0.000,0.000,0.000,0.000,0.000,0.000,0.000,0.000,0.000,0.000,0.000,0.000,0.000,0.000,0.000,0.000,0.000,0.000,0.000,0.000,0.000,0.000,0.000,0.000,0.000,0.000,0.000,0.000,0.000,0.000,0.000,0.000,0.000,0.000,0.000,0.000,0.000,0.000,0.000,0.000,0.000,0.000,0.000,0.000,0.000,0.000,0.000,0.000,0.000,0.000,0.000,0.000,0.000,0.000,0.000,0.000,0.000,0.000,0.000,0.000,0.000,0.000,0.000,0.000,0.000,0.000,0.000,0.000,0.000,0.000,0.000,0.000,0.000,0.000,0.000
0.000,0.000,0.000,0.000,0.000,0.000,0.000,0.000,0.000,0.000,0.000,0.000,0.000,0.000,0.000,0.000,0.000,0.000,0.000,0.000,0.000,0.000,0.000,0.000,0.000,0.000,0.000,0.000,0.000,0.000,0.000,0.000,0.000,0.000,0.000,0.000,0.000,0.000,0.000,0.000,0.000,0.000,0.000,0.000,0.000,0.000,0.000,0.000,0.000,0.000,0.000,0.000,0.000,0.000,0.000,0.000,0.000,0.000,0.000,0.000,0.000,0.000,0.000,0.000,0.000,0.000,0.000,0.000,0.000,0.000,0.000,0.000,0.000,0.000,0.000,0.000,0.000,0.000,0.000,0.000
0.000,0.000,0.000,0.000,0.000,0.000,0.000,0.000,0.000,0.000,0.000,0.000,0.000,0.000,0.000,0.000,0.000,0.000,0.000,0.000,0.000,0.000,0.000,0.000,0.000,0.000,0.000,0.000,0.000,0.000,0.000,0.000,0.000,0.000,0.000,0.000,0.000,0.000,0.000,0.000,0.000,0.000,0.000,0.000,0.000,0.000,0.000,0.000,0.000,0.000,0.000,0.000,0.000,0.000,0.000,0.000,0.000,0.000,0.000,0.000,0.000,0.000,0.000,0.000,0.000,0.000,0.000,0.000,0.000,0.000,0.000,0.000,0.000,0.000,0.000,0.000,0.000,0.000,0.000,0.000
0.000,0.000,0.000,0.000,0.000,0.000,0.000,0.000,0.000,0.000,0.000,0.000,0.000,0.000,0.000,0.000,0.000,0.000,0.000,0.000,0.000,0.000,0.000,0.000,0.000,0.000,0.000,0.000,0.000,0.000,0.000,0.000,0.000,0.000,0.000,0.000,0.000,0.000,0.000,0.000,0.000,0.000,0.000,0.000,0.000,0.000,0.000,0.000,0.000,0.000,0.000,0.000,0.000,0.000,0.000,0.000,0.000,0.000,0.000,0.000,0.000,0.000,0.000,0.000,0.000,0.000,0.000,0.000,0.000,0.000,0.000,0.000,0.000,0.000,0.000,0.000,0.000,0.000,0.000,0.000
0.000,0.000,0.000,0.000,0.000,0.000,0.000,0.000,0.000,0.000,0.000,0.000,0.000,0.000,0.000,0.000,0.000,0.000,0.000,0.000,0.000,0.000,0.000,0.000,0.000,0.000,0.000,0.000,0.000,0.000,0.000,0.000,0.000,0.000,0.000,0.000,0.000,0.000,0.000,0.000,0.000,0.000,0.000,0.000,0.000,0.000,0.000,0.000,0.000,0.000,0.000,0.000,0.000,0.000,0.000,0.000,0.000,0.000,0.000,0.000,0.000,0.000,0.000,0.000,0.000,0.000,0.000,0.000,0.000,0.000,0.000,0.000,0.000,0.000,0.000,0.000,0.000,0.000,0.000,0.000
0.000,0.000,0.000,1.000,0.000,0.000,0.000,0.000,0.000,0.000,0.000,0.000,0.000,0.000,0.000,0.000,0.000,0.000,0.000,0.000,0.000,0.000,0.000,0.000,0.000,0.000,0.000,0.000,0.000,0.000,0.000,0.000,0.000,0.000,0.000,0.000,0.000,0.000,0.000,0.000,0.000,0.000,0.000,0.000,0.000,0.000,0.000,0.000,0.000,0.000,0.000,0.000,0.000,0.000,0.000,0.000,0.000,0.000,0.000,0.000,0.000,0.000,0.000,0.000,0.000,0.000,0.000,0.000,0.000,0.000,0.000,0.000,0.000,0.000,0.000,0.000,0.000,0.000,0.000,0.000
0.000,0.000,0.000,0.000,0.000,0.000,0.000,0.000,0.000,0.000,0.000,0.000,0.000,0.000,0.000,0.000,0.000,0.000,0.000,0.000,0.000,0.000,0.000,0.000,0.000,0.000,0.000,0.000,0.000,0.000,0.000,0.000,0.000,0.000,0.000,0.000,0.000,0.000,0.000,0.000,0.000,0.000,0.000,0.000,0.000,0.000,0.000,0.000,0.000,0.000,0.000,0.000,0.000,0.000,0.000,0.000,0.000,0.000,0.000,0.000,0.000,0.000,0.000,0.000,0.000,0.000,0.000,0.000,0.000,0.000,0.000,0.000,0.000,0.000,0.000,0.000,0.000,0.000,0.000,0.000
0.000,0.000,0.000,0.000,0.000,0.000,0.000,0.000,0.000,0.000,0.000,0.000,0.000,0.000,0.000,0.000,0.000,0.000,0.000,0.000,0.000,0.000,0.000,0.000,0.000,0.000,0.000,0.000,0.000,0.000,0.000,0.000,0.000,0.000,0.000,0.000,0.000,0.000,0.000,0.000,0.000,0.000,0.000,0.000,0.000,0.000,0.000,0.000,0.000,0.000,0.000,0.000,0.000,0.000,0.000,0.000,0.000,0.000,0.000,0.000,0.000,0.000,0.000,0.000,0.000,0.000,0.000,0.000,0.000,0.000,0.000,0.000,0.000,0.000,0.000,0.000,0.000,0.000,0.000,0.000
0.000,0.000,0.000,0.000,0.000,0.000,0.000,0.000,0.000,0.000,0.000,0.000,0.000,0.000,0.000,0.000,0.000,0.000,0.000,0.000,0.000,0.000,0.000,0.000,0.000,0.000,0.000,0.000,0.000,0.000,0.000,0.000,0.000,0.000,0.000,0.000,0.000,0.000,0.000,0.000,0.000,0.000,0.000,0.000,0.000,0.000,0.000,0.000,0.000,0.000,0.000,0.000,0.000,0.000,0.000,0.000,0.000,0.000,0.000,0.000,0.000,0.000,0.000,0.000,0.000,0.000,0.000,0.000,0.000,0.000,0.000,0.000,0.000,0.000,0.000,0.000,0.000,0.000,0.000,0.000
0.000,0.000,0.000,0.000,0.000,0.000,0.000,0.000,0.000,0.000,0.000,0.000,0.000,0.000,0.000,0.000,0.000,0.000,0.000,0.000,0.000,0.000,0.000,0.000,0.000,0.000,0.000,0.000,0.000,0.000,0.000,0.000,0.000,0.000,0.000,0.000,0.000,0.000,0.000,0.000,0.000,0.000,0.000,0.000,0.000,0.000,0.000,0.000,0.000,0.000,0.000,0.000,0.000,0.000,0.000,0.000,0.000,0.000,0.000,0.000,0.000,0.000,0.000,0.000,0.000,0.000,0.000,0.000,0.000,0.000,0.000,0.000,0.000,0.000,0.000,0.000,0.000,0.000,0.000,0.000
0.000,0.000,0.000,0.000,0.000,0.000,0.000,0.000,0.000,0.000,0.000,0.000,0.000,0.000,0.000,0.000,0.000,0.000,0.000,0.000,0.000,0.000,0.000,0.000,0.000,0.000,0.000,0.000,0.000,0.000,0.000,0.000,0.000,0.000,0.000,0.000,0.000,0.000,0.000,0.000,0.000,0.000,0.000,0.000,0.000,0.000,0.000,0.000,0.000,0.000,0.000,0.000,0.000,0.000,0.000,0.000,0.000,0.000,0.000,0.000,0.000,0.000,0.000,0.000,0.000,0.000,0.000,0.000,0.000,0.000,0.000,0.000,0.000,0.000,0.000,0.000,0.000,0.000,0.000,0.000
0.000,0.000,0.000,0.000,0.000,0.000,0.000,0.000,0.000,0.000,0.000,0.000,0.000,0.000,0.000,0.000,0.000,0.000,0.000,0.000,0.000,0.000,0.000,0.000,0.000,0.000,0.000,0.000,0.000,0.000,0.000,0.000,0.000,0.000,0.000,0.000,0.000,0.000,0.000,0.000,0.000,0.000,0.000,0.000,0.000,0.000,0.000,0.000,0.000,0.000,0.000,0.000,0.000,0.000,0.000,0.000,0.000,0.000,0.000,0.000,0.000,0.000,0.000,0.000,0.000,0.000,0.000,0.000,0.000,0.000,0.000,0.000,0.000,0.000,0.000,0.000,0.000,0.000,0.000,0.000
0.000,0.000,0.000,0.000,0.000,0.000,0.000,0.000,0.000,0.000,0.000,0.000,0.000,0.000,0.000,0.000,0.000,0.000,0.000,0.000,0.000,0.000,0.000,0.000,0.000,0.000,0.000,0.000,0.000,0.000,0.000,0.000,0.000,0.000,0.000,0.000,0.000,0.000,0.000,0.000,0.000,0.000,0.000,0.000,0.000,0.000,0.000,0.000,0.000,0.000,0.000,0.000,0.000,0.000,0.000,0.000,0.000,0.000,0.000,0.000,0.000,0.000,0.000,0.000,0.000,0.000,0.000,0.000,0.000,0.000,0.000,0.000,0.000,0.000,0.000,0.000,0.000,0.000,0.000,0.000
0.000,0.000,0.000,0.000,0.000,0.000,0.000,0.000,0.000,0.000,0.000,0.000,0.000,0.000,0.000,0.000,0.000,0.000,0.000,0.000,0.000,0.000,0.000,0.000,0.000,0.000,0.000,0.000,0.000,0.000,0.000,0.000,0.000,0.000,0.000,0.000,0.000,0.000,0.000,0.000,0.000,0.000,0.000,0.000,0.000,0.000,0.000,0.000,0.000,0.000,0.000,0.000,0.000,0.000,0.000,0.000,0.000,0.000,0.000,0.000,0.000,0.000,0.000,0.000,0.000,0.000,0.000,0.000,0.000,0.000,0.000,0.000,0.000,0.000,0.000,0.000,0.000,0.000,0.000,0.000
0.000,0.000,0.000,0.000,0.000,0.000,0.000,0.000,0.000,0.000,0.000,0.000,0.000,0.000,0.000,0.000,0.000,0.000,0.000,0.000,0.000,0.000,0.000,0.000,0.000,0.000,0.000,0.000,0.000,0.000,0.000,0.000,0.000,0.000,0.000,0.000,0.000,0.000,0.000,0.000,0.000,0.000,0.000,0.000,0.000,0.000,0.000,0.000,0.000,0.000,0.000,0.000,0.000,0.000,0.000,0.000,0.000,0.000,0.000,0.000,0.000,0.000,0.000,0.000,0.000,0.000,0.000,0.000,0.000,0.000,0.000,0.000,0.000,0.000,0.000,0.000,0.000,0.000,0.000,0.000
0.000,0.000,0.000,0.000,0.000,0.000,0.000,0.000,0.000,0.000,0.000,0.000,0.000,0.000,0.000,0.000,0.000,0.000,0.000,0.000,0.000,0.000,0.000,0.000,0.000,0.000,0.000,0.000,0.000,0.000,0.000,0.000,0.000,0.000,0.000,0.000,0.000,0.000,0.000,0.000,0.000,0.000,0.000,0.000,0.000,0.000,0.000,0.000,0.000,0.000,0.000,0.000,0.000,0.000,0.000,0.000,0.000,0.000,0.000,0.000,0.000,0.000,0.000,0.000,0.000,0.000,0.000,0.000,0.000,0.000,0.000,0.000,0.000,0.000,0.000,0.000,0.000,0.000,0.000,0.000
0.000,0.000,0.000,0.000,0.000,0.000,0.000,0.000,0.000,0.000,0.000,0.000,0.000,0.000,0.000,0.000,0.000,0.000,0.000,0.000,0.000,0.000,0.000,0.000,0.000,0.000,0.000,0.000,0.000,0.000,0.000,0.000,0.000,0.000,0.000,0.000,0.000,0.000,0.000,0.000,0.000,0.000,0.000,0.000,0.000,0.000,0.000,0.000,0.000,0.000,0.000,0.000,0.000,0.000,0.000,0.000,0.000,0.000,0.000,0.000,0.000,0.000,0.000,0.000,0.000,0.000,0.000,0.000,0.000,0.000,0.000,0.000,0.000,0.000,0.000,0.000,0.000,0.000,0.000,0.000
0.000,0.000,0.000,0.000,0.000,0.000,0.000,0.000,0.000,0.000,0.000,0.000,0.000,0.000,0.000,0.000,0.000,0.000,0.000,0.000,0.000,0.000,0.000,0.000,0.000,0.000,0.000,0.000,0.000,0.000,0.000,0.000,0.000,0.000,0.000,0.000,0.000,0.000,0.000,0.000,0.000,0.000,0.000,0.000,0.000,0.000,0.000,0.000,0.000,0.000,0.000,0.000,0.000,0.000,0.000,0.000,0.000,0.000,0.000,0.000,0.000,0.000,0.000,0.000,0.000,0.000,0.000,0.000,0.000,0.000,0.000,0.000,0.000,0.000,0.000,0.000,0.000,0.000,0.000,0.000
0.000,0.000,0.000,0.000,0.000,0.000,0.000,0.000,0.000,0.000,0.000,0.000,0.000,0.000,0.000,0.000,0.000,0.000,0.000,0.000,0.000,0.000,0.000,0.000,0.000,0.000,0.000,1.000,0.000,0.000,0.000,0.000,0.000,0.000,0.000,0.000,0.000,0.000,0.000,0.000,0.000,0.000,0.000,0.000,0.000,0.000,0.000,0.000,0.000,0.000,0.000,0.000,0.000,0.000,0.000,0.000,0.000,0.000,0.000,0.000,0.000,0.000,0.000,0.000,0.000,1.000,0.000,0.000,0.000,0.000,0.000,0.000,0.000,0.000,0.000,0.000,0.000,0.000,0.000,0.000
0.000,0.000,0.000,0.000,0.000,0.000,0.000,0.000,0.000,0.000,0.000,0.000,0.000,0.000,0.000,0.000,0.000,0.000,0.000,0.000,0.000,0.000,0.000,0.000,0.000,0.000,0.000,0.000,0.000,0.000,0.000,0.000,0.000,0.000,0.000,0.000,0.000,0.000,0.000,0.000,0.000,0.000,0.000,0.000,0.000,0.000,0.000,0.000,0.000,0.000,0.000,0.000,0.000,0.000,0.000,0.000,0.000,0.000,0.000,0.000,0.000,0.000,0.000,0.000,0.000,0.000,0.000,0.000,0.000,0.000,0.000,0.000,0.000,0.000,0.000,0.000,0.000,0.000,0.000,0.000
0.000,0.000,0.000,0.000,0.000,0.000,0.000,0.000,0.000,0.000,0.000,0.000,0.000,0.000,0.000,0.000,0.000,0.000,0.000,0.000,0.000,0.000,0.000,0.000,0.000,0.000,0.000,0.000,0.000,0.000,0.000,0.000,0.000,0.000,0.000,0.000,0.000,0.000,0.000,0.000,0.000,0.000,0.000,0.000,0.000,0.000,0.000,0.000,0.000,0.000,0.000,0.000,0.000,0.000,0.000,0.000,0.000,0.000,0.000,0.000,0.000,0.000,0.000,0.000,0.000,0.000,0.000,0.000,0.000,0.000,0.000,0.000,0.000,0.000,0.000,0.000,0.000,0.000,0.000,0.000
0.000,0.000,0.000,0.000,0.000,0.000,0.000,0.000,0.000,0.000,0.000,0.000,0.000,0.000,0.000,0.000,0.000,0.000,0.000,0.000,0.000,0.000,0.000,0.000,0.000,0.000,0.000,0.000,0.000,0.000,0.000,0.000,0.000,0.000,0.000,0.000,0.000,0.000,0.000,0.000,0.000,0.000,0.000,0.000,0.000,0.000,0.000,0.000,0.000,0.000,0.000,0.000,0.000,0.000,0.000,0.000,0.000,0.000,0.000,0.000,0.000,0.000,0.000,0.000,0.000,0.000,0.000,0.000,0.000,0.000,0.000,0.000,0.000,0.000,0.000,0.000,0.000,0.000,0.000,0.000
0.000,0.000,0.000,0.000,0.000,0.000,0.000,0.000,0.000,0.000,0.000,0.000,0.000,0.000,0.000,0.000,0.000,0.000,0.000,0.000,0.000,0.000,0.000,0.000,0.000,0.000,0.000,0.000,0.000,0.000,0.000,0.000,0.000,0.000,0.000,0.000,0.000,0.000,0.000,0.000,0.000,0.000,0.000,0.000,0.000,0.000,0.000,0.000,0.000,0.000,0.000,0.000,0.000,0.000,0.000,0.000,0.000,0.000,0.000,0.000,0.000,0.000,0.000,0.000,0.000,0.000,0.000,0.000,0.000,0.000,0.000,0.000,0.000,0.000,0.000,0.000,0.000,0.000,0.000,0.000
0.000,0.000,0.000,0.000,0.000,0.000,0.000,0.000,0.000,0.000,0.000,0.000,0.000,0.000,0.000,0.000,0.000,0.000,0.000,0.000,0.000,0.000,0.000,0.000,0.000,0.000,0.000,0.000,0.000,0.000,0.000,0.000,0.000,0.000,0.000,0.000,0.000,0.000,0.000,0.000,0.000,0.000,0.000,0.000,0.000,0.000,0.000,0.000,0.000,0.000,0.000,0.000,0.000,0.000,0.000,0.000,0.000,0.000,0.000,0.000,0.000,0.000,0.000,0.000,0.000,0.000,0.000,0.000,0.000,0.000,0.000,0.000,0.000,0.000,0.000,0.000,0.000,0.000,0.000,0.000
0.000,0.000,0.000,0.000,0.000,0.000,0.000,0.000,0.000,0.000,0.000,0.000,0.000,0.000,0.000,0.000,0.000,0.000,0.000,0.000,0.000,0.000,0.000,0.000,0.000,0.000,0.000,0.000,0.000,0.000,0.000,0.000,0.000,0.000,0.000,0.000,0.000,0.000,0.000,0.000,0.000,0.000,0.000,0.000,0.000,0.000,0.000,0.000,0.000,0.000,0.000,0.000,0.000,0.000,0.000,0.000,0.000,0.000,0.000,0.000,0.000,0.000,0.000,0.000,0.000,0.000,0.000,0.000,0.000,0.000,0.000,0.000,0.000,0.000,0.000,0.000,0.000,0.000,0.000,0.000
0.000,0.000,0.000,0.000,0.000,0.000,0.000,0.000,0.000,0.000,0.000,0.000,0.000,0.000,0.000,0.000,0.000,0.000,0.000,0.000,0.000,0.000,0.000,0.000,0.000,0.000,0.000,0.000,0.000,0.000,0.000,0.000,0.000,0.000,0.000,0.000,0.000,0.000,0.000,0.000,0.000,0.000,0.000,0.000,0.000,0.000,0.000,0.000,0.000,0.000,0.000,0.000,0.000,0.000,0.000,0.000,0.000,0.000,0.000,0.000,0.000,0.000,0.000,0.000,0.000,0.000,0.000,0.000,0.000,0.000,0.000,0.000,0.000,0.000,0.000,0.000,0.000,0.000,0.000,0.000
0.000,0.000,0.000,0.000,0.000,0.000,0.000,0.000,0.000,0.000,0.000,0.000,0.000,0.000,0.000,0.000,0.000,0.000,0.000,0.000,0.000,0.000,0.000,0.000,0.000,0.000,0.000,0.000,0.000,0.000,0.000,0.000,0.000,0.000,0.000,0.000,0.000,0.000,0.000,0.000,0.000,0.000,0.000,0.000,0.000,0.000,0.000,0.000,0.000,0.000,0.000,0.000,0.000,0.000,0.000,0.000,0.000,0.000,0.000,0.000,0.000,0.000,0.000,0.000,0.000,0.000,0.000,0.000,0.000,0.000,0.000,0.000,0.000,0.000,0.000,0.000,0.000,0.000,0.000,0.000
0.000,0.000,0.000,0.000,0.000,0.000,0.000,0.000,0.000,0.000,0.000,0.000,0.000,0.000,0.000,0.000,0.000,0.000,0.000,0.000,0.000,0.000,0.000,0.000,0.000,0.000,0.000,0.000,0.000,0.000,0.000,0.000,0.000,0.000,0.000,0.000,0.000,0.000,0.000,0.000,0.000,0.000,0.000,0.000,0.000,0.000,0.000,0.000,0.000,0.000,0.000,0.000,0.000,0.000,0.000,0.000,0.000,0.000,0.000,0.000,0.000,0.000,0.000,0.000,0.000,0.000,0.000,0.000,0.000,0.000,0.000,0.000,0.000,0.000,0.000,0.000,0.000,0.000,0.000,0.000
0.000,0.000,0.000,0.000,0.000,0.000,0.000,0.000,0.000,0.000,0.000,0.000,0.000,0.000,0.000,0.000,0.000,0.000,0.000,0.000,0.000,0.000,0.000,0.000,0.000,0.000,0.000,0.000,0.000,0.000,0.000,0.000,0.000,0.000,0.000,0.000,0.000,0.000,0.000,0.000,0.000,0.000,0.000,0.000,0.000,0.000,0.000,0.000,0.000,0.000,0.000,0.000,0.000,0.000,0.000,0.000,0.000,0.000,0.000,0.000,0.000,0.000,0.000,0.000,0.000,0.000,0.000,0.000,0.000,0.000,0.000,0.000,0.000,0.000,0.000,0.000,0.000,0.000,0.000,0.000
0.000,0.000,0.000,0.000,0.000,0.000,0.000,0.000,0.000,0.000,0.000,0.000,0.000,0.000,0.000,0.000,0.000,0.000,0.000,0.000,0.000,0.000,0.000,0.000,0.000,0.000,0.000,0.000,0.000,0.000,0.000,0.000,0.000,0.000,0.000,0.000,0.000,0.000,0.000,0.000,0.000,0.000,0.000,0.000,0.000,0.000,0.000,0.000,0.000,0.000,0.000,0.000,0.000,0.000,0.000,0.000,0.000,0.000,0.000,0.000,0.000,0.000,0.000,0.000,0.000,0.000,0.000,0.000,0.000,0.000,0.000,0.000,0.000,0.000,0.000,0.000,0.000,0.000,0.000,0.000
0.000,0.000,0.000,0.000,0.000,0.000,0.000,0.000,0.000,0.000,0.000,0.000,0.000,0.000,0.000,0.000,0.000,0.000,0.000,0.000,0.000,0.000,0.000,0.000,0.000,0.000,0.000,0.000,0.000,0.000,0.000,0.000,0.000,0.000,0.000,0.000,0.000,0.000,0.000,0.000,0.000,0.000,0.000,0.000,0.000,0.000,0.000,0.000,0.000,0.000,0.000,0.000,0.000,0.000,0.000,0.000,0.000,0.000,0.000,0.000,0.000,0.000,0.000,0.000,0.000,0.000,0.000,0.000,0.000,0.000,0.000,0.000,0.000,0.000,0.000,0.000,0.000,0.000,0.000,0.000
0.000,0.000,0.000,0.000,0.000,0.000,0.000,0.000,0.000,0.000,0.000,0.000,0.000,0.000,0.000,0.000,0.000,0.000,0.000,0.000,0.000,0.000,0.000,0.000,0.000,0.000,0.000,0.000,0.000,0.000,0.000,0.000,0.000,0.000,0.000,0.000,0.000,0.000,0.000,0.000,0.000,0.000,0.000,0.000,0.000,0.000,0.000,0.000,0.000,0.000,0.000,0.000,0.000,0.000,0.000,0.000,0.000,0.000,0.000,0.000,0.000,0.000,0.000,0.000,0.000,0.000,0.000,0.000,0.000,0.000,0.000,0.000,0.000,0.000,0.000,0.000,0.000,0.000,0.000,0.000
172.000,129.000,156.000,157.000,121.000,161.000,151.000,162.000,133.000,176.000,121.000,149.000,191.000,109.000,138.000,169.000,125.000,117.000,110.000,164.000,103.000,189.000,155.000,176.000,137.000,146.000,114.000,146.000,175.000,108.000,147.000,182.000,113.000,190.000,188.000,180.000,131.000,110.000,132.000,115.000,172.000,155.000,180.000,144.000,128.000,191.000,179.000,147.000,101.000,174.000,194.000,167.000,166.000,116.000,180.000,138.000,126.000,182.000,148.000,154.000,176.000,142.000,196.000,100.000,108.000,107.000,103.000,103.000,139.000,192.000,124.000,143.000,161.000,146.000,130.000,192.000,151.000,152.000,153.000,123.000
0.000,0.000,0.000,0.000,0.000,0.000,0.000,0.000,0.000,0.000,0.000,0.000,0.000,0.000,0.000,0.000,0.000,0.000,0.000,0.000,0.000,0.000,0.000,0.000,0.000,0.000,0.000,0.000,0.000,0.000,0.000,0.000,0.000,0.000,0.000,0.000,0.000,0.000,0.000,0.000,0.000,0.000,0.000,0.000,0.000,0.000,0.000,0.000,0.000,0.000,0.000,0.000,0.000,0.000,0.000,0.000,0.000,0.000,0.000,0.000,0.000,0.000,0.000,0.000,0.000,0.000,0.000,0.000,0.000,0.000,0.000,0.000,0.000,0.000,0.000,0.000,0.000,0.000,0.000,0.000
64.242
