51.000,72.000,95.000,22.000,6.000,80.000,47.000,29.000,98.000,61.000,76.000,2.000,40.000,53.000,13.000,35.000,81.000,74.000,27.000,82.000,7.000,11.000,14.000,50.000,43.000,27.000,33.000,34.000,11.000,55.000,64.000,28.000,70.000,38.000,69.000,65.000,32.000,18.000,7.000,4.000
16.000,58.000,100.000,6.000,97.000,36.000,91.000,15.000,3.000,58.000,60.000,55.000,61.000,41.000,25.000,22.000,36.000,1.000,2.000,34.000,79.000,90.000,32.000,65.000,93.000,1.000,98.000,25.000,26.000,76.000,98.000,3.000,1.000,64.000,7.000,66.000,72.000,34.000,36.000,3.000
67.000,87.000,66.000,5.000,84.000,51.000,97.000,85.000,64.000,56.000,63.000,88.000,74.000,80.000,94.000,53.000,34.000,14.000,45.000,95.000,94.000,96.000,84.000,27.000,18.000,78.000,75.000,45.000,45.000,47.000,57.000,49.000,2.000,81.000,49.000,70.000,38.000,14.000,94.000,7.000
36.000,19.000,95.000,46.000,53.000,43.000,2.000,65.000,92.000,90.000,36.000,92.000,5.000,40.000,26.000,29.000,42.000,92.000,15.000,83.000,45.000,79.000,100.000,26.000,72.000,51.000,53.000,72.000,80.000,53.000,35.000,59.000,53.000,44.000,91.000,69.000,29.000,17.000,22.000,54.000
95.000,18.000,86.000,19.000,53.000,61.000,40.000,18.000,4.000,15.000,21.000,73.000,62.000,48.000,52.000,1.000,36.000,83.000,26.000,64.000,69.000,26.000,7.000,82.000,62.000,16.000,8.000,13.000,50.000,85.000,51.000,92.000,76.000,71.000,37.000,77.000,85.000,26.000,91.000,25.000
65.000,56.000,36.000,79.000,95.000,92.000,94.000,54.000,32.000,97.000,42.000,5.000,77.000,44.000,15.000,64.000,93.000,23.000,12.000,4.000,76.000,79.000,39.000,56.000,85.000,69.000,76.000,16.000,29.000,75.000,54.000,12.000,35.000,41.000,63.000,52.000,26.000,74.000,15.000,88.000
73.000,47.000,5.000,8.000,4.000,89.000,100.000,49.000,50.000,53.000,1.000,9.000,12.000,21.000,11.000,58.000,71.000,52.000,71.000,86.000,63.000,23.667,89.000,50.000,12.000,43.000,52.000,97.000,98.000,9.000,16.000,45.000,50.000,69.000,92.000,90.000,3.000,6.000,5.000,42.000
80.000,88.000,49.000,33.000,68.000,95.000,12.000,52.000,26.000,22.000,16.000,53.000,67.000,62.000,7.000,2.000,44.000,25.000,40.000,87.000,96.000,67.000,74.000,1.000,8.000,25.000,88.000,74.000,28.000,32.000,32.000,64.000,51.000,25.000,68.000,36.000,21.000,6.000,38.000,83.000
83.000,75.000,9.000,46.000,51.000,8.000,22.000,23.000,43.000,42.000,42.000,56.000,68.000,22.000,64.000,99.000,58.000,33.000,32.000,57.000,47.000,99.000,92.000,20.000,64.000,27.000,33.000,38.000,43.000,64.000,7.000,78.000,97.000,40.000,2.000,94.000,60.000,90.000,89.000,82.000
34.000,21.000,35.000,76.000,42.000,68.000,80.000,18.000,45.000,73.000,82.000,82.000,78.000,80.000,21.000,78.000,68.000,18.000,47.000,74.000,79.000,58.000,17.000,92.000,7.000,50.000,63.000,78.000,33.000,70.000,27.000,94.000,28.000,26.000,4.000,11.000,71.000,1.000,72.000,25.000
4.000,93.000,5.000,36.000,74.000,79.000,30.000,77.000,5.000,10.000,90.000,58.000,2.000,80.000,29.000,47.000,31.000,25.000,63.000,91.000,100.000,73.000,9.000,96.000,90.000,35.000,51.000,82.000,78.000,35.000,22.000,21.000,51.000,8.000,11.000,80.000,38.000,61.000,26.000,88.000
29.000,23.000,100.000,36.000,15.000,3.000,2.000,90.000,81.000,22.000,19.000,26.000,3.000,23.000,100.000,68.000,63.000,72.000,37.000,16.000,98.000,7.000,13.000,73.000,48.000,98.000,71.000,40.000,62.000,99.000,68.000,13.000,7.000,45.000,32.000,1.000,20.000,77.000,99.000,75.000
40.000,40.000,18.000,72.000,55.000,10.000,35.000,42.000,43.000,56.000,52.000,45.000,71.000,41.000,38.000,86.000,18.000,46.000,42.000,99.000,91.000,83.000,76.000,50.000,22.000,70.000,38.000,43.000,45.000,95.000,83.000,76.000,9.000,58.000,78.000,16.000,100.000,8.000,80.000,64.000
49.000,99.000,28.000,34.000,50.000,84.000,13.000,12.000,46.000,56.000,76.000,44.000,59.000,92.000,53.000,50.000,22.000,76.000,71.000,8.000,46.000,15.000,18.000,76.000,83.000,65.000,51.000,67.000,98.000,11.000,66.000,36.000,89.000,36.000,70.000,87.000,32.000,57.000,89.000,19.000
42.000,29.000,1.000,76.000,4.000,81.000,20.000,14.000,8.000,19.000,96.000,51.000,99.000,69.000,11.000,31.000,10.000,24.000,3.000,24.000,95.000,24.000,26.000,9.000,28.000,100.000,88.000,55.000,60.000,80.000,30.000,27.000,91.000,9.000,42.000,87.000,60.000,98.000,46.000,30.000
43.000,9.000,3.000,83.000,6.000,11.000,55.000,86.000,51.000,77.000,89.000,2.000,25.000,16.000,64.000,64.000,86.000,49.000,42.000,58.000,97.000,27.000,62.000,81.000,98.000,11.000,10.000,63.000,93.000,15.000,50.000,69.000,49.000,95.000,95.000,67.000,71.000,2.000,20.000,62.000
91.000,90.000,7.000,96.000,45.000,29.000,61.000,46.000,10.000,78.000,71.000,94.000,77.000,27.000,100.000,64.000,67.000,54.000,92.000,18.000,64.000,68.000,21.000,26.000,98.000,27.000,59.000,24.000,2.000,64.000,18.000,52.000,32.000,60.000,91.000,61.000,78.000,16.000,91.000,21.000
54.000,34.000,82.000,23.000,76.000,23.000,46.000,85.000,32.000,43.000,96.000,46.000,47.000,1.000,89.000,22.000,51.000,36.000,91.000,4.000,9.000,46.000,62.000,35.000,81.000,82.000,26.000,26.000,20.000,16.000,69.000,13.000,30.000,10.000,94.000,34.000,41.000,34.000,98.000,9.000
88.000,66.000,24.000,32.000,39.000,100.000,71.000,70.000,68.000,37.000,94.000,96.000,61.000,94.000,15.000,50.000,38.000,40.000,16.000,26.000,3.000,32.000,24.000,3.000,95.000,88.000,55.000,30.000,100.000,43.000,91.000,64.000,36.000,21.000,92.000,14.000,85.000,67.000,3.000,20.000
21.000,96.000,84.000,31.000,12.000,25.000,37.000,58.000,17.000,11.000,47.000,100.000,93.000,26.000,47.000,12.000,24.000,56.000,56.000,52.000,39.000,66.000,46.000,70.000,55.000,70.000,6.000,52.000,86.000,51.000,28.000,46.000,81.000,64.000,92.000,7.000,69.000,78.000,42.000,74.000
72.000,43.000,92.000,1.000,2.000,97.000,84.000,57.000,90.000,39.000,100.000,47.000,93.000,59.000,8.000,42.000,54.000,53.000,99.000,32.000,77.000,70.000,41.000,66.000,75.000,6.000,40.000,59.000,47.000,56.000,22.000,88.000,39.000,65.000,30.000,74.000,71.000,2.000,62.000,54.000
75.000,51.000,70.000,52.000,68.000,33.000,8.000,89.000,94.000,3.000,47.000,48.000,15.000,73.000,55.000,32.000,16.000,78.000,34.000,57.000,75.000,34.000,31.000,36.000,58.000,87.000,52.000,61.000,30.000,77.000,44.000,5.000,10.000,5.000,53.000,8.000,98.000,92.000,42.000,57.000
3.000,34.000,69.000,41.000,58.000,11.000,57.000,73.000,16.000,10.000,58.000,62.000,45.000,100.000,20.000,51.000,2.000,99.000,49.000,90.000,88.000,43.000,46.000,3.000,54.000,2.000,80.000,11.000,11.000,96.000,62.000,29.000,19.000,58.000,27.000,23.000,1.000,39.000,91.000,36.000
85.000,27.000,4.000,80.000,28.000,67.000,11.000,81.000,17.000,86.000,82.000,43.000,16.000,60.000,31.000,15.000,66.000,70.000,86.000,19.000,75.000,55.000,94.000,5.000,89.000,92.000,24.000,71.000,67.000,27.000,82.000,54.000,18.000,28.000,87.000,41.000,71.000,35.000,62.000,42.000
1.000,47.000,26.000,33.000,79.000,62.000,69.000,4.000,75.000,98.000,18.000,67.000,73.000,30.000,2.000,100.000,68.000,75.000,16.000,24.000,45.000,43.000,14.000,18.000,50.000,99.000,33.000,42.000,48.000,17.000,13.000,43.000,75.000,85.000,44.000,70.000,71.000,12.000,35.000,87.000
87.000,85.000,80.000,5.000,57.000,28.000,26.000,95.000,50.000,23.000,62.000,35.000,33.000,59.000,75.000,31.000,27.000,98.000,89.000,48.000,54.000,2.000,6.000,42.000,75.000,92.000,10.000,3.000,69.000,88.000,29.000,79.000,93.000,28.000,93.000,67.000,16.000,62.000,70.000,39.000
75.000,50.000,30.000,23.000,88.000,62.000,46.000,97.000,11.000,38.000,20.000,26.000,30.000,4.000,61.000,17.000,83.000,21.000,3.000,37.000,85.000,41.000,91.000,87.000,68.000,87.000,59.000,59.000,80.000,55.000,7.000,31.000,95.000,93.000,28.000,48.000,63.000,39.000,1.000,26.000
23.000,82.000,97.000,14.000,99.000,43.000,88.000,4.000,81.000,72.000,20.000,99.000,64.000,92.000,47.000,70.000,51.000,69.000,20.000,33.000,83.000,32.000,46.000,23.000,31.000,42.000,25.000,4.000,21.000,76.000,87.000,81.000,90.000,80.000,58.000,88.000,69.000,83.000,71.000,53.000
11.000,66.000,78.000,53.000,39.000,82.000,49.000,50.000,78.000,83.000,74.000,68.000,70.000,16.000,14.000,73.000,74.000,72.000,91.000,51.000,72.000,68.000,23.000,15.000,72.000,54.000,65.000,12.000,8.000,28.000,50.000,36.000,21.000,50.000,62.000,51.000,46.000,57.000,90.000,45.000
64.000,91.000,41.000,89.000,35.000,20.000,18.000,82.000,80.000,85.000,4.000,32.000,97.000,21.000,25.000,96.000,6.000,74.000,87.000,60.000,18.000,13.000,89.000,66.000,42.000,29.000,53.000,71.000,76.000,42.000,34.000,93.000,30.000,94.000,7.000,95.000,81.000,38.000,85.000,63.000
89.000,47.000,69.000,27.000,85.000,68.000,66.000,33.000,26.000,52.000,90.000,13.000,95.000,95.000,30.000,8.000,57.000,26.000,85.000,32.000,31.000,91.000,42.000,19.000,68.000,11.000,87.000,68.000,18.000,49.000,29.000,82.000,8.000,57.000,57.000,59.000,28.000,54.000,55.000,55.000
30.000,9.000,2.000,10.000,73.000,40.000,72.000,77.000,89.000,34.000,50.000,18.000,86.000,53.000,86.000,8.000,94.000,28.000,33.000,45.000,80.000,33.000,74.000,8.000,45.000,3.000,8.000,19.000,5.000,82.000,16.000,45.000,21.000,25.000,48.000,62.000,50.000,50.000,54.000,34.000
18.000,84.000,37.000,84.000,27.000,39.000,14.000,84.000,22.000,32.000,64.000,51.000,77.000,55.000,100.000,99.000,87.000,91.000,16.000,77.000,40.000,37.000,23.000,81.000,23.000,40.000,50.000,39.000,91.000,53.000,76.000,40.000,36.000,30.000,68.000,94.000,66.000,51.000,10.000,89.000
19.000,37.000,82.000,9.000,44.000,80.000,97.000,46.000,39.000,41.000,95.000,6.000,84.000,3.000,75.000,77.000,25.000,31.000,71.000,20.000,10.000,31.000,64.000,7.000,43.000,59.000,26.000,8.000,68.000,93.000,93.000,90.000,54.000,24.917,92.000,57.000,20.000,67.000,45.000,24.000
95.000,26.000,80.000,93.000,91.000,76.000,48.000,77.000,20.000,90.000,11.000,42.000,93.000,84.000,41.000,62.000,13.000,45.000,58.000,24.000,70.000,39.000,84.000,5.000,68.000,68.000,32.000,89.000,24.000,62.000,80.000,18.000,69.000,98.000,21.000,22.000,44.000,4.000,27.000,28.000
37.000,9.000,79.000,88.000,77.000,26.000,78.000,34.000,24.000,48.000,89.000,20.000,36.000,67.000,14.000,86.000,88.000,96.000,52.000,66.000,32.000,55.000,86.000,6.000,42.000,62.000,15.000,42.000,75.000,43.000,53.000,67.000,36.000,61.000,70.000,13.000,87.000,29.000,24.000,65.000
71.000,3.000,6.000,69.000,45.000,83.000,30.000,95.000,53.000,19.000,23.000,21.000,84.000,20.000,81.000,35.000,37.000,94.000,99.000,19.000,73.000,32.000,62.000,28.000,6.000,19.000,94.000,56.000,79.000,53.000,54.000,13.000,14.000,76.000,59.000,67.000,10.000,53.000,70.000,89.000
7.000,69.000,50.000,19.000,12.000,55.000,87.000,53.000,30.000,8.000,10.000,84.000,99.000,62.000,1.000,31.000,57.000,87.000,51.000,12.000,56.000,31.000,87.000,39.000,35.000,20.000,47.000,26.000,79.000,70.000,42.000,83.000,89.000,46.000,25.000,76.000,35.000,18.000,67.000,92.000
49.000,10.000,83.000,39.000,85.000,21.000,32.000,46.000,50.000,20.000,28.000,34.000,78.000,63.000,63.000,53.000,79.000,98.000,20.000,58.000,62.000,92.000,1.000,84.000,64.000,29.000,18.000,53.000,37.000,83.000,73.000,82.000,67.000,76.000,78.000,49.000,37.000,78.000,67.000,33.000
31.000,85.000,78.000,34.000,27.000,100.000,59.000,100.000,73.000,9.000,43.000,32.000,82.000,97.000,39.000,100.000,29.000,44.000,46.000,43.000,85.000,41.000,55.000,36.000,36.000,93.000,86.000,61.000,41.000,47.000,27.000,64.000,54.000,9.000,23.000,74.000,98.000,13.000,14.000,66.000
0.000,0.000,0.000,0.000,0.000,0.000,0.000,0.000,0.000,0.000,0.000,0.000,0.000,0.000,0.000,0.000,0.000,0.000,0.000,0.000,0.000,0.000,0.000,0.000,0.000,0.000,0.000,0.000,0.000,0.000,0.000,0.000,0.000,0.000,0.000,0.000,0.000,0.000,0.000,0.000
0.000,0.000,0.000,0.000,0.000,0.000,0.000,0.000,0.000,0.000,0.000,0.000,0.000,0.000,0.000,1.000,0.000,0.000,0.000,0.000,0.000,0.000,0.000,0.000,0.000,0.000,0.000,0.000,0.000,0.000,0.000,0.000,0.000,0.000,0.000,0.000,0.000,0.000,0.000,0.000
0.000,0.000,0.000,0.000,0.000,0.000,0.000,0.000,0.000,0.000,0.000,0.000,0.000,0.000,0.000,0.000,0.000,0.000,0.000,0.000,0.000,0.000,0.000,0.000,0.000,0.000,0.000,0.000,0.000,0.000,0.000,0.000,0.000,0.000,0.000,0.000,0.000,0.000,0.000,0.000
0.000,0.000,0.000,0.000,0.000,0.000,0.000,0.000,0.000,0.000,0.000,0.000,0.000,0.000,0.000,0.000,0.000,0.000,0.000,0.000,0.000,0.000,0.000,0.000,0.000,0.000,0.000,0.000,0.000,0.000,0.000,0.000,0.000,0.000,0.000,0.000,0.000,0.000,0.000,0.000
0.000,0.000,0.000,0.000,0.000,0.000,0.000,0.000,0.000,0.000,0.000,0.000,0.000,0.000,0.000,0.000,0.000,0.000,0.000,0.000,0.000,0.000,0.000,0.000,0.000,0.000,0.000,0.000,0.000,0.000,0.000,0.000,0.000,0.000,0.000,0.000,0.000,0.000,0.000,0.000
0.000,0.000,0.000,0.000,0.000,0.000,0.000,0.000,0.000,0.000,0.000,0.000,0.000,0.000,0.000,0.000,0.000,0.000,0.000,0.000,0.000,0.000,0.000,0.000,0.000,0.000,0.000,0.000,0.000,0.000,0.000,0.000,0.000,0.000,0.000,0.000,0.000,0.000,0.000,0.000
0.000,0.000,0.000,0.000,0.000,0.000,0.000,0.000,0.000,0.000,0.000,0.000,0.000,0.000,1.000,0.000,0.000,0.000,0.000,0.000,0.000,1.000,0.000,0.000,0.000,0.000,0.000,0.000,0.000,0.000,0.000,0.000,0.000,0.000,0.000,0.000,0.000,0.000,0.000,0.000
0.000,0.000,0.000,0.000,0.000,0.000,0.000,0.000,0.000,0.000,0.000,0.000,0.000,0.000,0.000,0.000,0.000,0.000,0.000,0.000,0.000,0.000,0.000,0.000,0.000,0.000,0.000,0.000,0.000,0.000,0.000,0.000,0.000,0.000,0.000,0.000,0.000,0.000,0.000,0.000
0.000,0.000,0.000,0.000,0.000,0.000,0.000,0.000,0.000,0.000,0.000,0.000,0.000,0.000,0.000,0.000,0.000,0.000,0.000,0.000,0.000,0.000,0.000,0.000,0.000,0.000,0.000,0.000,0.000,0.000,0.000,0.000,0.000,0.000,0.000,0.000,0.000,0.000,0.000,0.000
0.000,0.000,0.000,0.000,0.000,0.000,0.000,0.000,0.000,0.000,0.000,0.000,0.000,0.000,0.000,0.000,0.000,0.000,0.000,0.000,0.000,0.000,0.000,0.000,0.000,0.000,0.000,0.000,0.000,0.000,0.000,0.000,0.000,0.000,0.000,0.000,0.000,0.000,0.000,0.000
0.000,0.000,0.000,0.000,0.000,0.000,0.000,0.000,0.000,0.000,0.000,0.000,0.000,0.000,0.000,0.000,0.000,0.000,0.000,0.000,0.000,0.000,0.000,0.000,0.000,0.000,0.000,0.000,0.000,0.000,0.000,0.000,0.000,0.000,0.000,0.000,0.000,0.000,0.000,0.000
0.000,0.000,0.000,0.000,0.000,0.000,0.000,0.000,0.000,1.000,0.000,0.000,0.000,0.000,0.000,0.000,0.000,0.000,0.000,0.000,0.000,0.000,0.000,0.000,0.000,0.000,0.000,0.000,0.000,0.000,0.000,0.000,0.000,0.000,0.000,0.000,0.000,0.000,0.000,0.000
0.000,0.000,0.000,0.000,0.000,0.000,0.000,0.000,0.000,0.000,0.000,0.000,0.000,0.000,0.000,0.000,0.000,0.000,0.000,0.000,0.000,0.000,0.000,0.000,0.000,0.000,0.000,0.000,0.000,0.000,0.000,0.000,0.000,0.000,0.000,0.000,0.000,0.000,0.000,0.000
0.000,0.000,0.000,0.000,0.000,0.000,0.000,0.000,0.000,0.000,0.000,0.000,0.000,0.000,0.000,0.000,0.000,0.000,0.000,0.000,0.000,0.000,0.000,0.000,0.000,0.000,0.000,0.000,0.000,0.000,0.000,0.000,0.000,0.000,0.000,0.000,0.000,0.000,0.000,0.000
0.000,0.000,0.000,0.000,0.000,0.000,0.000,0.000,0.000,0.000,0.000,0.000,0.000,0.000,0.000,0.000,0.000,0.000,0.000,0.000,0.000,0.000,0.000,0.000,0.000,0.000,0.000,0.000,0.000,0.000,0.000,0.000,0.000,0.000,0.000,0.000,0.000,0.000,0.000,0.000
0.000,0.000,0.000,0.000,0.000,0.000,0.000,0.000,0.000,0.000,0.000,0.000,0.000,0.000,0.000,0.000,0.000,0.000,0.000,0.000,0.000,0.000,0.000,0.000,0.000,0.000,0.000,0.000,0.000,0.000,0.000,0.000,0.000,0.000,0.000,0.000,0.000,0.000,0.000,0.000
0.000,0.000,0.000,0.000,0.000,0.000,0.000,0.000,0.000,0.000,0.000,0.000,0.000,0.000,0.000,0.000,0.000,0.000,0.000,0.000,0.000,0.000,0.000,0.000,0.000,0.000,0.000,0.000,0.000,0.000,0.000,0.000,0.000,0.000,0.000,0.000,0.000,0.000,0.000,0.000
0.000,0.000,0.000,0.000,0.000,0.000,0.000,0.000,0.000,0.000,0.000,0.000,0.000,0.000,0.000,0.000,0.000,0.000,0.000,0.000,0.000,0.000,0.000,0.000,0.000,0.000,0.000,0.000,0.000,0.000,0.000,0.000,0.000,0.000,0.000,0.000,0.000,0.000,0.000,0.000
0.000,0.000,0.000,0.000,0.000,0.000,0.000,0.000,0.000,0.000,0.000,0.000,0.000,0.000,0.000,0.000,0.000,0.000,0.000,0.000,0.000,0.000,0.000,0.000,0.000,0.000,0.000,0.000,0.000,0.000,0.000,0.000,0.000,0.000,0.000,0.000,0.000,0.000,0.000,0.000
0.000,0.000,0.000,0.000,0.000,0.000,0.000,0.000,0.000,0.000,0.000,0.000,0.000,0.000,0.000,0.000,0.000,0.000,0.000,0.000,0.000,0.000,0.000,0.000,0.000,0.000,0.000,0.000,0.000,0.000,0.000,0.000,0.000,0.000,0.000,0.000,0.000,0.000,0.000,0.000
0.000,0.000,0.000,0.000,0.000,0.000,0.000,0.000,0.000,0.000,0.000,0.000,0.000,0.000,0.000,0.000,0.000,0.000,0.000,0.000,0.000,0.000,0.000,0.000,0.000,0.000,0.000,0.000,0.000,0.000,0.000,0.000,0.000,0.000,0.000,0.000,0.000,0.000,0.000,0.000
0.000,0.000,0.000,0.000,0.000,0.000,0.000,0.000,0.000,0.000,0.000,0.000,0.000,0.000,0.000,0.000,0.000,0.000,0.000,0.000,0.000,0.000,0.000,0.000,0.000,0.000,0.000,0.000,0.000,0.000,0.000,0.000,0.000,0.000,0.000,0.000,0.000,0.000,0.000,0.000
0.000,0.000,0.000,0.000,0.000,0.000,0.000,0.000,0.000,0.000,0.000,0.000,0.000,0.000,0.000,0.000,0.000,0.000,0.000,0.000,0.000,0.000,0.000,0.000,0.000,0.000,0.000,0.000,0.000,0.000,0.000,0.000,0.000,0.000,0.000,0.000,0.000,0.000,0.000,0.000
0.000,0.000,0.000,0.000,0.000,0.000,0.000,0.000,0.000,0.000,0.000,0.000,0.000,0.000,0.000,0.000,0.000,0.000,0.000,0.000,0.000,0.000,0.000,0.000,0.000,0.000,0.000,0.000,0.000,0.000,0.000,0.000,0.000,0.000,0.000,0.000,0.000,0.000,0.000,0.000
0.000,0.000,0.000,0.000,0.000,0.000,0.000,0.000,0.000,0.000,0.000,0.000,0.000,0.000,0.000,0.000,0.000,0.000,0.000,0.000,0.000,0.000,0.000,0.000,0.000,0.000,0.000,0.000,0.000,0.000,0.000,0.000,0.000,0.000,0.000,0.000,0.000,0.000,0.000,0.000
0.000,0.000,0.000,0.000,0.000,0.000,0.000,0.000,0.000,0.000,0.000,0.000,0.000,0.000,0.000,0.000,0.000,0.000,0.000,0.000,0.000,0.000,0.000,0.000,0.000,0.000,0.000,0.000,0.000,0.000,0.000,0.000,0.000,0.000,0.000,0.000,0.000,0.000,0.000,0.000
0.000,0.000,0.000,0.000,0.000,0.000,0.000,0.000,0.000,0.000,0.000,0.000,0.000,0.000,0.000,0.000,0.000,0.000,0.000,0.000,0.000,0.000,0.000,0.000,0.000,0.000,0.000,0.000,0.000,0.000,0.000,0.000,0.000,0.000,0.000,0.000,0.000,0.000,0.000,0.000
0.000,0.000,0.000,0.000,0.000,0.000,0.000,0.000,0.000,0.000,0.000,0.000,0.000,0.000,0.000,0.000,0.000,0.000,0.000,0.000,0.000,0.000,0.000,0.000,0.000,0.000,0.000,0.000,0.000,0.000,0.000,0.000,0.000,0.000,0.000,0.000,0.000,0.000,0.000,0.000
0.000,0.000,0.000,0.000,0.000,0.000,0.000,0.000,0.000,0.000,0.000,0.000,0.000,0.000,0.000,0.000,0.000,0.000,0.000,0.000,0.000,0.000,0.000,0.000,0.000,0.000,0.000,0.000,0.000,0.000,0.000,0.000,0.000,0.000,0.000,0.000,0.000,0.000,0.000,0.000
0.000,0.000,0.000,0.000,0.000,0.000,0.000,0.000,0.000,0.000,0.000,0.000,0.000,0.000,0.000,0.000,0.000,0.000,0.000,0.000,0.000,0.000,0.000,0.000,0.000,0.000,0.000,0.000,0.000,0.000,0.000,0.000,0.000,0.000,0.000,0.000,0.000,0.000,0.000,0.000
0.000,0.000,0.000,0.000,0.000,0.000,0.000,0.000,0.000,0.000,0.000,0.000,0.000,0.000,0.000,0.000,0.000,0.000,0.000,0.000,0.000,0.000,0.000,0.000,0.000,0.000,0.000,0.000,0.000,0.000,0.000,0.000,0.000,0.000,0.000,0.000,0.000,0.000,0.000,0.000
0.000,0.000,0.000,0.000,0.000,0.000,0.000,0.000,0.000,0.000,0.000,0.000,0.000,0.000,0.000,0.000,0.000,0.000,0.000,0.000,0.000,0.000,0.000,0.000,0.000,0.000,0.000,0.000,0.000,0.000,0.000,0.000,0.000,0.000,0.000,0.000,0.000,0.000,0.000,0.000
0.000,0.000,0.000,0.000,0.000,0.000,0.000,0.000,0.000,0.000,0.000,0.000,0.000,0.000,0.000,0.000,0.000,0.000,0.000,0.000,0.000,0.000,0.000,0.000,0.000,0.000,0.000,0.000,0.000,0.000,0.000,0.000,0.000,0.000,0.000,0.000,0.000,0.000,0.000,0.000
0.000,0.000,0.000,0.000,0.000,0.000,0.000,0.000,0.000,0.000,0.000,0.000,0.000,0.000,0.000,0.000,0.000,0.000,0.000,0.000,0.000,0.000,0.000,0.000,0.000,0.000,0.000,0.000,0.000,0.000,0.000,0.000,0.000,1.000,0.000,0.000,1.000,0.000,0.000,0.000
0.000,0.000,0.000,0.000,0.000,0.000,0.000,0.000,0.000,0.000,0.000,0.000,0.000,0.000,0.000,0.000,0.000,0.000,0.000,0.000,0.000,0.000,0.000,0.000,0.000,0.000,0.000,0.000,0.000,0.000,0.000,0.000,0.000,0.000,0.000,0.000,0.000,0.000,0.000,0.000
0.000,0.000,0.000,0.000,0.000,0.000,0.000,0.000,0.000,0.000,0.000,0.000,0.000,0.000,0.000,0.000,0.000,0.000,0.000,0.000,0.000,0.000,0.000,0.000,0.000,0.000,0.000,0.000,0.000,0.000,0.000,0.000,0.000,0.000,0.000,0.000,0.000,0.000,0.000,0.000
0.000,0.000,0.000,0.000,0.000,0.000,0.000,0.000,0.000,0.000,0.000,0.000,0.000,0.000,0.000,0.000,0.000,0.000,0.000,0.000,0.000,0.000,0.000,0.000,0.000,0.000,0.000,0.000,0.000,0.000,0.000,0.000,0.000,0.000,0.000,0.000,0.000,0.000,0.000,0.000
0.000,0.000,0.000,0.000,0.000,0.000,0.000,0.000,0.000,0.000,0.000,0.000,0.000,0.000,0.000,0.000,0.000,0.000,0.000,0.000,0.000,0.000,0.000,0.000,0.000,0.000,0.000,0.000,0.000,0.000,0.000,0.000,0.000,0.000,0.000,0.000,0.000,0.000,0.000,0.000
0.000,0.000,0.000,0.000,0.000,0.000,0.000,0.000,0.000,0.000,0.000,0.000,0.000,0.000,0.000,0.000,0.000,0.000,0.000,0.000,0.000,0.000,0.000,0.000,0.000,0.000,0.000,0.000,0.000,0.000,0.000,0.000,0.000,0.000,0.000,0.000,0.000,0.000,0.000,0.000
0.000,0.000,0.000,0.000,0.000,0.000,0.000,0.000,0.000,0.000,0.000,0.000,0.000,0.000,0.000,0.000,0.000,0.000,0.000,0.000,0.000,0.000,0.000,0.000,0.000,0.000,0.000,0.000,0.000,0.000,0.000,0.000,0.000,0.000,0.000,0.000,0.000,0.000,0.000,0.000
172.000,135.000,124.000,163.000,192.000,122.000,164.000,104.000,182.000,143.000,103.000,153.000,128.000,154.000,118.000,197.000,134.000,177.000,200.000,155.000,120.000,125.000,193.000,196.000,122.000,189.000,102.000,174.000,151.000,179.000,114.000,142.000,162.000,110.000,121.000,199.000,197.000,166.000,179.000,157.000
0.000,0.000,0.000,0.000,0.000,0.000,0.000,0.000,0.000,0.000,0.000,0.000,0.000,0.000,0.000,0.000,0.000,0.000,0.000,0.000,0.000,0.000,0.000,0.000,0.000,0.000,0.000,0.000,0.000,0.000,0.000,0.000,0.000,0.000,0.000,0.000,0.000,0.000,0.000,0.000
47.750
