94.000,15.000,98.000,18.000,75.000,90.000,75.000,38.000,100.000,92.000,85.000,18.000,30.000,78.000,96.000,9.000,41.000,9.000,67.000,8.000,51.000,88.000,52.000,90.000,47.000,16.000,33.000,79.000,100.000,96.000,98.000,75.000,48.000,66.000,93.000,45.000,88.000,1.000,13.000,18.000,17.000,41.000,58.000,95.000,8.000,80.000,47.000,34.000,1.000,44.000,73.000,89.000,71.000,77.000,82.000,3.000,76.000,69.000,34.000,96.000,68.000,91.000,84.000,48.000,68.000,94.000,53.000,34.000,29.000,50.000,28.000,52.000,2.000,81.000,74.000,32.000,29.000,47.000,94.000,43.000
74.000,13.000,63.000,37.000,18.000,16.000,98.000,80.000,81.000,76.000,47.000,77.000,47.000,24.000,81.000,61.000,58.000,76.000,49.000,22.000,97.000,36.000,60.000,45.000,66.000,27.000,36.000,13.000,48.000,67.000,90.000,32.000,60.000,1.000,35.000,72.000,46.000,3.000,49.000,88.000,71.000,76.000,93.000,78.000,72.000,7.000,6.000,94.000,97.000,6.000,61.000,3.000,51.000,66.000,20.000,99.000,2.000,75.000,36.000,92.000,89.000,12.000,27.000,5.000,93.000,25.000,74.000,81.000,48.000,4.000,10.000,14.000,45.000,50.000,11.000,32.000,64.000,4.000,49.000,99.000
16.000,45.000,41.000,78.000,85.000,28.000,91.000,25.000,43.000,88.000,23.000,68.000,98.000,70.000,95.000,92.000,88.000,8.000,64.000,59.000,96.000,90.000,21.000,94.000,19.000,82.000,93.000,94.000,1.000,89.000,91.000,66.000,40.000,65.000,68.000,92.000,26.000,63.000,62.000,45.000,17.000,19.000,55.000,47.000,21.000,87.000,95.000,97.000,20.000,69.000,25.000,21.000,50.000,34.000,15.000,59.000,14.000,4.000,6.000,93.000,23.000,2.000,26.000,82.000,63.000,80.000,45.000,53.000,98.000,66.000,57.000,45.000,34.000,2.000,1.000,67.000,32.000,43.000,64.000,25.000
51.000,27.000,53.000,66.000,54.000,58.000,2.000,97.000,60.000,49.000,90.000,28.000,30.000,68.000,8.000,44.000,85.000,65.000,78.000,66.000,5.000,31.000,76.000,6.000,49.000,86.000,75.000,12.000,2.000,8.000,27.000,98.000,69.000,81.000,77.000,41.000,82.000,32.000,74.000,53.000,11.000,11.000,85.000,9.000,94.000,2.000,24.000,42.000,10.000,43.000,14.000,45.000,64.000,93.000,35.000,87.000,12.000,94.000,17.000,83.000,21.000,68.000,47.000,30.000,63.000,10.000,46.000,38.000,97.000,6.000,95.000,68.000,60.000,89.000,44.000,100.000,19.000,37.000,12.713,26.000
47.000,58.000,97.000,38.000,38.000,22.000,65.000,77.000,24.000,75.000,34.000,89.000,30.000,3.000,27.000,21.000,2.000,29.000,99.000,76.000,47.000,49.000,23.000,35.000,91.000,47.000,88.000,90.000,85.000,91.000,7.000,56.000,9.000,45.000,90.000,25.000,19.000,19.000,61.000,8.000,72.000,100.000,71.000,44.000,52.000,7.000,82.000,69.000,6.000,6.000,39.000,51.000,11.000,82.000,63.000,81.000,43.000,13.000,62.000,34.000,100.000,28.000,97.000,4.000,68.000,79.000,55.000,81.000,57.000,39.000,85.000,67.000,51.000,69.000,37.000,3.000,21.000,68.000,94.000,3.000
38.000,39.000,28.000,36.000,27.000,28.000,56.000,60.000,85.000,44.000,64.000,41.000,95.000,16.000,24.000,3.000,19.000,80.000,76.000,88.000,25.000,13.000,75.000,56.000,49.000,74.000,15.000,98.000,8.000,20.000,97.000,37.000,95.000,75.000,75.000,10.000,17.000,69.000,79.000,68.000,19.000,72.000,79.000,40.000,55.000,87.000,15.000,27.000,26.000,15.000,78.000,90.000,37.000,75.000,83.000,66.000,70.000,75.000,39.000,20.000,82.000,89.000,25.000,68.000,76.000,2.000,85.000,74.000,58.000,31.000,56.000,46.000,71.000,53.000,72.000,31.000,87.000,37.000,72.000,69.000
24.000,66.000,96.000,98.000,15.000,83.000,12.000,100.000,62.000,12.000,13.000,26.000,34.000,76.000,100.000,89.000,85.000,80.000,10.000,23.000,9.000,92.000,73.000,92.000,65.000,27.000,66.000,6.000,47.000,72.000,81.000,7.000,53.000,86.000,80.000,43.000,58.000,7.000,70.000,3.000,81.000,35.000,56.000,61.000,99.000,18.000,93.000,27.000,32.000,27.000,79.000,20.000,35.000,59.000,51.000,100.000,61.000,21.000,52.000,76.000,83.000,8.000,72.000,1.000,69.000,40.000,11.000,30.000,2.000,24.000,62.000,43.000,54.000,47.000,46.000,71.000,64.000,14.000,46.000,55.000
67.000,83.000,84.000,57.000,28.000,8.000,15.000,64.000,19.000,13.000,34.000,74.000,8.000,78.000,62.000,8.000,38.000,27.000,24.000,26.000,77.000,57.000,62.000,74.000,14.000,33.000,7.000,100.000,85.000,13.000,93.000,79.000,42.000,72.000,28.000,57.000,69.000,91.000,86.000,24.000,77.000,20.000,54.000,93.000,44.000,73.000,40.000,57.000,44.000,77.000,88.000,99.000,18.000,62.000,47.000,11.000,6.000,72.000,82.000,82.000,41.000,89.000,50.000,40.000,26.000,72.000,37.000,61.000,86.000,41.000,29.000,51.000,10.000,51.000,56.000,78.000,31.000,42.000,20.000,19.000
5.000,65.000,7.000,86.000,57.000,85.000,32.000,68.000,82.000,34.000,49.000,54.000,4.000,37.000,13.000,62.000,43.000,79.000,53.000,69.000,92.000,9.000,46.000,49.000,90.000,89.000,95.000,46.000,83.000,6.000,12.000,93.000,55.000,36.000,74.000,83.000,81.000,76.000,46.000,40.000,3.000,81.000,69.000,97.000,3.000,88.000,67.000,76.000,55.000,68.000,48.000,18.000,96.000,96.000,90.000,87.000,90.000,91.000,47.000,7.000,47.000,36.000,46.000,52.000,58.000,70.000,72.000,36.000,29.000,31.000,83.000,84.000,77.000,46.000,10.000,49.000,89.000,16.000,99.000,78.000
56.000,99.000,89.000,96.000,63.000,88.000,61.000,99.000,100.000,20.000,77.000,49.000,82.000,16.000,80.000,56.000,100.000,26.000,14.000,79.000,80.000,84.000,5.000,75.000,100.000,58.000,16.000,55.000,63.000,63.000,77.000,89.000,93.000,13.000,93.000,85.000,89.000,27.000,63.000,92.000,14.000,97.000,47.000,5.000,53.000,41.000,43.000,40.000,98.000,75.000,68.000,75.000,31.000,82.000,32.000,94.000,35.000,14.000,45.000,7.000,92.000,37.000,87.000,2.000,28.000,80.000,17.000,89.000,60.000,28.000,49.000,17.000,75.000,12.000,74.000,10.000,80.000,73.000,21.000,17.000
27.000,4.000,79.000,69.000,57.000,93.000,67.000,97.000,16.000,55.000,94.000,22.000,91.000,3.000,42.000,68.000,32.000,57.000,70.000,78.000,1.000,26.000,93.000,78.000,40.000,87.000,20.000,34.000,100.000,52.000,64.000,30.000,27.000,53.000,57.000,8.000,7.000,79.000,70.000,14.000,42.000,13.000,40.000,70.000,9.000,45.000,74.000,21.000,64.000,52.000,78.000,59.000,4.000,84.000,25.000,40.000,100.000,50.000,41.000,10.000,30.000,27.000,2.000,69.000,20.000,8.000,60.000,17.000,21.000,58.000,40.000,26.000,32.000,84.000,30.000,88.000,97.000,24.000,44.000,29.000
57.000,12.000,73.000,42.000,57.000,69.000,76.000,66.000,78.000,93.000,72.000,38.000,12.000,51.000,70.000,73.000,1.000,59.000,21.000,79.000,23.000,42.000,89.000,98.000,81.000,64.000,50.000,58.000,84.000,70.000,56.000,61.000,55.000,52.000,89.000,8.000,73.000,83.000,8.000,93.000,71.000,59.000,8.000,70.000,45.000,56.000,80.000,19.000,43.000,15.000,4.000,90.000,69.000,32.000,21.000,92.000,51.000,56.000,99.000,95.000,61.000,91.000,10.000,98.000,12.000,14.000,11.000,50.000,88.000,57.000,52.000,19.000,84.000,1.000,94.000,17.000,29.000,76.000,71.000,97.000
66.000,77.000,6.000,56.000,89.000,39.000,12.000,80.000,74.000,52.000,20.000,79.000,61.000,72.000,11.000,90.000,59.000,11.000,47.000,69.000,95.000,53.000,33.000,31.000,26.000,43.000,89.000,3.000,51.000,40.000,26.000,49.000,71.000,63.000,34.000,99.000,14.000,97.000,13.000,100.000,69.000,87.000,83.000,-8.769,2.000,80.000,17.000,19.000,20.000,82.000,32.000,99.000,16.000,87.000,14.000,8.000,44.000,24.000,55.000,95.000,56.000,6.000,55.000,85.000,92.000,68.000,40.000,55.000,47.000,18.000,4.000,69.000,84.000,17.000,81.000,37.000,3.000,64.000,64.000,11.435
18.000,73.000,74.000,55.000,70.000,67.000,93.000,82.000,34.000,83.000,95.000,32.000,66.000,5.000,63.000,8.000,41.000,45.000,24.000,22.000,88.000,46.000,57.000,1.000,27.000,77.000,2.000,69.000,79.000,23.000,54.000,44.000,5.000,11.000,100.000,87.000,66.000,77.000,3.000,4.000,89.000,61.000,29.000,65.000,29.000,20.000,42.000,80.000,51.000,76.000,49.000,68.000,52.000,75.000,14.000,24.000,72.000,53.000,57.000,97.000,21.000,40.000,97.000,74.000,35.000,52.000,91.000,45.000,41.000,43.000,8.000,96.000,97.000,6.000,58.000,86.000,16.000,76.000,61.000,78.000
87.000,70.000,73.000,13.000,34.000,71.000,6.000,14.000,30.000,17.000,6.000,39.000,61.000,23.000,15.000,96.000,91.000,45.000,79.000,1.000,73.000,24.000,9.000,69.000,54.000,22.000,68.000,81.000,50.000,23.000,4.000,42.000,45.000,40.000,72.000,21.000,23.000,78.000,59.000,66.000,32.000,70.000,99.000,72.000,84.000,39.000,79.000,74.000,87.000,2.000,39.000,4.000,42.000,74.000,55.000,60.000,50.000,32.000,32.000,68.000,43.000,73.000,1.000,37.000,98.000,1.000,70.000,46.000,5.000,47.000,60.000,64.000,4.000,15.000,21.000,46.000,14.000,69.000,43.000,2.000
16.000,3.000,24.000,16.000,22.000,30.000,20.000,91.000,33.000,94.000,31.000,36.000,80.000,35.000,51.000,54.000,6.000,50.000,99.000,14.000,84.000,67.000,90.000,57.000,18.000,12.000,93.000,14.000,99.000,10.000,100.000,83.000,19.000,19.000,68.000,22.000,80.000,95.000,31.000,89.000,91.000,64.000,54.000,94.000,86.000,85.000,39.000,81.000,12.000,80.000,8.000,52.000,42.000,85.000,45.000,75.000,90.000,41.000,44.000,45.000,90.000,11.000,60.000,81.000,12.000,87.000,19.000,35.000,71.000,69.000,34.000,24.000,9.000,99.000,14.000,46.000,6.000,59.000,46.000,58.000
41.000,95.000,28.000,38.000,51.000,86.000,2.000,9.000,92.000,20.000,45.000,45.000,59.000,58.000,76.000,39.000,94.000,62.000,74.000,66.000,49.000,77.000,69.000,41.000,41.000,80.000,68.000,59.000,2.000,59.000,44.000,96.000,35.000,19.000,62.000,62.000,11.000,18.000,58.000,37.000,55.000,44.000,92.000,5.000,35.000,31.000,74.000,49.000,9.000,69.000,3.000,72.000,38.000,62.000,26.000,85.000,11.000,21.000,68.000,28.000,16.000,93.000,62.000,50.000,14.000,76.000,51.000,23.000,33.000,40.000,91.000,12.000,25.000,30.000,19.000,92.000,87.000,29.000,28.000,83.000
15.000,100.000,59.000,21.000,67.000,4.000,60.000,16.000,77.000,17.000,9.000,29.000,70.000,22.000,73.000,21.000,83.000,81.000,6.000,85.000,57.000,18.000,98.000,44.000,56.000,44.000,28.000,60.000,84.000,9.000,45.000,55.000,76.000,57.000,28.000,91.000,24.000,81.000,15.000,29.000,69.000,7.000,97.000,37.000,45.000,75.000,90.000,4.000,100.000,38.000,2.000,16.000,41.000,55.000,87.000,74.000,72.000,52.000,70.000,6.000,57.000,86.000,81.000,26.000,50.000,29.000,84.000,24.000,57.000,55.000,5.000,76.000,23.000,46.000,48.000,93.000,53.000,90.000,14.000,80.000
9.000,68.000,9.000,18.000,72.000,1.000,73.000,66.000,2.000,65.000,68.000,37.000,53.000,84.000,10.000,25.000,4.000,30.000,88.000,48.000,36.000,93.000,44.000,91.000,79.000,12.000,7.000,47.000,47.000,99.000,81.000,66.000,78.000,90.000,70.000,47.000,49.000,96.000,77.000,46.000,81.000,73.000,4.000,10.000,36.000,19.000,57.000,33.000,34.000,95.000,8.000,43.000,80.000,62.000,44.000,48.000,93.000,73.000,67.000,56.000,51.000,3.000,23.000,80.000,39.000,32.000,42.000,72.000,62.000,24.000,35.000,19.000,47.000,65.000,59.000,44.000,43.000,98.000,78.000,20.000
24.000,46.000,70.000,33.000,10.000,62.000,72.000,80.000,24.000,7.000,10.000,75.000,48.000,43.000,40.000,76.000,67.000,94.000,84.000,87.000,86.000,81.000,57.000,53.000,70.000,42.000,35.000,97.000,20.000,51.000,47.000,65.000,43.000,93.000,94.000,16.000,10.000,80.000,61.000,3.000,55.000,84.000,27.000,54.000,70.000,10.000,49.000,34.000,95.000,93.000,88.000,36.000,31.000,92.000,15.000,66.000,17.000,33.000,63.000,18.000,98.000,73.000,35.000,53.000,17.000,8.000,63.000,43.000,76.000,93.000,34.000,3.000,7.000,9.000,91.000,58.000,48.000,56.000,89.000,18.000
66.000,22.000,78.000,4.000,47.000,39.000,11.000,19.000,39.000,61.000,47.000,42.000,40.000,11.000,68.000,31.000,98.000,87.000,69.000,5.000,13.000,96.000,9.000,8.000,11.000,31.000,62.000,18.000,72.000,64.000,49.000,49.000,84.000,8.000,15.000,82.000,41.000,71.000,73.000,18.000,84.000,5.000,47.000,87.000,6.000,1.000,58.000,49.000,4.000,65.000,96.000,12.000,65.000,92.000,38.000,60.000,80.000,53.000,6.000,92.000,93.000,62.000,52.000,17.000,54.000,11.000,34.000,80.000,17.000,54.000,67.000,54.000,79.000,15.000,50.000,56.000,37.000,60.000,65.000,21.000
90.000,54.000,37.000,66.000,62.000,87.000,5.000,83.000,13.000,82.000,83.000,75.000,92.000,39.000,25.000,12.000,44.000,15.000,77.000,69.000,13.000,24.000,52.000,43.000,36.000,26.000,15.000,95.000,16.000,92.000,96.000,9.000,73.000,46.000,6.000,85.000,15.000,21.000,61.000,50.000,46.000,87.000,40.000,77.000,72.000,35.000,49.000,59.000,69.000,60.000,64.000,52.000,84.000,10.000,65.000,5.000,80.000,5.000,59.000,87.000,36.000,26.000,64.000,12.000,13.000,31.000,12.000,62.000,95.000,51.000,46.000,31.000,2.000,46.000,40.000,78.000,74.000,48.000,81.000,45.000
61.000,85.000,98.000,21.000,43.000,14.000,68.000,40.000,10.000,38.000,30.000,87.000,95.000,20.000,64.000,64.000,45.000,82.000,25.000,43.000,2.000,100.000,64.000,63.000,89.000,38.000,43.000,90.000,55.000,33.000,12.000,11.000,15.000,53.000,44.000,34.000,86.000,71.000,24.000,27.000,48.000,75.000,19.000,47.000,58.000,5.000,32.000,74.000,42.000,96.000,16.000,31.000,99.000,96.000,61.000,62.000,48.000,12.000,20.000,29.000,68.000,18.000,72.000,26.000,17.000,53.000,77.000,18.000,48.000,48.000,91.000,75.000,63.000,37.000,26.000,89.000,4.000,63.000,37.000,11.000
85.000,58.000,99.000,19.000,78.000,4.000,97.000,51.000,37.000,60.000,58.000,91.000,7.000,71.000,12.000,100.000,54.000,92.000,3.000,80.000,43.000,50.000,100.000,70.000,67.000,29.000,22.000,70.000,49.000,32.000,80.000,90.000,80.000,10.000,40.000,72.000,24.000,37.000,39.000,28.000,64.000,16.000,64.000,76.000,52.000,40.000,36.000,4.000,55.000,51.000,98.000,69.000,70.000,21.000,56.000,63.000,6.000,97.000,11.000,6.000,100.000,35.000,93.000,36.000,87.000,1.000,44.000,4.000,73.000,80.000,52.000,18.000,41.000,63.000,98.000,49.000,93.000,43.000,44.000,90.000
15.000,81.000,8.000,96.000,33.000,20.000,78.000,87.000,61.000,72.000,63.000,45.000,73.000,10.000,2.000,83.000,36.000,98.000,16.000,52.000,3.000,90.000,30.000,84.000,77.000,64.000,65.000,93.000,31.000,67.000,36.000,83.000,19.000,29.000,90.000,34.000,38.000,54.000,9.000,90.000,79.000,82.000,96.000,81.000,48.000,7.000,63.000,76.000,94.000,74.000,39.000,62.000,61.000,93.000,91.000,3.000,69.000,46.000,22.000,46.000,17.000,19.000,41.000,89.000,7.000,52.000,51.000,29.000,24.000,77.000,56.000,62.000,26.000,1.000,19.000,48.000,16.000,45.000,67.000,7.000
95.000,30.000,1.000,93.000,98.000,5.000,75.000,58.000,56.000,76.000,45.000,83.000,4.000,47.000,20.000,65.000,28.000,48.000,13.000,84.000,82.000,18.000,75.000,31.000,57.000,15.000,47.000,25.000,27.000,74.000,30.000,37.000,59.000,44.000,93.000,100.000,28.000,42.000,54.000,32.000,58.000,55.000,69.000,89.000,8.000,76.000,67.000,98.000,88.000,43.000,74.000,5.000,31.000,28.000,99.000,73.000,85.000,55.000,4.000,12.000,19.000,88.000,69.000,87.000,49.000,90.000,66.000,23.000,21.000,32.000,38.000,73.000,46.000,3.000,99.000,90.000,56.000,86.000,17.000,18.000
9.000,77.000,94.000,24.000,46.000,12.000,8.000,74.000,31.000,46.000,35.000,29.000,52.000,48.000,65.000,91.000,88.000,93.000,39.000,59.000,25.000,63.000,68.000,33.000,35.000,71.000,35.000,62.000,47.000,2.000,82.000,30.000,50.000,25.000,77.000,65.000,97.000,33.000,6.000,4.000,65.000,39.000,100.000,2.000,21.000,69.000,87.000,49.000,53.000,60.000,70.000,92.000,44.000,46.000,66.000,41.000,13.000,74.000,43.000,34.000,44.000,68.000,12.000,33.000,17.000,17.000,66.000,34.000,46.000,27.000,27.000,35.000,98.000,42.000,50.000,38.000,46.000,97.000,88.000,64.000
91.000,83.000,74.000,45.000,19.778,37.000,47.000,16.824,17.000,81.000,21.000,17.000,92.000,22.000,70.000,7.000,16.000,56.000,19.000,40.000,57.000,65.000,47.000,24.000,58.000,23.000,24.000,64.000,48.000,83.000,16.000,36.000,54.000,59.000,22.000,67.000,49.000,89.000,88.000,100.000,12.426,7.000,54.000,52.000,39.000,2.000,68.000,69.000,6.000,88.000,25.000,2.000,34.000,91.000,7.000,21.000,12.000,85.000,53.000,78.000,60.000,2.000,93.000,3.000,97.000,0.278,61.000,3.000,97.000,41.000,63.000,77.000,76.000,49.000,80.000,62.000,19.000,48.000,83.000,9.000
28.000,49.000,62.000,97.000,83.000,16.000,88.000,91.000,5.000,27.000,87.000,18.000,50.000,54.000,21.000,43.000,29.000,42.000,93.000,85.000,26.000,31.000,12.000,82.000,68.000,24.000,17.000,13.000,76.000,34.000,79.000,22.000,99.000,40.000,76.000,57.000,2.000,5.000,48.000,20.000,52.000,26.000,49.000,1.000,54.000,41.000,74.000,27.000,33.000,72.000,33.000,68.000,76.000,6.000,2.000,25.000,89.000,57.000,55.000,7.000,36.000,28.000,47.000,25.000,79.000,53.000,51.000,10.000,29.000,10.000,70.000,94.000,53.000,47.000,43.000,31.000,10.000,65.000,10.000,52.000
74.000,96.000,67.000,6.000,100.000,21.000,99.000,22.000,26.000,40.000,95.000,98.000,39.000,81.000,87.000,11.000,3.000,95.000,43.000,88.000,30.000,2.000,32.000,71.000,35.000,27.000,50.000,85.000,43.000,79.000,81.000,56.000,11.000,48.000,21.000,84.000,75.000,31.000,74.000,34.000,19.000,66.000,30.000,89.000,54.000,23.000,79.000,35.000,74.000,61.000,56.000,63.000,20.000,63.000,64.000,49.000,23.000,74.000,10.000,75.000,93.000,52.000,8.000,13.000,82.000,8.000,26.000,40.000,29.000,93.000,12.000,73.000,26.000,50.000,79.000,67.000,44.000,56.000,58.000,97.000
99.000,2.000,22.000,4.000,75.000,68.000,89.000,52.000,3.000,5.000,74.000,83.000,41.000,83.000,50.000,46.000,16.000,89.000,27.000,99.000,55.000,7.000,3.000,26.000,96.000,62.000,97.000,42.000,53.000,13.000,28.000,66.000,73.000,93.000,46.000,57.000,71.000,34.000,83.000,82.000,71.000,54.000,25.000,10.000,71.000,71.000,12.000,34.000,27.000,82.000,23.000,77.000,81.000,54.000,22.000,21.000,88.000,11.231,59.000,14.000,28.000,16.000,22.000,82.000,85.000,46.000,96.000,28.000,4.000,97.000,52.000,81.000,4.000,91.000,27.000,70.000,68.000,17.000,49.000,55.000
55.000,43.000,99.000,62.000,12.000,92.000,36.000,89.000,71.000,37.000,100.000,78.000,6.000,57.000,98.000,32.000,54.000,74.000,42.000,100.000,14.000,14.000,17.000,83.000,35.000,51.000,91.000,57.000,99.000,53.000,40.000,25.000,94.000,16.000,91.000,60.000,67.000,100.000,12.000,82.000,77.000,94.000,88.000,51.000,29.000,15.000,59.000,66.000,90.000,58.000,32.000,7.000,61.000,42.000,99.000,14.000,36.000,82.000,82.000,41.000,82.000,31.000,45.000,77.000,64.000,17.000,87.000,91.000,94.000,20.000,23.000,35.000,76.000,75.000,98.000,17.000,97.000,13.000,10.000,43.000
21.000,32.000,45.000,55.000,86.000,51.000,58.000,22.000,46.000,72.000,19.000,41.000,74.000,40.000,75.000,90.000,20.000,30.000,62.000,2.000,94.000,5.000,54.000,2.000,62.000,55.000,95.000,42.000,93.000,3.000,66.000,68.000,43.000,45.000,98.000,37.000,47.000,60.000,77.000,68.000,44.000,70.000,69.000,43.000,89.000,67.000,4.000,7.000,90.000,77.000,65.000,20.000,90.000,36.000,90.000,43.000,14.000,42.000,3.000,1.000,25.000,34.000,41.000,56.000,31.000,59.000,16.000,25.000,39.000,74.000,39.000,96.000,32.000,90.000,16.000,94.000,73.000,16.000,72.000,34.000
7.000,46.000,61.000,59.000,31.000,13.000,88.000,54.000,65.000,21.000,10.000,56.000,82.000,56.000,40.000,87.000,86.000,49.000,100.000,70.000,41.000,5.000,94.000,4.000,56.000,36.000,8.000,61.000,93.000,59.000,61.000,25.000,53.000,47.000,10.000,93.000,28.000,62.000,84.000,33.000,92.000,90.000,44.000,85.000,68.000,68.000,7.000,77.000,41.000,2.000,9.000,19.000,73.000,76.000,81.000,34.000,72.000,34.000,23.000,41.000,74.000,58.000,45.000,2.000,5.000,38.000,34.000,8.000,17.000,9.000,96.000,8.000,18.000,90.000,17.000,53.000,10.000,73.000,78.000,58.000
93.000,90.000,8.000,85.000,6.000,18.000,13.000,53.000,75.000,14.000,43.000,15.000,18.000,91.000,36.000,19.000,18.000,15.000,12.000,75.000,41.000,9.000,40.000,85.000,2.000,90.000,96.000,82.000,39.000,61.000,39.000,81.000,91.000,32.000,94.000,44.000,95.000,23.000,53.000,18.000,44.000,85.000,90.000,72.000,42.000,77.000,45.000,53.000,71.000,63.000,49.000,40.000,29.000,66.000,40.000,37.000,6.000,12.000,29.000,89.000,56.000,42.000,60.000,53.000,8.000,98.000,53.000,53.000,25.000,57.000,37.000,16.000,5.000,96.000,84.000,74.000,60.000,61.000,47.000,21.000
32.000,87.000,40.000,43.000,30.000,39.000,31.000,70.000,93.000,54.000,13.000,94.000,33.000,7.000,93.000,100.000,48.000,74.000,81.000,98.000,88.000,1.000,41.000,44.000,43.000,35.000,22.000,39.000,12.000,54.000,18.000,59.000,18.000,13.000,50.000,66.000,53.000,19.000,71.000,72.000,94.000,86.000,44.000,88.000,26.000,15.000,2.000,93.000,75.000,49.000,29.000,5.000,72.000,42.000,94.000,65.000,96.000,15.000,37.000,44.000,12.000,71.000,61.000,37.000,41.000,42.000,70.000,35.000,62.000,26.000,40.000,55.000,11.000,19.000,68.000,51.000,47.000,58.000,81.000,5.000
26.000,88.000,49.000,26.000,83.000,98.000,32.000,30.000,52.000,16.000,71.000,24.000,87.000,3.000,72.000,2.000,48.000,71.000,90.000,15.000,96.000,17.000,69.000,1.000,45.000,68.000,40.000,48.000,15.000,82.000,98.000,67.000,75.000,72.000,29.000,94.000,22.000,47.000,71.000,86.000,81.000,58.000,77.000,37.000,28.000,69.000,84.000,18.000,14.000,45.000,82.000,98.000,18.000,37.000,14.000,46.000,18.000,36.000,90.000,7.000,14.000,18.000,53.000,75.000,99.000,87.000,20.000,74.000,1.000,23.000,25.000,42.000,84.000,63.000,33.000,81.000,76.000,30.000,91.000,71.000
54.000,62.000,84.000,28.000,54.000,61.000,69.000,86.000,63.000,98.000,83.000,57.000,72.000,32.000,4.000,42.000,12.000,50.000,47.000,64.000,62.000,88.000,4.000,65.000,86.000,65.000,97.000,11.000,32.000,88.000,96.000,93.000,89.000,81.000,56.000,10.000,85.000,6.000,89.000,15.000,23.000,33.000,6.000,75.000,86.000,8.000,53.000,58.000,55.000,62.000,21.000,14.000,58.000,81.000,32.000,77.000,82.000,31.000,50.000,17.000,69.000,95.000,14.000,42.000,38.000,29.000,84.000,51.000,30.000,43.000,40.000,98.000,51.000,50.000,75.000,91.000,88.000,41.000,84.000,81.000
7.000,80.000,3.000,83.000,23.000,10.000,78.000,92.000,79.000,18.000,67.000,90.000,88.000,82.000,15.000,19.000,62.000,50.000,39.000,57.000,19.000,7.000,97.000,78.000,37.000,30.000,77.000,50.000,95.000,92.000,91.000,51.000,25.000,83.000,91.000,30.000,56.000,52.000,46.000,13.000,59.000,7.000,30.000,25.000,34.000,21.000,75.000,22.000,65.000,69.000,25.000,3.000,42.000,23.000,52.000,80.000,35.000,39.000,4.000,40.000,97.000,27.000,11.000,79.000,98.000,34.000,25.000,78.000,97.000,21.000,81.000,70.000,44.000,22.000,44.000,66.000,45.000,78.000,20.000,75.000
52.000,26.000,60.000,79.000,42.000,47.000,21.000,50.000,22.000,70.000,26.000,46.000,12.000,78.000,4.000,77.000,54.000,8.000,68.000,74.000,11.000,72.000,17.000,96.000,40.000,54.000,27.000,42.000,99.000,18.000,85.000,56.000,74.000,73.000,94.000,11.000,71.000,39.000,56.000,45.000,7.000,100.000,41.000,72.000,9.000,38.000,66.000,55.000,24.000,39.000,68.000,13.000,19.000,73.000,29.000,26.000,83.000,4.000,34.000,61.000,60.000,6.000,11.000,72.000,35.000,30.000,76.000,9.000,49.000,50.000,7.000,92.000,62.000,79.000,17.000,52.000,34.000,87.000,99.000,63.000
97.000,92.000,95.000,67.000,88.000,36.000,68.000,4.000,97.000,30.000,25.000,85.000,73.000,9.000,34.000,62.000,71.000,9.000,57.000,6.000,25.000,90.000,19.000,2.000,94.000,24.000,71.000,22.000,3.000,13.000,54.000,73.000,51.000,14.000,10.000,10.000,40.000,73.000,18.000,52.000,94.000,30.000,45.000,89.000,48.000,92.000,95.000,26.000,75.000,45.000,82.000,82.000,35.000,74.000,94.000,38.000,81.000,21.000,100.000,96.000,91.000,77.000,13.000,95.000,35.000,39.000,27.000,25.000,73.000,86.000,71.000,46.000,53.000,79.000,23.000,52.000,69.000,36.000,64.000,4.000
64.000,23.000,15.000,18.000,58.000,58.000,68.000,85.000,70.000,92.000,26.000,46.000,10.000,7.000,87.000,32.000,97.000,32.000,37.000,53.000,27.000,66.000,70.000,94.000,68.000,16.000,90.000,89.000,39.000,33.000,97.000,87.000,31.000,78.000,32.000,89.000,16.000,27.000,41.000,66.000,32.000,11.000,56.000,58.000,8.000,58.000,89.000,89.000,76.000,13.000,60.000,25.000,33.000,19.000,42.000,10.000,59.000,15.000,90.000,34.000,97.000,47.000,84.000,17.000,43.000,75.000,54.000,65.000,65.000,59.000,33.000,15.000,51.000,44.000,68.000,22.000,43.000,43.000,20.000,68.000
100.000,2.000,33.000,44.000,32.000,32.000,50.000,86.000,83.000,34.000,4.000,95.000,23.000,82.000,87.000,18.000,11.000,22.000,44.000,37.000,79.000,76.000,39.000,83.000,19.000,70.000,86.000,14.000,100.000,4.000,42.000,58.000,28.000,33.000,34.000,93.000,32.000,65.000,60.000,50.000,70.000,4.000,23.000,37.000,100.000,21.000,16.000,84.000,94.000,49.000,42.000,73.000,12.000,75.000,49.000,64.000,24.000,53.000,80.000,34.000,56.000,22.000,92.000,86.000,59.000,16.000,10.000,76.000,95.000,46.000,75.000,85.000,30.000,42.000,96.000,52.000,85.000,72.000,83.000,78.000
46.000,63.000,38.000,66.000,57.000,59.000,11.000,39.000,38.000,98.000,72.000,52.000,39.000,31.000,88.000,69.000,56.000,1.000,55.000,37.000,47.000,19.000,87.000,8.000,7.000,20.000,41.000,40.000,84.000,92.000,30.000,80.000,44.000,92.000,87.000,98.000,7.000,15.000,78.000,24.000,2.000,34.000,19.000,35.000,78.000,62.000,9.000,86.000,7.000,47.000,87.000,58.000,21.000,29.000,53.000,80.000,82.000,45.000,40.000,20.000,22.000,6.000,54.000,5.000,99.000,31.000,84.000,10.000,36.000,24.000,69.000,91.000,93.000,60.000,10.000,12.000,37.000,35.000,71.000,24.000
58.000,63.000,24.000,20.000,10.000,89.000,85.000,35.000,75.000,63.000,90.000,92.000,54.000,79.000,30.000,65.000,55.000,3.000,46.000,46.000,58.000,29.000,81.000,16.000,21.000,6.000,94.000,83.000,26.000,63.000,39.000,35.000,51.000,48.000,51.000,14.000,2.000,37.000,92.000,9.000,29.000,96.000,54.000,51.000,19.000,78.000,96.000,58.000,84.000,88.000,10.000,88.000,52.000,34.000,46.000,78.000,61.000,72.000,4.000,49.000,32.000,78.000,95.000,10.000,90.000,83.000,12.000,53.000,67.000,34.000,86.000,27.000,95.000,54.000,21.000,17.000,37.000,86.000,74.000,59.000
72.000,25.000,13.000,85.000,2.000,6.000,10.000,97.000,61.000,68.000,11.000,67.000,14.000,22.000,5.000,59.000,11.000,49.000,19.000,12.250,50.000,9.000,66.000,33.000,78.000,39.000,23.000,47.000,50.000,19.000,79.000,65.000,12.000,34.000,99.000,1.000,72.000,44.000,74.000,71.000,32.000,58.000,87.000,39.000,36.000,15.000,44.000,3.000,55.000,49.000,45.000,33.000,45.000,77.000,47.000,16.000,70.000,58.000,91.000,24.000,59.000,97.000,67.000,2.000,44.000,92.000,48.000,54.000,19.000,60.000,90.000,83.000,78.000,17.000,34.000,4.000,23.000,60.000,19.000,81.000
10.000,77.000,29.000,21.000,82.000,6.000,78.000,78.000,36.000,46.000,71.000,69.000,92.000,56.000,51.000,32.000,71.000,93.000,67.000,42.000,72.000,34.000,53.000,78.000,69.000,48.000,64.000,50.000,66.000,15.000,46.000,13.000,76.000,80.000,23.000,2.000,78.000,49.000,24.000,90.000,13.000,30.000,62.000,76.000,65.000,39.000,26.000,78.000,21.000,71.000,59.000,74.000,64.000,28.000,89.000,63.000,10.000,78.000,75.000,27.000,67.000,30.000,19.000,28.000,17.000,66.000,39.000,48.000,60.000,85.000,100.000,77.000,50.000,90.000,37.000,39.000,93.000,14.000,21.000,87.000
37.000,22.000,87.000,16.000,98.000,40.000,82.000,29.000,68.000,69.000,52.000,66.000,14.000,74.000,99.000,71.000,6.000,32.000,51.000,82.000,94.000,44.000,30.000,39.000,44.000,65.000,67.000,36.000,75.000,18.000,35.000,46.000,42.000,77.000,89.000,64.000,33.000,16.000,62.000,79.000,54.000,43.000,85.000,79.000,59.000,75.000,91.000,48.000,33.000,95.000,24.000,46.000,1.000,37.000,58.000,45.000,2.000,16.000,12.000,30.000,98.000,61.000,86.000,7.000,24.000,7.000,99.000,94.000,38.000,43.000,52.000,84.000,86.000,34.000,48.000,16.000,62.000,53.000,92.000,72.000
5.000,67.000,65.000,82.000,56.000,55.000,11.000,50.000,17.000,87.000,18.000,60.000,34.000,23.000,38.000,63.000,44.000,86.000,59.000,33.000,1.000,55.000,21.139,71.000,68.000,83.000,1.000,15.000,96.000,48.000,49.000,19.000,2.000,24.000,64.000,73.000,70.000,73.000,83.000,18.000,2.000,55.000,14.000,10.000,73.000,68.000,79.000,76.000,73.000,47.000,50.000,50.000,52.000,42.000,95.000,47.000,39.000,96.000,10.000,49.000,51.000,63.000,36.000,62.000,88.000,24.000,33.000,60.000,95.000,2.000,37.000,2.000,82.000,-7.148,19.000,38.000,48.000,30.000,99.000,56.000
4.000,51.000,44.000,42.000,4.000,82.000,60.000,19.000,76.000,11.000,34.000,10.000,41.000,44.000,27.000,68.000,89.000,42.000,8.000,31.000,13.000,69.000,43.000,36.000,58.000,17.000,2.000,17.000,77.000,25.000,15.000,35.000,7.000,91.000,19.000,20.000,68.000,47.000,88.000,32.000,51.000,18.000,29.000,40.000,20.000,33.000,91.000,83.000,16.000,77.000,66.000,65.000,53.000,31.000,69.000,76.000,2.000,63.000,93.000,14.000,8.000,42.000,59.000,26.000,69.000,13.000,5.000,73.000,41.000,91.000,27.000,16.000,3.000,54.000,44.000,96.000,68.000,76.000,51.000,34.000
19.407,30.000,99.000,60.000,11.000,57.000,44.000,46.000,56.000,53.000,73.000,81.000,12.000,95.000,47.000,25.000,53.000,53.000,74.000,97.000,61.000,100.000,67.000,5.000,13.000,7.000,35.000,25.000,95.000,59.000,49.000,21.000,9.000,15.000,100.000,14.000,93.000,57.000,78.000,59.000,94.000,74.000,88.000,10.000,62.000,88.000,31.000,88.000,94.000,-7.796,9.000,13.000,45.000,49.000,78.000,21.000,5.000,16.000,87.000,82.000,100.000,55.000,88.000,88.000,20.000,14.000,15.000,65.000,5.000,27.000,17.000,86.000,84.000,68.000,8.000,86.000,22.000,31.000,45.000,29.000
34.000,84.000,50.000,14.000,70.000,50.000,51.000,69.000,80.000,6.000,20.000,14.000,4.000,94.000,43.000,75.000,47.000,50.000,63.000,90.000,41.000,4.000,96.000,68.000,3.000,95.000,43.000,6.000,32.000,86.000,36.000,66.000,12.000,57.000,13.000,23.000,4.000,87.000,9.000,8.000,14.000,64.000,4.000,78.000,28.000,94.000,86.000,76.000,88.000,100.000,29.000,7.000,29.000,62.000,40.000,26.000,62.000,67.000,15.000,83.000,24.000,62.000,38.000,97.000,10.000,59.000,36.000,14.000,70.000,20.000,37.000,56.000,60.000,55.000,40.000,87.000,48.000,74.000,43.000,48.000
53.000,8.000,34.000,70.000,46.000,9.000,31.000,10.000,96.000,31.000,33.000,24.000,10.000,24.000,51.000,14.000,71.000,63.000,45.000,82.000,46.000,36.000,36.000,92.000,53.000,2.000,50.000,25.000,75.000,91.000,53.000,9.000,21.000,92.000,23.000,93.000,82.000,87.000,68.000,98.000,34.000,74.000,18.000,24.000,48.000,33.000,4.000,17.000,78.000,88.000,79.000,40.000,18.000,97.000,46.000,30.000,27.000,53.000,69.000,13.000,100.000,68.000,20.000,67.000,60.000,34.000,2.000,67.000,13.000,58.000,32.000,60.000,12.000,9.000,33.000,12.000,41.000,69.000,43.000,52.000
88.000,81.000,15.000,66.000,92.000,81.000,29.000,77.000,71.000,23.000,46.000,74.000,40.000,73.000,98.000,96.000,26.000,38.000,27.000,87.000,24.000,41.000,61.000,59.000,21.000,67.000,50.000,97.000,72.000,63.000,13.000,85.000,35.000,28.000,29.000,67.000,98.000,42.000,18.000,54.000,10.000,98.000,34.000,68.000,1.000,45.000,45.000,78.000,11.000,27.000,17.000,21.000,66.000,73.000,9.000,39.000,96.000,66.000,93.000,10.000,67.000,41.000,100.000,38.000,10.000,97.000,97.000,100.000,65.000,42.000,38.000,53.000,97.000,1.000,99.000,74.000,37.000,25.000,52.000,83.000
70.000,85.000,12.000,98.000,32.000,43.000,99.000,6.000,87.000,27.000,64.000,82.000,85.000,30.000,10.000,31.000,76.000,83.000,71.000,73.000,2.000,49.000,39.000,84.000,77.000,7.000,60.000,73.000,27.000,1.000,28.000,77.000,31.000,67.000,23.000,20.000,62.000,80.000,14.000,18.000,39.000,24.000,66.000,35.000,83.000,84.000,70.000,96.000,17.000,40.000,21.000,51.000,27.000,44.000,6.000,81.000,87.000,43.000,16.000,10.000,26.000,43.000,48.000,23.000,49.000,97.000,74.000,29.000,74.000,43.000,80.000,73.000,2.000,18.000,33.000,35.000,17.000,62.000,12.000,19.000
6.000,16.000,22.000,94.000,28.000,82.000,1.000,28.000,29.000,27.000,40.000,49.000,6.000,93.000,50.000,16.037,60.000,91.000,45.000,35.000,35.000,1.000,88.000,59.000,11.000,10.000,46.000,11.000,49.000,22.000,8.000,94.000,83.000,17.000,47.000,62.000,44.000,74.000,31.000,11.000,43.000,19.000,39.000,27.000,7.000,7.000,89.000,44.000,56.000,4.000,89.000,23.000,66.000,6.000,7.000,94.000,39.000,98.000,17.000,44.000,51.000,1.000,74.000,7.000,5.000,84.000,41.000,48.000,78.000,76.000,22.000,4.000,38.000,34.000,92.000,45.000,94.000,82.000,54.000,90.000
84.000,91.000,98.000,29.000,24.000,42.000,34.000,69.000,55.000,67.000,2.000,54.000,1.000,5.000,5.000,24.000,5.000,80.000,14.000,100.000,68.000,45.000,62.000,85.000,78.000,77.000,96.000,67.000,10.000,34.000,70.000,3.000,86.000,32.000,73.000,86.000,14.000,62.000,3.000,54.000,76.000,8.000,91.000,58.000,76.000,27.000,69.000,80.000,59.000,68.000,85.000,41.000,15.000,94.000,89.000,53.000,89.000,35.000,12.000,52.000,13.000,43.000,5.000,83.000,67.000,7.000,49.000,1.000,50.000,3.000,45.000,54.000,54.000,89.000,36.000,78.000,40.000,95.000,56.000,24.000
1.000,19.000,91.000,32.000,84.000,67.000,43.000,90.000,22.000,38.000,48.000,19.000,37.000,24.000,31.000,61.000,37.000,16.000,31.000,13.000,82.000,62.000,53.000,100.000,58.000,75.000,97.000,86.000,45.000,42.000,73.000,44.000,21.000,45.000,52.000,60.000,60.000,59.000,89.000,65.000,27.000,37.000,8.000,32.000,9.000,74.000,46.000,62.000,50.000,11.000,60.000,70.000,91.000,63.000,81.000,38.000,90.000,64.000,58.000,67.000,71.000,87.000,78.000,71.000,82.000,75.000,11.000,56.000,50.000,35.000,9.000,38.000,77.000,95.000,78.000,8.000,18.000,36.000,21.000,96.000
60.000,27.000,35.000,69.000,4.000,47.000,35.000,6.000,37.000,2.000,88.000,74.000,31.000,18.000,63.000,90.000,85.000,52.000,36.000,8.000,6.000,89.000,53.000,95.000,88.000,75.000,83.000,11.000,68.000,42.000,80.000,75.000,20.000,11.000,41.000,37.000,74.000,41.000,18.000,13.000,47.000,13.000,68.000,54.000,92.000,35.000,92.000,1.000,47.000,21.000,58.000,54.000,98.000,14.000,67.000,56.000,62.000,72.000,92.000,78.000,82.000,38.000,10.000,65.000,54.000,84.000,2.000,15.000,89.000,5.000,35.000,82.000,26.000,93.000,77.000,6.000,28.000,100.000,29.000,2.000
69.000,80.000,35.000,85.000,69.000,12.000,66.000,6.000,91.000,64.000,71.000,97.000,7.000,1.000,89.000,80.000,46.000,48.000,83.000,95.000,17.000,37.000,94.000,75.000,76.000,21.000,48.000,32.000,21.000,10.000,21.000,39.000,48.000,2.000,7.000,66.000,2.000,5.000,69.000,71.000,72.000,28.000,78.000,39.000,49.000,72.000,41.000,93.000,62.000,37.000,23.000,13.000,42.000,1.000,54.000,29.000,76.000,6.000,28.000,54.000,10.000,46.000,48.000,55.000,38.000,84.000,35.000,78.000,93.000,71.000,24.000,34.000,98.000,77.000,85.000,15.000,19.000,17.000,38.935,30.000
95.000,31.000,63.000,37.000,85.000,8.000,19.000,6.000,85.000,41.000,89.000,26.000,37.000,6.000,14.000,94.000,67.000,85.000,85.000,57.000,79.000,67.000,6.000,46.000,8.000,27.000,70.000,55.000,51.000,34.000,91.000,90.000,31.000,56.000,94.000,71.000,16.000,27.000,18.000,49.000,77.000,49.000,76.000,8.000,99.000,26.000,86.000,54.000,54.000,55.000,70.000,41.000,87.000,63.000,96.000,77.000,21.000,64.000,53.000,87.000,91.000,51.000,49.000,85.000,36.000,84.000,9.000,64.000,42.000,71.000,24.000,34.000,56.000,5.000,97.000,8.000,58.000,7.000,82.000,2.000
80.000,83.000,52.000,23.000,45.000,49.000,97.000,78.000,43.000,49.000,45.000,59.000,17.000,36.000,90.000,55.000,64.000,55.000,82.000,25.000,45.000,2.000,98.000,55.000,71.000,35.000,39.000,37.000,63.000,80.000,2.000,37.000,17.000,97.000,56.000,3.000,76.000,75.000,56.000,1.000,30.000,52.000,29.000,60.000,30.000,28.000,81.000,46.000,82.000,57.000,81.000,17.000,87.000,10.000,54.000,79.000,19.000,39.000,5.000,53.000,33.000,7.000,18.000,75.000,98.000,58.000,72.000,43.000,35.000,48.000,58.000,56.000,36.000,77.000,26.000,40.000,20.000,66.000,56.000,30.000
32.000,2.000,15.000,53.000,89.000,85.000,17.000,78.000,50.000,45.000,56.000,91.000,14.000,15.000,26.000,62.000,96.000,36.000,88.000,4.000,97.000,4.000,47.000,63.000,48.000,12.000,38.000,75.000,85.000,3.000,33.000,2.000,2.000,16.000,63.000,81.000,7.000,44.000,94.000,25.000,82.000,53.000,20.000,41.000,22.000,1.000,25.000,29.000,76.000,100.000,64.000,78.000,81.000,27.000,21.000,85.000,87.000,17.000,77.000,18.000,33.000,79.000,67.000,81.000,68.000,1.000,36.000,7.000,4.000,67.000,41.000,71.000,62.000,22.000,56.000,90.000,42.000,26.000,93.000,27.000
19.000,61.000,72.000,23.000,41.000,67.000,63.000,43.000,82.000,11.000,10.000,86.000,81.000,38.000,40.000,21.000,57.000,44.000,42.000,81.000,36.000,39.000,28.000,42.000,6.000,36.000,60.000,3.000,69.000,12.000,69.000,67.000,52.000,90.000,33.000,68.000,96.000,80.000,55.000,27.000,71.000,79.000,36.000,28.000,3.000,2.000,62.000,51.000,27.000,19.000,97.000,69.000,5.000,79.000,97.000,70.000,20.000,71.000,4.000,33.000,64.000,51.000,59.000,38.000,57.000,92.000,71.000,83.000,53.000,62.000,17.000,9.000,22.000,29.000,57.000,68.000,89.000,79.000,36.000,14.000
69.000,22.000,77.000,5.000,72.000,34.000,98.000,3.000,86.000,5.000,71.000,74.000,32.000,50.000,10.000,8.000,47.000,54.000,20.000,35.000,75.000,15.000,88.000,89.000,71.000,45.000,64.000,6.000,10.000,17.000,95.000,17.000,62.000,8.000,99.000,91.000,25.000,4.000,69.000,38.000,78.000,41.000,10.000,24.000,11.000,21.000,51.000,83.000,25.000,73.000,44.000,28.000,71.000,18.000,17.000,57.000,100.000,9.000,39.000,59.000,2.000,36.000,18.000,33.000,56.000,54.000,4.000,15.000,1.000,50.000,91.000,64.000,95.000,39.000,20.000,95.000,10.000,11.000,60.000,85.000
27.000,85.000,9.000,68.000,29.000,42.000,14.000,56.000,96.000,90.000,54.000,9.000,40.000,60.000,80.000,69.000,79.000,64.000,57.000,57.000,69.000,13.000,11.000,26.000,20.000,45.000,66.000,96.000,15.000,49.000,31.000,36.000,20.000,32.000,93.000,100.000,79.000,6.000,22.000,21.000,62.000,23.000,73.000,69.000,99.000,65.000,16.000,89.000,81.000,25.000,88.000,8.000,31.000,87.000,4.000,84.000,77.000,74.000,9.000,20.000,52.000,11.000,91.000,75.000,43.000,5.000,48.000,92.000,91.000,91.000,65.000,39.000,63.000,65.000,91.000,83.000,10.000,6.000,6.000,72.000
45.000,77.000,8.000,47.000,48.000,57.000,10.000,47.000,8.000,69.000,62.000,9.000,75.000,59.000,93.000,62.000,81.000,16.000,70.000,78.000,83.000,56.000,66.000,6.000,98.000,99.000,83.000,58.000,82.000,48.000,9.000,90.000,4.000,37.000,56.000,43.000,41.000,61.000,61.000,68.000,11.000,72.000,88.000,33.000,39.000,85.000,77.000,53.000,6.000,65.000,29.000,52.000,31.000,48.000,10.000,50.000,9.000,8.000,2.000,64.000,62.000,48.000,56.000,19.000,73.000,50.000,31.000,26.000,3.000,61.000,25.000,93.000,19.000,28.000,3.000,99.000,45.000,53.000,46.000,65.000
46.000,12.000,35.000,96.000,64.000,32.000,44.000,37.000,5.000,64.000,19.000,15.000,100.000,4.000,24.000,42.000,5.000,56.000,14.000,50.000,73.000,42.000,35.000,24.000,21.000,89.000,47.000,53.000,85.000,60.000,29.000,88.000,62.000,54.000,43.000,83.000,33.000,95.000,1.000,58.000,51.000,51.000,1.000,12.000,36.000,4.000,69.000,38.000,30.000,15.000,30.000,25.000,50.000,15.000,44.000,88.000,8.000,25.000,25.000,36.000,47.000,1.000,28.000,56.000,73.000,19.000,15.000,80.000,19.000,56.000,61.000,13.000,60.000,33.000,25.000,94.000,70.000,52.000,70.000,77.000
31.000,8.000,95.000,16.000,100.000,88.000,18.000,46.000,98.000,96.000,56.000,78.000,61.000,99.000,36.000,42.000,83.000,60.000,65.000,41.000,10.000,11.000,61.000,84.000,60.000,32.000,63.000,56.000,87.000,66.000,75.000,19.000,78.000,68.000,47.000,88.000,87.000,44.000,23.000,69.000,10.000,4.000,78.000,10.000,75.000,49.000,2.000,90.000,57.000,17.000,4.000,68.000,76.000,32.000,92.000,80.000,1.000,28.000,91.000,20.000,74.000,5.000,35.000,72.000,1.000,14.000,72.000,78.000,42.000,83.000,12.000,17.000,98.000,73.000,74.000,75.000,65.000,53.000,92.000,56.000
65.000,18.000,28.000,64.000,98.000,82.000,26.000,71.000,16.000,24.000,99.000,92.000,5.000,65.000,37.000,50.000,41.000,32.000,68.000,36.000,35.000,41.000,9.000,12.000,33.000,85.000,97.000,78.000,8.000,13.000,19.000,66.000,3.000,31.000,22.000,25.000,91.000,14.000,26.000,68.000,95.000,72.000,60.000,28.000,95.000,29.000,66.000,18.000,93.000,62.000,23.000,42.000,72.000,63.000,12.000,83.000,92.000,32.000,32.000,43.000,41.000,77.000,82.000,72.000,30.000,26.000,22.000,83.000,21.000,6.000,74.000,60.000,46.000,66.000,86.000,1.000,58.000,36.000,97.000,56.000
18.000,58.000,85.000,44.000,64.000,33.000,68.000,66.000,91.000,17.000,1.000,91.000,63.000,74.000,93.000,67.000,49.000,63.000,78.000,62.000,58.000,33.000,25.000,92.000,38.000,30.000,47.000,20.000,86.000,11.000,52.000,80.000,97.000,28.000,66.000,98.000,82.000,26.000,31.000,65.000,96.000,46.000,89.000,19.000,47.000,52.000,3.000,9.000,35.000,79.000,46.000,79.000,35.000,18.000,20.000,11.000,13.000,88.000,75.000,60.000,52.000,86.000,42.000,75.000,22.000,52.000,84.000,80.000,7.000,21.000,51.000,68.000,92.000,18.000,18.000,26.000,36.000,94.000,22.000,20.000
98.000,44.000,73.000,93.000,44.000,84.000,22.000,82.000,9.000,98.000,17.000,8.000,39.000,26.000,51.000,3.000,97.000,49.000,16.000,33.000,44.000,93.000,89.000,55.000,80.000,17.000,97.000,23.000,30.000,89.000,4.000,23.000,27.000,63.000,81.000,76.000,23.000,4.000,33.000,73.000,31.000,72.000,92.000,96.000,79.000,61.000,94.000,40.000,25.000,2.000,89.000,80.000,62.000,2.000,30.000,14.000,57.000,7.000,71.000,20.000,92.000,34.000,43.000,75.000,29.000,23.000,1.000,25.000,67.000,21.000,19.000,7.000,42.000,47.000,61.000,56.000,77.000,43.000,81.000,87.000
57.000,20.000,59.000,72.000,63.000,16.000,75.000,84.000,25.000,25.000,57.000,87.000,68.000,31.000,71.000,60.000,78.000,61.000,36.000,77.000,54.000,37.000,58.000,69.000,51.000,88.000,14.000,40.000,76.000,22.000,2.000,10.000,26.000,34.000,28.000,68.000,53.000,84.000,18.000,92.000,39.000,83.000,2.000,16.000,23.000,31.000,68.000,12.000,86.000,34.000,30.000,40.000,7.000,47.000,58.000,39.000,91.000,76.000,18.000,46.000,38.000,2.000,31.000,77.000,48.000,82.000,77.000,76.000,7.000,18.000,12.000,50.000,79.000,39.000,36.000,51.000,85.000,5.000,43.000,85.000
93.000,43.000,38.000,29.000,39.000,72.000,75.000,69.000,58.000,77.000,66.000,27.000,21.000,90.000,48.000,76.000,57.000,95.000,49.000,85.000,43.000,90.000,51.000,12.000,55.000,38.000,2.000,47.000,95.000,42.000,6.000,72.000,5.000,90.000,15.000,92.000,80.000,98.000,92.000,61.000,49.000,65.000,22.000,68.000,78.000,14.000,18.000,59.000,21.000,77.000,80.000,78.000,66.000,20.000,85.000,28.000,70.000,70.000,75.000,65.000,60.000,30.000,100.000,75.000,68.000,83.000,37.000,55.000,75.000,64.000,95.000,5.000,46.000,54.000,70.000,86.000,91.000,57.000,34.000,56.000
56.000,58.000,43.000,72.000,9.000,47.000,46.000,84.000,50.000,33.000,19.000,39.000,99.000,69.000,36.000,21.000,62.000,41.000,83.000,14.000,66.000,38.000,34.000,55.000,86.000,38.000,52.000,94.000,6.000,73.000,22.000,52.000,44.000,31.000,96.000,79.000,75.000,88.000,51.000,83.000,36.000,32.000,53.000,63.000,9.000,67.000,34.000,38.000,13.000,48.000,52.000,72.000,94.000,89.000,47.000,77.000,7.000,80.000,21.000,35.000,37.000,99.000,27.000,68.000,24.000,33.000,42.000,89.000,93.000,53.000,53.000,20.000,92.000,25.000,41.000,37.000,45.000,54.000,20.000,92.000
95.000,14.000,69.000,20.000,23.000,31.000,70.000,97.000,27.000,68.000,42.000,7.065,69.000,74.000,23.000,69.000,48.000,18.000,9.000,36.000,6.000,72.000,11.000,100.000,21.000,14.000,20.000,82.000,24.000,91.000,31.000,34.000,49.000,20.000,54.000,35.000,84.000,87.000,66.000,72.000,22.000,78.000,92.000,48.000,96.000,62.000,76.000,75.000,64.000,15.000,35.000,13.000,47.000,35.000,12.000,47.000,64.000,27.000,45.000,63.000,84.000,50.000,22.000,77.000,36.000,20.000,7.000,7.000,59.000,92.000,9.000,13.000,88.000,38.000,61.000,74.000,93.000,30.000,57.000,2.000
65.000,66.000,9.000,29.000,29.000,40.000,64.000,53.000,90.000,62.000,30.000,10.000,90.000,57.000,8.000,77.000,18.000,35.000,73.000,90.000,7.000,10.000,76.000,88.000,38.000,97.000,61.000,76.000,78.000,80.000,17.000,56.000,13.000,66.000,8.000,21.000,24.000,59.000,52.000,1.000,63.000,91.000,81.000,93.000,59.000,74.000,33.000,56.000,32.000,78.000,38.000,43.000,74.000,18.000,44.000,17.000,74.000,30.000,100.000,63.000,57.000,97.000,94.000,57.000,98.000,70.000,83.000,38.000,54.000,77.000,82.000,47.000,72.000,27.000,57.000,64.000,48.000,45.000,5.000,35.000
70.000,73.000,41.000,78.000,91.000,60.000,41.000,21.000,78.000,31.000,21.000,21.000,91.000,7.000,93.000,80.000,42.000,5.000,100.000,54.000,100.000,61.000,49.000,15.000,50.000,91.000,15.000,37.000,36.000,77.000,49.000,19.000,8.000,90.000,2.000,1.000,87.000,55.000,32.000,38.000,13.000,48.000,66.000,4.000,45.000,79.000,13.000,62.000,100.000,17.000,45.000,9.000,70.000,63.000,41.000,35.000,23.000,30.000,65.000,70.000,72.000,52.000,63.000,80.000,2.000,70.000,31.000,21.000,87.000,42.000,81.000,70.000,96.000,22.000,46.000,83.000,45.000,66.000,10.000,74.000
58.000,55.000,89.000,9.000,23.000,80.000,100.000,26.000,97.000,8.000,22.000,26.000,86.000,88.000,82.000,77.000,51.000,90.000,28.000,66.000,1.000,13.000,66.000,46.000,85.000,22.000,85.000,39.000,47.000,65.000,11.000,70.000,27.000,68.000,75.000,6.000,54.000,15.000,66.000,49.000,97.000,94.000,74.000,89.000,60.000,31.000,79.000,18.000,88.000,55.000,27.000,84.000,13.000,4.000,65.000,28.000,63.000,55.000,57.000,37.000,68.000,68.000,47.000,100.000,80.000,41.000,36.000,33.000,85.000,60.000,11.000,28.000,43.000,97.000,43.000,21.000,82.000,73.000,34.000,97.000
56.000,4.000,21.000,30.000,86.000,24.000,97.000,47.000,61.000,81.000,39.000,21.000,14.000,25.000,62.000,48.000,85.000,5.000,95.000,73.000,31.000,37.000,78.000,37.000,53.000,1.000,46.000,36.000,21.000,42.000,22.000,24.000,41.000,39.000,47.000,87.000,58.000,49.000,95.000,84.000,23.000,57.000,47.000,43.000,96.000,89.000,42.000,84.000,65.000,1.000,18.000,27.000,29.000,79.000,72.000,21.000,87.000,54.000,62.000,80.000,79.000,67.000,57.000,53.000,74.000,79.000,26.000,66.000,51.000,79.000,43.000,31.000,19.000,45.000,25.000,94.000,88.000,24.000,65.000,34.000
0.000,0.000,0.000,0.000,0.000,0.000,0.000,0.000,0.000,0.000,0.000,0.000,0.000,0.000,0.000,0.000,0.000,0.000,0.000,0.000,0.000,0.000,0.000,0.000,0.000,0.000,0.000,0.000,0.000,0.000,0.000,0.000,0.000,0.000,0.000,0.000,0.000,0.000,0.000,0.000,0.000,0.000,0.000,0.000,0.000,0.000,0.000,0.000,0.000,0.000,0.000,0.000,0.000,0.000,0.000,0.000,0.000,0.000,0.000,0.000,0.000,0.000,0.000,0.000,0.000,0.000,0.000,0.000,0.000,0.000,0.000,0.000,0.000,0.000,0.000,0.000,0.000,0.000,0.000,0.000
0.000,0.000,0.000,0.000,0.000,0.000,0.000,0.000,0.000,0.000,0.000,0.000,0.000,0.000,0.000,0.000,0.000,0.000,0.000,0.000,0.000,0.000,0.000,0.000,0.000,0.000,0.000,0.000,0.000,0.000,0.000,0.000,0.000,0.000,0.000,0.000,0.000,0.000,0.000,0.000,0.000,0.000,0.000,0.000,0.000,0.000,0.000,0.000,0.000,0.000,0.000,0.000,0.000,0.000,0.000,0.000,0.000,0.000,0.000,0.000,0.000,0.000,0.000,0.000,0.000,0.000,0.000,0.000,0.000,0.000,0.000,0.000,0.000,0.000,0.000,0.000,0.000,0.000,0.000,0.000
0.000,0.000,0.000,0.000,0.000,0.000,0.000,0.000,0.000,0.000,0.000,0.000,0.000,0.000,0.000,0.000,0.000,0.000,0.000,0.000,0.000,0.000,0.000,0.000,0.000,0.000,0.000,0.000,0.000,0.000,0.000,0.000,0.000,0.000,0.000,0.000,0.000,0.000,0.000,0.000,0.000,0.000,0.000,0.000,0.000,0.000,0.000,0.000,0.000,0.000,0.000,0.000,0.000,0.000,0.000,0.000,0.000,0.000,0.000,0.000,0.000,0.000,0.000,0.000,0.000,0.000,0.000,0.000,0.000,0.000,0.000,0.000,0.000,0.000,0.000,0.000,0.000,0.000,0.000,0.000
0.000,0.000,0.000,0.000,0.000,0.000,0.000,0.000,0.000,0.000,0.000,0.000,0.000,0.000,0.000,0.000,0.000,0.000,0.000,0.000,0.000,0.000,0.000,0.000,0.000,0.000,0.000,0.000,0.000,0.000,0.000,0.000,0.000,0.000,0.000,0.000,0.000,0.000,0.000,0.000,0.000,0.000,0.000,0.000,0.000,0.000,0.000,0.000,0.000,0.000,0.000,0.000,0.000,0.000,0.000,0.000,0.000,0.000,0.000,0.000,0.000,0.000,0.000,0.000,0.000,0.000,0.000,0.000,0.000,0.000,0.000,0.000,0.000,0.000,0.000,0.000,0.000,0.000,1.000,0.000
0.000,0.000,0.000,0.000,0.000,0.000,0.000,0.000,0.000,0.000,0.000,0.000,0.000,0.000,0.000,0.000,0.000,0.000,0.000,0.000,0.000,0.000,0.000,0.000,0.000,0.000,0.000,0.000,0.000,0.000,0.000,0.000,0.000,0.000,0.000,0.000,0.000,0.000,0.000,0.000,0.000,0.000,0.000,0.000,0.000,0.000,0.000,0.000,0.000,0.000,0.000,0.000,0.000,0.000,0.000,0.000,0.000,0.000,0.000,0.000,0.000,0.000,0.000,0.000,0.000,0.000,0.000,0.000,0.000,0.000,0.000,0.000,0.000,0.000,0.000,0.000,0.000,0.000,0.000,0.000
0.000,0.000,0.000,0.000,0.000,0.000,0.000,0.000,0.000,0.000,0.000,0.000,0.000,0.000,0.000,0.000,0.000,0.000,0.000,0.000,0.000,0.000,0.000,0.000,0.000,0.000,0.000,0.000,0.000,0.000,0.000,0.000,0.000,0.000,0.000,0.000,0.000,0.000,0.000,0.000,0.000,0.000,0.000,0.000,0.000,0.000,0.000,0.000,0.000,0.000,0.000,0.000,0.000,0.000,0.000,0.000,0.000,0.000,0.000,0.000,0.000,0.000,0.000,0.000,0.000,0.000,0.000,0.000,0.000,0.000,0.000,0.000,0.000,0.000,0.000,0.000,0.000,0.000,0.000,0.000
0.000,0.000,0.000,0.000,0.000,0.000,0.000,0.000,0.000,0.000,0.000,0.000,0.000,0.000,0.000,0.000,0.000,0.000,0.000,0.000,0.000,0.000,0.000,0.000,0.000,0.000,0.000,0.000,0.000,0.000,0.000,0.000,0.000,0.000,0.000,0.000,0.000,0.000,0.000,0.000,0.000,0.000,0.000,0.000,0.000,0.000,0.000,0.000,0.000,0.000,0.000,0.000,0.000,0.000,0.000,0.000,0.000,0.000,0.000,0.000,0.000,0.000,0.000,0.000,0.000,0.000,0.000,0.000,0.000,0.000,0.000,0.000,0.000,0.000,0.000,0.000,0.000,0.000,0.000,0.000
0.000,0.000,0.000,0.000,0.000,0.000,0.000,0.000,0.000,0.000,0.000,0.000,0.000,0.000,0.000,0.000,0.000,0.000,0.000,0.000,0.000,0.000,0.000,0.000,0.000,0.000,0.000,0.000,0.000,0.000,0.000,0.000,0.000,0.000,0.000,0.000,0.000,0.000,0.000,0.000,0.000,0.000,0.000,0.000,0.000,0.000,0.000,0.000,0.000,0.000,0.000,0.000,0.000,0.000,0.000,0.000,0.000,0.000,0.000,0.000,0.000,0.000,0.000,0.000,0.000,0.000,0.000,0.000,0.000,0.000,0.000,0.000,0.000,0.000,0.000,0.000,0.000,0.000,0.000,0.000
0.000,0.000,0.000,0.000,0.000,0.000,0.000,0.000,0.000,0.000,0.000,0.000,0.000,0.000,0.000,0.000,0.000,0.000,0.000,0.000,0.000,0.000,0.000,0.000,0.000,0.000,0.000,0.000,0.000,0.000,0.000,0.000,0.000,0.000,0.000,0.000,0.000,0.000,0.000,0.000,0.000,0.000,0.000,0.000,0.000,0.000,0.000,0.000,0.000,0.000,0.000,0.000,0.000,0.000,0.000,0.000,0.000,0.000,0.000,0.000,0.000,0.000,0.000,0.000,0.000,0.000,0.000,0.000,0.000,0.000,0.000,0.000,0.000,0.000,0.000,0.000,0.000,0.000,0.000,0.000
0.000,0.000,0.000,0.000,0.000,0.000,0.000,0.000,0.000,0.000,0.000,0.000,0.000,0.000,0.000,0.000,0.000,0.000,0.000,0.000,0.000,0.000,0.000,0.000,0.000,0.000,0.000,0.000,0.000,0.000,0.000,0.000,0.000,0.000,0.000,0.000,0.000,0.000,0.000,0.000,0.000,0.000,0.000,0.000,0.000,0.000,0.000,0.000,0.000,0.000,0.000,0.000,0.000,0.000,0.000,0.000,0.000,0.000,0.000,0.000,0.000,0.000,0.000,0.000,0.000,0.000,0.000,0.000,0.000,0.000,0.000,0.000,0.000,0.000,0.000,0.000,0.000,0.000,0.000,0.000
0.000,0.000,0.000,0.000,0.000,0.000,0.000,0.000,0.000,0.000,0.000,0.000,0.000,0.000,0.000,0.000,0.000,0.000,0.000,0.000,0.000,0.000,0.000,0.000,0.000,0.000,0.000,0.000,0.000,0.000,0.000,0.000,0.000,0.000,0.000,0.000,0.000,0.000,0.000,0.000,0.000,0.000,0.000,0.000,0.000,0.000,0.000,0.000,0.000,0.000,0.000,0.000,0.000,0.000,0.000,0.000,0.000,0.000,0.000,0.000,0.000,0.000,0.000,0.000,0.000,0.000,0.000,0.000,0.000,0.000,0.000,0.000,0.000,0.000,0.000,0.000,0.000,0.000,0.000,0.000
0.000,0.000,0.000,0.000,0.000,0.000,0.000,0.000,0.000,0.000,0.000,0.000,0.000,0.000,0.000,0.000,0.000,0.000,0.000,0.000,0.000,0.000,0.000,0.000,0.000,0.000,0.000,0.000,0.000,0.000,0.000,0.000,0.000,0.000,0.000,0.000,0.000,0.000,0.000,0.000,0.000,0.000,0.000,0.000,0.000,0.000,0.000,0.000,0.000,0.000,0.000,0.000,0.000,0.000,0.000,0.000,0.000,0.000,0.000,0.000,0.000,0.000,0.000,0.000,0.000,0.000,0.000,0.000,0.000,0.000,0.000,0.000,0.000,0.000,0.000,0.000,0.000,0.000,0.000,0.000
0.000,0.000,0.000,0.000,0.000,0.000,0.000,0.000,0.000,0.000,0.000,0.000,0.000,0.000,0.000,0.000,0.000,0.000,0.000,0.000,0.000,0.000,0.000,0.000,0.000,0.000,0.000,0.000,0.000,0.000,0.000,0.000,0.000,0.000,0.000,0.000,1.000,0.000,0.000,0.000,0.000,0.000,0.000,1.000,0.000,0.000,0.000,1.000,0.000,0.000,0.000,0.000,0.000,0.000,0.000,0.000,0.000,0.000,0.000,0.000,0.000,1.000,0.000,0.000,0.000,0.000,0.000,0.000,0.000,1.000,0.000,0.000,0.000,1.000,0.000,0.000,0.000,0.000,0.000,1.000
0.000,0.000,0.000,0.000,0.000,0.000,0.000,0.000,0.000,0.000,0.000,0.000,0.000,0.000,0.000,0.000,0.000,0.000,0.000,0.000,0.000,0.000,0.000,0.000,0.000,0.000,0.000,0.000,0.000,0.000,0.000,0.000,0.000,0.000,0.000,0.000,0.000,0.000,0.000,0.000,0.000,0.000,0.000,0.000,0.000,0.000,0.000,0.000,0.000,0.000,0.000,0.000,0.000,0.000,0.000,0.000,0.000,0.000,0.000,0.000,0.000,0.000,0.000,0.000,0.000,0.000,0.000,0.000,0.000,0.000,0.000,0.000,0.000,0.000,0.000,0.000,0.000,0.000,0.000,0.000
0.000,0.000,0.000,0.000,0.000,0.000,0.000,0.000,0.000,0.000,0.000,0.000,0.000,0.000,0.000,0.000,0.000,0.000,0.000,0.000,0.000,0.000,0.000,0.000,0.000,0.000,0.000,0.000,0.000,0.000,0.000,0.000,0.000,0.000,0.000,0.000,0.000,0.000,0.000,0.000,0.000,0.000,0.000,0.000,0.000,0.000,0.000,0.000,0.000,0.000,0.000,0.000,0.000,0.000,0.000,0.000,0.000,0.000,0.000,0.000,0.000,0.000,0.000,0.000,0.000,0.000,0.000,0.000,0.000,0.000,0.000,0.000,0.000,0.000,0.000,0.000,0.000,0.000,0.000,0.000
0.000,0.000,0.000,0.000,0.000,0.000,0.000,0.000,0.000,0.000,0.000,0.000,0.000,0.000,0.000,0.000,0.000,0.000,0.000,0.000,0.000,0.000,0.000,0.000,0.000,0.000,0.000,0.000,0.000,0.000,0.000,0.000,0.000,0.000,0.000,0.000,0.000,0.000,0.000,0.000,0.000,0.000,0.000,0.000,0.000,0.000,0.000,0.000,0.000,0.000,0.000,0.000,0.000,0.000,0.000,0.000,0.000,0.000,0.000,0.000,0.000,0.000,0.000,0.000,0.000,0.000,0.000,0.000,0.000,0.000,0.000,0.000,0.000,0.000,0.000,0.000,0.000,0.000,0.000,0.000
0.000,0.000,0.000,0.000,0.000,0.000,0.000,0.000,0.000,0.000,0.000,0.000,0.000,0.000,0.000,0.000,0.000,0.000,0.000,0.000,0.000,0.000,0.000,0.000,0.000,0.000,0.000,0.000,0.000,0.000,0.000,0.000,0.000,0.000,0.000,0.000,0.000,0.000,0.000,0.000,0.000,0.000,0.000,0.000,0.000,0.000,0.000,0.000,0.000,0.000,0.000,0.000,0.000,0.000,0.000,0.000,0.000,0.000,0.000,0.000,0.000,0.000,0.000,0.000,0.000,0.000,0.000,0.000,0.000,0.000,0.000,0.000,0.000,0.000,0.000,0.000,0.000,0.000,0.000,0.000
0.000,0.000,0.000,0.000,0.000,0.000,0.000,0.000,0.000,0.000,0.000,0.000,0.000,0.000,0.000,0.000,0.000,0.000,0.000,0.000,0.000,0.000,0.000,0.000,0.000,0.000,0.000,0.000,0.000,0.000,0.000,0.000,0.000,0.000,0.000,0.000,0.000,0.000,0.000,0.000,0.000,0.000,0.000,0.000,0.000,0.000,0.000,0.000,0.000,0.000,0.000,0.000,0.000,0.000,0.000,0.000,0.000,0.000,0.000,0.000,0.000,0.000,0.000,0.000,0.000,0.000,0.000,0.000,0.000,0.000,0.000,0.000,0.000,0.000,0.000,0.000,0.000,0.000,0.000,0.000
0.000,0.000,0.000,0.000,0.000,0.000,0.000,0.000,0.000,0.000,0.000,0.000,0.000,0.000,0.000,0.000,0.000,0.000,0.000,0.000,0.000,0.000,0.000,0.000,0.000,0.000,0.000,0.000,0.000,0.000,0.000,0.000,0.000,0.000,0.000,0.000,0.000,0.000,0.000,0.000,0.000,0.000,0.000,0.000,0.000,0.000,0.000,0.000,0.000,0.000,0.000,0.000,0.000,0.000,0.000,0.000,0.000,0.000,0.000,0.000,0.000,0.000,0.000,0.000,0.000,0.000,0.000,0.000,0.000,0.000,0.000,0.000,0.000,0.000,0.000,0.000,0.000,0.000,0.000,0.000
0.000,0.000,0.000,0.000,0.000,0.000,0.000,0.000,0.000,0.000,0.000,0.000,0.000,0.000,0.000,0.000,0.000,0.000,0.000,0.000,0.000,0.000,0.000,0.000,0.000,0.000,0.000,0.000,0.000,0.000,0.000,0.000,0.000,0.000,0.000,0.000,0.000,0.000,0.000,0.000,0.000,0.000,0.000,0.000,0.000,0.000,0.000,0.000,0.000,0.000,0.000,0.000,0.000,0.000,0.000,0.000,0.000,0.000,0.000,0.000,0.000,0.000,0.000,0.000,0.000,0.000,0.000,0.000,0.000,0.000,0.000,0.000,0.000,0.000,0.000,0.000,0.000,0.000,0.000,0.000
0.000,0.000,0.000,0.000,0.000,0.000,0.000,0.000,0.000,0.000,0.000,0.000,0.000,0.000,0.000,0.000,0.000,0.000,0.000,0.000,0.000,0.000,0.000,0.000,0.000,0.000,0.000,0.000,0.000,0.000,0.000,0.000,0.000,0.000,0.000,0.000,0.000,0.000,0.000,0.000,0.000,0.000,0.000,0.000,0.000,0.000,0.000,0.000,0.000,0.000,0.000,0.000,0.000,0.000,0.000,0.000,0.000,0.000,0.000,0.000,0.000,0.000,0.000,0.000,0.000,0.000,0.000,0.000,0.000,0.000,0.000,0.000,0.000,0.000,0.000,0.000,0.000,0.000,0.000,0.000
0.000,0.000,0.000,0.000,0.000,0.000,0.000,0.000,0.000,0.000,0.000,0.000,0.000,0.000,0.000,0.000,0.000,0.000,0.000,0.000,0.000,0.000,0.000,0.000,0.000,0.000,0.000,0.000,0.000,0.000,0.000,0.000,0.000,0.000,0.000,0.000,0.000,0.000,0.000,0.000,0.000,0.000,0.000,0.000,0.000,0.000,0.000,0.000,0.000,0.000,0.000,0.000,0.000,0.000,0.000,0.000,0.000,0.000,0.000,0.000,0.000,0.000,0.000,0.000,0.000,0.000,0.000,0.000,0.000,0.000,0.000,0.000,0.000,0.000,0.000,0.000,0.000,0.000,0.000,0.000
0.000,0.000,0.000,0.000,0.000,0.000,0.000,0.000,0.000,0.000,0.000,0.000,0.000,0.000,0.000,0.000,0.000,0.000,0.000,0.000,0.000,0.000,0.000,0.000,0.000,0.000,0.000,0.000,0.000,0.000,0.000,0.000,0.000,0.000,0.000,0.000,0.000,0.000,0.000,0.000,0.000,0.000,0.000,0.000,0.000,0.000,0.000,0.000,0.000,0.000,0.000,0.000,0.000,0.000,0.000,0.000,0.000,0.000,0.000,0.000,0.000,0.000,0.000,0.000,0.000,0.000,0.000,0.000,0.000,0.000,0.000,0.000,0.000,0.000,0.000,0.000,0.000,0.000,0.000,0.000
0.000,0.000,0.000,0.000,0.000,0.000,0.000,0.000,0.000,0.000,0.000,0.000,0.000,0.000,0.000,0.000,0.000,0.000,0.000,0.000,0.000,0.000,0.000,0.000,0.000,0.000,0.000,0.000,0.000,0.000,0.000,0.000,0.000,0.000,0.000,0.000,0.000,0.000,0.000,0.000,0.000,0.000,0.000,0.000,0.000,0.000,0.000,0.000,0.000,0.000,0.000,0.000,0.000,0.000,0.000,0.000,0.000,0.000,0.000,0.000,0.000,0.000,0.000,0.000,0.000,0.000,0.000,0.000,0.000,0.000,0.000,0.000,0.000,0.000,0.000,0.000,0.000,0.000,0.000,0.000
0.000,0.000,0.000,0.000,0.000,0.000,0.000,0.000,0.000,0.000,0.000,0.000,0.000,0.000,0.000,0.000,0.000,0.000,0.000,0.000,0.000,0.000,0.000,0.000,0.000,0.000,0.000,0.000,0.000,0.000,0.000,0.000,0.000,0.000,0.000,0.000,0.000,0.000,0.000,0.000,0.000,0.000,0.000,0.000,0.000,0.000,0.000,0.000,0.000,0.000,0.000,0.000,0.000,0.000,0.000,0.000,0.000,0.000,0.000,0.000,0.000,0.000,0.000,0.000,0.000,0.000,0.000,0.000,0.000,0.000,0.000,0.000,0.000,0.000,0.000,0.000,0.000,0.000,0.000,0.000
0.000,0.000,0.000,0.000,0.000,0.000,0.000,0.000,0.000,0.000,0.000,0.000,0.000,0.000,0.000,0.000,0.000,0.000,0.000,0.000,0.000,0.000,0.000,0.000,0.000,0.000,0.000,0.000,0.000,0.000,0.000,0.000,0.000,0.000,0.000,0.000,0.000,0.000,0.000,0.000,0.000,0.000,0.000,0.000,0.000,0.000,0.000,0.000,0.000,0.000,0.000,0.000,0.000,0.000,0.000,0.000,0.000,0.000,0.000,0.000,0.000,0.000,0.000,0.000,0.000,0.000,0.000,0.000,0.000,0.000,0.000,0.000,0.000,0.000,0.000,0.000,0.000,0.000,0.000,0.000
0.000,0.000,0.000,0.000,0.000,0.000,0.000,0.000,0.000,0.000,0.000,0.000,0.000,0.000,0.000,0.000,0.000,0.000,0.000,0.000,0.000,0.000,0.000,0.000,0.000,0.000,0.000,0.000,0.000,0.000,0.000,0.000,0.000,0.000,0.000,0.000,0.000,0.000,0.000,0.000,0.000,0.000,0.000,0.000,0.000,0.000,0.000,0.000,0.000,0.000,0.000,0.000,0.000,0.000,0.000,0.000,0.000,0.000,0.000,0.000,0.000,0.000,0.000,0.000,0.000,0.000,0.000,0.000,0.000,0.000,0.000,0.000,0.000,0.000,0.000,0.000,0.000,0.000,0.000,0.000
0.000,0.000,0.000,0.000,1.000,0.000,0.000,1.000,0.000,0.000,0.000,0.000,0.000,0.000,0.000,0.000,0.000,0.000,1.000,0.000,0.000,0.000,0.000,0.000,0.000,0.000,0.000,0.000,0.000,0.000,0.000,0.000,0.000,0.000,0.000,0.000,0.000,0.000,0.000,0.000,1.000,0.000,0.000,0.000,0.000,0.000,0.000,0.000,0.000,0.000,0.000,0.000,0.000,0.000,0.000,0.000,1.000,0.000,0.000,0.000,0.000,0.000,0.000,0.000,0.000,1.000,0.000,0.000,0.000,0.000,0.000,0.000,0.000,0.000,0.000,0.000,0.000,0.000,0.000,0.000
0.000,0.000,0.000,0.000,0.000,0.000,0.000,0.000,0.000,0.000,0.000,0.000,0.000,0.000,0.000,0.000,0.000,0.000,0.000,0.000,0.000,0.000,0.000,0.000,0.000,0.000,0.000,0.000,0.000,0.000,0.000,0.000,0.000,0.000,0.000,0.000,0.000,0.000,0.000,0.000,0.000,0.000,0.000,0.000,0.000,0.000,0.000,0.000,0.000,0.000,0.000,0.000,0.000,0.000,0.000,0.000,0.000,0.000,0.000,0.000,0.000,0.000,0.000,0.000,0.000,0.000,0.000,0.000,0.000,0.000,0.000,0.000,0.000,0.000,0.000,0.000,0.000,0.000,0.000,0.000
0.000,0.000,0.000,0.000,0.000,0.000,0.000,0.000,0.000,0.000,0.000,0.000,0.000,0.000,0.000,0.000,0.000,0.000,0.000,0.000,0.000,0.000,0.000,0.000,0.000,0.000,0.000,0.000,0.000,0.000,0.000,0.000,0.000,0.000,0.000,0.000,0.000,0.000,0.000,0.000,0.000,0.000,0.000,0.000,0.000,0.000,0.000,0.000,0.000,0.000,0.000,0.000,0.000,0.000,0.000,0.000,0.000,0.000,0.000,0.000,0.000,0.000,0.000,0.000,0.000,0.000,0.000,0.000,0.000,0.000,0.000,0.000,0.000,0.000,0.000,0.000,0.000,0.000,0.000,0.000
0.000,0.000,0.000,0.000,0.000,0.000,0.000,0.000,0.000,0.000,0.000,0.000,0.000,0.000,0.000,0.000,0.000,0.000,0.000,0.000,0.000,0.000,0.000,0.000,0.000,0.000,0.000,0.000,0.000,0.000,0.000,0.000,0.000,0.000,0.000,0.000,0.000,0.000,0.000,0.000,0.000,0.000,0.000,0.000,0.000,0.000,0.000,0.000,0.000,0.000,1.000,0.000,0.000,0.000,0.000,1.000,0.000,1.000,0.000,0.000,0.000,0.000,1.000,0.000,0.000,0.000,0.000,0.000,0.000,0.000,0.000,0.000,0.000,0.000,0.000,0.000,0.000,0.000,0.000,0.000
0.000,0.000,0.000,0.000,0.000,0.000,0.000,0.000,0.000,0.000,0.000,0.000,0.000,0.000,0.000,0.000,0.000,0.000,0.000,0.000,0.000,0.000,0.000,0.000,0.000,0.000,0.000,0.000,0.000,0.000,0.000,0.000,0.000,0.000,0.000,0.000,0.000,0.000,0.000,0.000,0.000,0.000,0.000,0.000,0.000,0.000,0.000,0.000,0.000,0.000,0.000,0.000,0.000,0.000,0.000,0.000,0.000,0.000,0.000,0.000,0.000,0.000,0.000,0.000,0.000,0.000,0.000,0.000,0.000,0.000,0.000,0.000,0.000,0.000,0.000,0.000,0.000,0.000,0.000,0.000
0.000,0.000,0.000,0.000,0.000,0.000,0.000,0.000,0.000,0.000,0.000,0.000,0.000,0.000,0.000,0.000,0.000,0.000,0.000,0.000,0.000,0.000,0.000,0.000,0.000,0.000,0.000,0.000,0.000,0.000,0.000,0.000,0.000,0.000,0.000,0.000,0.000,0.000,0.000,0.000,0.000,0.000,0.000,0.000,0.000,0.000,0.000,0.000,0.000,0.000,0.000,0.000,0.000,0.000,0.000,0.000,0.000,0.000,0.000,0.000,0.000,0.000,0.000,0.000,0.000,0.000,0.000,0.000,0.000,0.000,0.000,0.000,0.000,0.000,0.000,0.000,0.000,0.000,0.000,0.000
0.000,0.000,0.000,0.000,0.000,0.000,0.000,0.000,0.000,0.000,0.000,0.000,0.000,0.000,0.000,0.000,0.000,0.000,0.000,0.000,0.000,0.000,0.000,0.000,0.000,0.000,0.000,0.000,0.000,0.000,0.000,0.000,0.000,0.000,0.000,0.000,0.000,0.000,0.000,0.000,0.000,0.000,0.000,0.000,0.000,0.000,0.000,0.000,0.000,0.000,0.000,0.000,0.000,0.000,0.000,0.000,0.000,0.000,0.000,0.000,0.000,0.000,0.000,0.000,0.000,0.000,0.000,0.000,0.000,0.000,0.000,0.000,0.000,0.000,0.000,0.000,0.000,0.000,0.000,0.000
0.000,0.000,0.000,0.000,0.000,0.000,0.000,0.000,0.000,0.000,0.000,0.000,0.000,0.000,0.000,0.000,0.000,0.000,0.000,0.000,0.000,0.000,0.000,0.000,0.000,0.000,0.000,0.000,0.000,0.000,0.000,0.000,0.000,0.000,0.000,0.000,0.000,0.000,0.000,0.000,0.000,0.000,0.000,0.000,0.000,0.000,0.000,0.000,0.000,0.000,0.000,0.000,0.000,0.000,0.000,0.000,0.000,0.000,0.000,0.000,0.000,0.000,0.000,0.000,0.000,0.000,0.000,0.000,0.000,0.000,0.000,0.000,0.000,0.000,0.000,0.000,0.000,0.000,0.000,0.000
0.000,0.000,0.000,0.000,0.000,0.000,0.000,0.000,0.000,0.000,0.000,0.000,0.000,0.000,0.000,0.000,0.000,0.000,0.000,0.000,0.000,0.000,0.000,0.000,0.000,0.000,0.000,0.000,0.000,0.000,0.000,0.000,0.000,0.000,0.000,0.000,0.000,0.000,0.000,0.000,0.000,0.000,0.000,0.000,0.000,0.000,0.000,0.000,0.000,0.000,0.000,0.000,0.000,0.000,0.000,0.000,0.000,0.000,0.000,0.000,0.000,0.000,0.000,0.000,0.000,0.000,0.000,0.000,0.000,0.000,0.000,0.000,0.000,0.000,0.000,0.000,0.000,0.000,0.000,0.000
0.000,0.000,0.000,0.000,0.000,0.000,0.000,0.000,0.000,0.000,0.000,0.000,0.000,0.000,0.000,0.000,0.000,0.000,0.000,0.000,0.000,0.000,0.000,0.000,0.000,0.000,0.000,0.000,0.000,0.000,0.000,0.000,0.000,0.000,0.000,0.000,0.000,0.000,0.000,0.000,0.000,0.000,0.000,0.000,0.000,0.000,0.000,0.000,0.000,0.000,0.000,0.000,0.000,0.000,0.000,0.000,0.000,0.000,0.000,0.000,0.000,0.000,0.000,0.000,0.000,0.000,0.000,0.000,0.000,0.000,0.000,0.000,0.000,0.000,0.000,0.000,0.000,0.000,0.000,0.000
0.000,0.000,0.000,0.000,0.000,0.000,0.000,0.000,0.000,0.000,0.000,0.000,0.000,0.000,0.000,0.000,0.000,0.000,0.000,0.000,0.000,0.000,0.000,0.000,0.000,0.000,0.000,0.000,0.000,0.000,0.000,0.000,0.000,0.000,0.000,0.000,0.000,0.000,0.000,0.000,0.000,0.000,0.000,0.000,0.000,0.000,0.000,0.000,0.000,0.000,0.000,0.000,0.000,0.000,0.000,0.000,0.000,0.000,0.000,0.000,0.000,0.000,0.000,0.000,0.000,0.000,0.000,0.000,0.000,0.000,0.000,0.000,0.000,0.000,0.000,0.000,0.000,0.000,0.000,0.000
0.000,0.000,0.000,0.000,0.000,0.000,0.000,0.000,0.000,0.000,0.000,0.000,0.000,0.000,0.000,0.000,0.000,0.000,0.000,0.000,0.000,0.000,0.000,0.000,0.000,0.000,0.000,0.000,0.000,0.000,0.000,0.000,0.000,0.000,0.000,0.000,0.000,0.000,0.000,0.000,0.000,0.000,0.000,0.000,0.000,0.000,0.000,0.000,0.000,0.000,0.000,0.000,0.000,0.000,0.000,0.000,0.000,0.000,0.000,0.000,0.000,0.000,0.000,0.000,0.000,0.000,0.000,0.000,0.000,0.000,0.000,0.000,0.000,0.000,0.000,0.000,0.000,0.000,0.000,0.000
0.000,0.000,0.000,0.000,0.000,0.000,0.000,0.000,0.000,0.000,0.000,0.000,0.000,0.000,0.000,0.000,0.000,0.000,0.000,0.000,0.000,0.000,0.000,0.000,0.000,0.000,0.000,0.000,0.000,0.000,0.000,0.000,0.000,0.000,0.000,0.000,0.000,0.000,0.000,0.000,0.000,0.000,0.000,0.000,0.000,0.000,0.000,0.000,0.000,0.000,0.000,0.000,0.000,0.000,0.000,0.000,0.000,0.000,0.000,0.000,0.000,0.000,0.000,0.000,0.000,0.000,0.000,0.000,0.000,0.000,0.000,0.000,0.000,0.000,0.000,0.000,0.000,0.000,0.000,0.000
0.000,0.000,0.000,0.000,0.000,0.000,0.000,0.000,0.000,0.000,0.000,0.000,0.000,0.000,0.000,0.000,0.000,0.000,0.000,0.000,0.000,0.000,0.000,0.000,0.000,0.000,0.000,0.000,0.000,0.000,0.000,0.000,0.000,0.000,0.000,0.000,0.000,0.000,0.000,0.000,0.000,0.000,0.000,0.000,0.000,0.000,0.000,0.000,0.000,0.000,0.000,0.000,0.000,0.000,0.000,0.000,0.000,0.000,0.000,0.000,0.000,0.000,0.000,0.000,0.000,0.000,0.000,0.000,0.000,0.000,0.000,0.000,0.000,0.000,0.000,0.000,0.000,0.000,0.000,0.000
0.000,0.000,0.000,0.000,0.000,0.000,0.000,0.000,0.000,0.000,0.000,0.000,0.000,0.000,0.000,0.000,0.000,0.000,0.000,0.000,0.000,0.000,0.000,0.000,0.000,0.000,0.000,0.000,0.000,0.000,0.000,0.000,0.000,0.000,0.000,0.000,0.000,0.000,0.000,0.000,0.000,0.000,0.000,0.000,0.000,0.000,0.000,0.000,0.000,0.000,0.000,0.000,0.000,0.000,0.000,0.000,0.000,0.000,0.000,0.000,0.000,0.000,0.000,0.000,0.000,0.000,0.000,0.000,0.000,0.000,0.000,0.000,0.000,0.000,0.000,0.000,0.000,0.000,0.000,0.000
0.000,0.000,0.000,0.000,0.000,0.000,0.000,0.000,0.000,0.000,0.000,0.000,0.000,0.000,0.000,0.000,0.000,0.000,0.000,0.000,0.000,0.000,0.000,0.000,0.000,0.000,0.000,0.000,0.000,0.000,0.000,0.000,0.000,0.000,0.000,0.000,0.000,0.000,0.000,0.000,0.000,0.000,0.000,0.000,0.000,0.000,0.000,0.000,0.000,0.000,0.000,0.000,0.000,0.000,0.000,0.000,0.000,0.000,0.000,0.000,0.000,0.000,0.000,0.000,0.000,0.000,0.000,0.000,0.000,0.000,0.000,0.000,0.000,0.000,0.000,0.000,0.000,0.000,0.000,0.000
0.000,0.000,0.000,0.000,0.000,0.000,0.000,0.000,0.000,0.000,0.000,0.000,0.000,0.000,0.000,0.000,0.000,0.000,0.000,0.000,0.000,0.000,0.000,0.000,0.000,0.000,0.000,0.000,0.000,0.000,0.000,0.000,0.000,0.000,0.000,0.000,0.000,0.000,0.000,0.000,0.000,0.000,0.000,0.000,0.000,0.000,0.000,0.000,0.000,0.000,0.000,0.000,0.000,0.000,0.000,0.000,0.000,0.000,0.000,0.000,0.000,0.000,0.000,0.000,0.000,0.000,0.000,0.000,0.000,0.000,0.000,0.000,0.000,0.000,0.000,0.000,0.000,0.000,0.000,0.000
0.000,0.000,0.000,0.000,0.000,0.000,0.000,0.000,0.000,0.000,0.000,0.000,0.000,0.000,0.000,0.000,0.000,0.000,0.000,0.000,0.000,0.000,0.000,0.000,0.000,0.000,0.000,0.000,0.000,0.000,0.000,0.000,0.000,0.000,0.000,0.000,0.000,0.000,0.000,0.000,0.000,0.000,0.000,0.000,0.000,0.000,0.000,0.000,0.000,0.000,0.000,0.000,0.000,0.000,0.000,0.000,0.000,0.000,0.000,0.000,0.000,0.000,0.000,0.000,0.000,0.000,0.000,0.000,0.000,0.000,0.000,0.000,0.000,0.000,0.000,0.000,0.000,0.000,0.000,0.000
0.000,0.000,0.000,0.000,0.000,0.000,0.000,0.000,0.000,0.000,0.000,0.000,0.000,0.000,0.000,0.000,0.000,0.000,0.000,1.000,0.000,0.000,0.000,0.000,0.000,0.000,0.000,0.000,0.000,0.000,0.000,0.000,0.000,0.000,0.000,0.000,0.000,0.000,0.000,0.000,0.000,0.000,0.000,0.000,0.000,0.000,0.000,0.000,0.000,0.000,0.000,0.000,0.000,0.000,0.000,0.000,0.000,0.000,0.000,0.000,0.000,0.000,0.000,0.000,0.000,0.000,0.000,0.000,0.000,0.000,0.000,0.000,0.000,0.000,0.000,0.000,0.000,0.000,0.000,0.000
0.000,0.000,0.000,0.000,0.000,0.000,0.000,0.000,0.000,0.000,0.000,0.000,0.000,0.000,0.000,0.000,0.000,0.000,0.000,0.000,0.000,0.000,0.000,0.000,0.000,0.000,0.000,0.000,0.000,0.000,0.000,0.000,0.000,0.000,0.000,0.000,0.000,0.000,0.000,0.000,0.000,0.000,0.000,0.000,0.000,0.000,0.000,0.000,0.000,0.000,0.000,0.000,0.000,0.000,0.000,0.000,0.000,0.000,0.000,0.000,0.000,0.000,0.000,0.000,0.000,0.000,0.000,0.000,0.000,0.000,0.000,0.000,0.000,0.000,0.000,0.000,0.000,0.000,0.000,0.000
0.000,0.000,0.000,0.000,0.000,0.000,0.000,0.000,0.000,0.000,0.000,0.000,0.000,0.000,0.000,0.000,0.000,0.000,0.000,0.000,0.000,0.000,0.000,0.000,0.000,0.000,0.000,0.000,0.000,0.000,0.000,0.000,0.000,0.000,0.000,0.000,0.000,0.000,0.000,0.000,0.000,0.000,0.000,0.000,0.000,0.000,0.000,0.000,0.000,0.000,0.000,0.000,0.000,0.000,0.000,0.000,0.000,0.000,0.000,0.000,0.000,0.000,0.000,0.000,0.000,0.000,0.000,0.000,0.000,0.000,0.000,0.000,0.000,0.000,0.000,0.000,0.000,0.000,0.000,0.000
0.000,0.000,0.000,0.000,0.000,0.000,0.000,0.000,0.000,0.000,0.000,0.000,0.000,0.000,0.000,0.000,0.000,0.000,0.000,1.000,0.000,0.000,1.000,0.000,0.000,0.000,0.000,0.000,0.000,0.000,0.000,0.000,0.000,0.000,0.000,0.000,0.000,0.000,0.000,1.000,0.000,0.000,0.000,1.000,0.000,0.000,0.000,0.000,0.000,0.000,0.000,0.000,0.000,0.000,0.000,0.000,0.000,0.000,0.000,0.000,0.000,0.000,0.000,0.000,0.000,0.000,0.000,0.000,0.000,0.000,0.000,0.000,0.000,1.000,0.000,0.000,0.000,0.000,0.000,0.000
0.000,0.000,0.000,0.000,0.000,0.000,0.000,0.000,0.000,0.000,0.000,0.000,0.000,0.000,0.000,0.000,0.000,0.000,0.000,0.000,0.000,0.000,0.000,0.000,0.000,0.000,0.000,0.000,0.000,0.000,0.000,0.000,0.000,0.000,0.000,0.000,0.000,0.000,0.000,0.000,0.000,0.000,0.000,0.000,0.000,0.000,0.000,0.000,0.000,0.000,0.000,0.000,0.000,0.000,0.000,0.000,0.000,0.000,0.000,0.000,0.000,0.000,0.000,0.000,0.000,0.000,0.000,0.000,0.000,0.000,0.000,0.000,0.000,0.000,0.000,0.000,0.000,0.000,0.000,0.000
1.000,0.000,0.000,0.000,0.000,0.000,0.000,0.000,0.000,0.000,0.000,0.000,0.000,0.000,0.000,0.000,0.000,0.000,0.000,0.000,0.000,0.000,0.000,0.000,0.000,0.000,0.000,0.000,0.000,0.000,0.000,0.000,1.000,0.000,0.000,0.000,0.000,0.000,0.000,0.000,0.000,0.000,0.000,1.000,0.000,0.000,0.000,0.000,0.000,1.000,0.000,1.000,0.000,0.000,0.000,0.000,0.000,0.000,0.000,0.000,0.000,0.000,0.000,0.000,1.000,0.000,0.000,0.000,0.000,0.000,1.000,0.000,0.000,0.000,0.000,0.000,0.000,0.000,0.000,0.000
0.000,0.000,0.000,0.000,0.000,0.000,0.000,0.000,0.000,0.000,0.000,0.000,0.000,0.000,0.000,0.000,0.000,0.000,0.000,0.000,0.000,0.000,0.000,0.000,0.000,0.000,0.000,0.000,0.000,0.000,0.000,0.000,0.000,0.000,0.000,0.000,0.000,0.000,0.000,0.000,0.000,0.000,0.000,0.000,0.000,0.000,0.000,0.000,0.000,0.000,0.000,0.000,0.000,0.000,0.000,0.000,0.000,0.000,0.000,0.000,0.000,0.000,0.000,0.000,0.000,0.000,0.000,0.000,0.000,0.000,0.000,0.000,0.000,0.000,0.000,0.000,0.000,0.000,0.000,0.000
0.000,0.000,0.000,0.000,0.000,0.000,0.000,0.000,0.000,0.000,0.000,0.000,0.000,0.000,0.000,0.000,0.000,0.000,0.000,0.000,0.000,0.000,0.000,0.000,0.000,0.000,0.000,0.000,0.000,0.000,0.000,0.000,0.000,0.000,0.000,0.000,0.000,0.000,0.000,0.000,0.000,0.000,0.000,0.000,0.000,0.000,0.000,0.000,0.000,0.000,0.000,0.000,0.000,0.000,0.000,0.000,0.000,0.000,0.000,0.000,0.000,0.000,0.000,0.000,0.000,0.000,0.000,0.000,0.000,0.000,0.000,0.000,0.000,0.000,0.000,0.000,0.000,0.000,0.000,0.000
0.000,0.000,0.000,0.000,0.000,0.000,0.000,0.000,0.000,0.000,0.000,0.000,0.000,0.000,0.000,0.000,0.000,0.000,0.000,0.000,0.000,0.000,0.000,0.000,0.000,0.000,0.000,0.000,0.000,0.000,0.000,0.000,0.000,0.000,0.000,0.000,0.000,0.000,0.000,0.000,0.000,0.000,0.000,0.000,0.000,0.000,0.000,0.000,0.000,0.000,0.000,0.000,0.000,0.000,0.000,0.000,0.000,0.000,0.000,0.000,0.000,0.000,0.000,0.000,0.000,0.000,0.000,0.000,0.000,0.000,0.000,0.000,0.000,0.000,0.000,0.000,0.000,0.000,0.000,0.000
0.000,0.000,0.000,0.000,0.000,0.000,0.000,0.000,0.000,0.000,0.000,0.000,0.000,0.000,0.000,0.000,0.000,0.000,0.000,0.000,0.000,0.000,0.000,0.000,0.000,0.000,0.000,0.000,0.000,0.000,0.000,0.000,0.000,0.000,0.000,0.000,0.000,0.000,0.000,0.000,0.000,0.000,0.000,0.000,0.000,0.000,0.000,0.000,0.000,0.000,0.000,0.000,0.000,0.000,0.000,0.000,0.000,0.000,0.000,0.000,0.000,0.000,0.000,0.000,0.000,0.000,0.000,0.000,0.000,0.000,0.000,0.000,0.000,0.000,0.000,0.000,0.000,0.000,0.000,0.000
0.000,0.000,1.000,0.000,0.000,0.000,0.000,0.000,0.000,0.000,0.000,0.000,0.000,0.000,0.000,1.000,0.000,0.000,0.000,0.000,0.000,0.000,0.000,0.000,0.000,0.000,0.000,0.000,0.000,0.000,0.000,0.000,0.000,0.000,0.000,0.000,0.000,0.000,0.000,0.000,0.000,0.000,0.000,0.000,0.000,0.000,0.000,0.000,0.000,0.000,0.000,0.000,0.000,0.000,0.000,0.000,0.000,0.000,0.000,0.000,0.000,0.000,0.000,0.000,0.000,0.000,0.000,0.000,0.000,0.000,0.000,0.000,0.000,0.000,0.000,0.000,0.000,0.000,0.000,0.000
0.000,0.000,0.000,0.000,0.000,0.000,0.000,0.000,0.000,0.000,0.000,0.000,0.000,0.000,0.000,0.000,0.000,0.000,0.000,0.000,0.000,0.000,0.000,0.000,0.000,0.000,0.000,0.000,0.000,0.000,0.000,0.000,0.000,0.000,0.000,0.000,0.000,0.000,0.000,0.000,0.000,0.000,0.000,0.000,0.000,0.000,0.000,0.000,0.000,0.000,0.000,0.000,0.000,0.000,0.000,0.000,0.000,0.000,0.000,0.000,0.000,0.000,0.000,0.000,0.000,0.000,0.000,0.000,0.000,0.000,0.000,0.000,0.000,0.000,0.000,0.000,0.000,0.000,0.000,0.000
0.000,0.000,0.000,0.000,0.000,0.000,0.000,0.000,0.000,0.000,0.000,0.000,0.000,0.000,0.000,0.000,0.000,0.000,0.000,0.000,0.000,0.000,0.000,0.000,0.000,0.000,0.000,0.000,0.000,0.000,0.000,0.000,0.000,0.000,0.000,0.000,0.000,0.000,0.000,0.000,0.000,0.000,0.000,0.000,0.000,0.000,0.000,0.000,0.000,0.000,0.000,0.000,0.000,0.000,0.000,0.000,0.000,0.000,0.000,0.000,0.000,0.000,0.000,0.000,0.000,0.000,0.000,0.000,0.000,0.000,0.000,0.000,0.000,0.000,0.000,0.000,0.000,0.000,0.000,0.000
0.000,0.000,0.000,0.000,0.000,0.000,0.000,0.000,0.000,0.000,0.000,0.000,0.000,0.000,0.000,0.000,0.000,0.000,0.000,0.000,0.000,0.000,0.000,0.000,0.000,0.000,0.000,0.000,0.000,0.000,0.000,0.000,0.000,0.000,0.000,0.000,0.000,0.000,0.000,0.000,0.000,0.000,0.000,0.000,0.000,0.000,0.000,0.000,0.000,0.000,0.000,0.000,0.000,0.000,0.000,0.000,0.000,0.000,0.000,0.000,0.000,0.000,0.000,0.000,0.000,0.000,0.000,0.000,0.000,0.000,0.000,0.000,0.000,0.000,0.000,0.000,0.000,0.000,0.000,0.000
0.000,0.000,0.000,0.000,0.000,0.000,0.000,0.000,0.000,0.000,0.000,0.000,0.000,0.000,0.000,0.000,0.000,0.000,0.000,0.000,0.000,0.000,0.000,0.000,0.000,0.000,0.000,0.000,0.000,0.000,0.000,0.000,0.000,0.000,0.000,0.000,0.000,0.000,0.000,0.000,0.000,0.000,0.000,0.000,0.000,0.000,0.000,0.000,0.000,0.000,0.000,1.000,0.000,0.000,0.000,0.000,0.000,0.000,0.000,0.000,0.000,0.000,0.000,0.000,0.000,0.000,0.000,0.000,0.000,0.000,0.000,0.000,0.000,0.000,0.000,0.000,1.000,0.000,1.000,0.000
0.000,0.000,0.000,0.000,0.000,0.000,0.000,0.000,0.000,0.000,0.000,0.000,0.000,0.000,0.000,0.000,0.000,0.000,0.000,0.000,0.000,0.000,0.000,0.000,0.000,0.000,0.000,0.000,0.000,0.000,0.000,0.000,0.000,0.000,0.000,0.000,0.000,0.000,0.000,0.000,0.000,0.000,0.000,0.000,0.000,0.000,0.000,0.000,0.000,0.000,0.000,0.000,0.000,0.000,0.000,0.000,0.000,0.000,0.000,0.000,0.000,0.000,0.000,0.000,0.000,0.000,0.000,0.000,0.000,0.000,0.000,0.000,0.000,0.000,0.000,0.000,0.000,0.000,0.000,0.000
0.000,0.000,0.000,0.000,0.000,0.000,0.000,0.000,0.000,0.000,0.000,0.000,0.000,0.000,0.000,0.000,0.000,0.000,0.000,0.000,0.000,0.000,0.000,0.000,0.000,0.000,0.000,0.000,0.000,0.000,0.000,0.000,0.000,0.000,0.000,0.000,0.000,0.000,0.000,0.000,0.000,0.000,0.000,0.000,0.000,0.000,0.000,0.000,0.000,0.000,0.000,0.000,0.000,0.000,0.000,0.000,0.000,0.000,0.000,0.000,0.000,0.000,0.000,0.000,0.000,0.000,0.000,0.000,0.000,0.000,0.000,0.000,0.000,0.000,0.000,0.000,0.000,0.000,0.000,0.000
0.000,0.000,0.000,0.000,0.000,0.000,0.000,0.000,0.000,0.000,0.000,0.000,0.000,0.000,0.000,0.000,0.000,0.000,0.000,0.000,0.000,0.000,0.000,0.000,0.000,0.000,0.000,0.000,0.000,0.000,0.000,0.000,0.000,0.000,0.000,0.000,0.000,0.000,0.000,0.000,0.000,0.000,0.000,0.000,0.000,0.000,0.000,0.000,0.000,0.000,0.000,0.000,0.000,0.000,0.000,0.000,0.000,0.000,0.000,0.000,0.000,0.000,0.000,0.000,0.000,0.000,0.000,0.000,0.000,0.000,0.000,0.000,0.000,0.000,0.000,0.000,0.000,0.000,0.000,0.000
0.000,0.000,0.000,0.000,0.000,0.000,0.000,0.000,0.000,0.000,0.000,0.000,0.000,0.000,0.000,0.000,0.000,0.000,0.000,0.000,0.000,0.000,0.000,0.000,0.000,0.000,0.000,0.000,0.000,0.000,0.000,0.000,0.000,0.000,0.000,0.000,0.000,0.000,0.000,0.000,0.000,0.000,0.000,0.000,0.000,0.000,0.000,0.000,0.000,0.000,0.000,0.000,0.000,0.000,0.000,0.000,0.000,0.000,0.000,0.000,0.000,0.000,0.000,0.000,0.000,0.000,0.000,0.000,0.000,0.000,0.000,0.000,0.000,0.000,0.000,0.000,0.000,0.000,0.000,0.000
0.000,0.000,0.000,0.000,0.000,0.000,0.000,0.000,0.000,0.000,0.000,0.000,0.000,0.000,0.000,0.000,0.000,0.000,0.000,0.000,0.000,0.000,0.000,0.000,0.000,0.000,0.000,0.000,0.000,0.000,0.000,0.000,0.000,0.000,0.000,0.000,0.000,0.000,0.000,0.000,0.000,0.000,0.000,0.000,0.000,0.000,0.000,0.000,0.000,0.000,0.000,0.000,0.000,0.000,0.000,0.000,0.000,0.000,0.000,0.000,0.000,0.000,0.000,0.000,0.000,0.000,0.000,0.000,0.000,0.000,0.000,0.000,0.000,0.000,0.000,0.000,0.000,0.000,0.000,0.000
0.000,0.000,0.000,0.000,0.000,0.000,0.000,0.000,0.000,0.000,0.000,0.000,0.000,0.000,0.000,0.000,0.000,0.000,0.000,0.000,0.000,0.000,0.000,0.000,0.000,0.000,0.000,0.000,0.000,0.000,0.000,0.000,0.000,0.000,0.000,0.000,0.000,0.000,0.000,0.000,0.000,0.000,0.000,0.000,0.000,0.000,0.000,0.000,0.000,0.000,0.000,0.000,0.000,0.000,0.000,0.000,0.000,0.000,0.000,0.000,0.000,0.000,0.000,0.000,0.000,0.000,0.000,0.000,0.000,0.000,0.000,0.000,0.000,0.000,0.000,0.000,0.000,0.000,0.000,0.000
0.000,0.000,0.000,0.000,0.000,0.000,0.000,0.000,0.000,0.000,0.000,0.000,0.000,0.000,0.000,0.000,0.000,0.000,0.000,0.000,0.000,0.000,0.000,0.000,0.000,0.000,0.000,0.000,0.000,0.000,0.000,0.000,0.000,0.000,0.000,0.000,0.000,0.000,0.000,0.000,0.000,0.000,0.000,0.000,0.000,0.000,0.000,0.000,0.000,0.000,0.000,0.000,0.000,0.000,0.000,0.000,0.000,0.000,0.000,0.000,0.000,0.000,0.000,0.000,0.000,0.000,0.000,0.000,0.000,0.000,0.000,0.000,0.000,0.000,0.000,0.000,0.000,0.000,0.000,0.000
0.000,0.000,0.000,0.000,0.000,0.000,0.000,0.000,0.000,0.000,0.000,0.000,0.000,0.000,0.000,0.000,0.000,0.000,0.000,0.000,0.000,0.000,0.000,0.000,0.000,0.000,0.000,0.000,0.000,0.000,0.000,0.000,0.000,0.000,0.000,0.000,0.000,0.000,0.000,0.000,0.000,0.000,0.000,0.000,0.000,0.000,0.000,0.000,0.000,0.000,0.000,0.000,0.000,0.000,0.000,0.000,0.000,0.000,0.000,0.000,0.000,0.000,0.000,0.000,0.000,0.000,0.000,0.000,0.000,0.000,0.000,0.000,0.000,0.000,0.000,0.000,0.000,0.000,0.000,0.000
0.000,0.000,0.000,0.000,0.000,0.000,0.000,0.000,0.000,0.000,0.000,0.000,0.000,0.000,0.000,0.000,0.000,0.000,0.000,0.000,0.000,0.000,0.000,0.000,0.000,0.000,0.000,0.000,0.000,0.000,0.000,0.000,0.000,0.000,0.000,0.000,0.000,0.000,0.000,0.000,0.000,0.000,0.000,0.000,0.000,0.000,0.000,0.000,0.000,0.000,0.000,0.000,0.000,0.000,0.000,0.000,0.000,0.000,0.000,0.000,0.000,0.000,0.000,0.000,0.000,0.000,0.000,0.000,0.000,0.000,0.000,0.000,0.000,0.000,0.000,0.000,0.000,0.000,0.000,0.000
0.000,0.000,0.000,0.000,0.000,0.000,0.000,0.000,0.000,0.000,0.000,0.000,0.000,0.000,0.000,0.000,0.000,0.000,0.000,0.000,0.000,0.000,0.000,0.000,0.000,0.000,0.000,0.000,0.000,0.000,0.000,0.000,0.000,0.000,0.000,0.000,0.000,0.000,0.000,0.000,0.000,0.000,0.000,0.000,0.000,0.000,0.000,0.000,0.000,0.000,0.000,0.000,0.000,0.000,0.000,0.000,0.000,0.000,0.000,0.000,0.000,0.000,0.000,0.000,0.000,0.000,0.000,0.000,0.000,0.000,0.000,0.000,0.000,0.000,0.000,0.000,0.000,0.000,0.000,0.000
0.000,0.000,0.000,0.000,0.000,0.000,0.000,0.000,0.000,0.000,0.000,0.000,0.000,0.000,0.000,0.000,0.000,0.000,0.000,0.000,0.000,0.000,0.000,0.000,0.000,0.000,0.000,0.000,0.000,0.000,0.000,0.000,0.000,0.000,0.000,0.000,0.000,0.000,0.000,0.000,0.000,0.000,0.000,0.000,0.000,0.000,0.000,0.000,0.000,0.000,0.000,0.000,0.000,0.000,0.000,0.000,0.000,0.000,0.000,0.000,0.000,0.000,0.000,0.000,0.000,0.000,0.000,0.000,0.000,0.000,0.000,0.000,0.000,0.000,0.000,0.000,0.000,0.000,0.000,0.000
0.000,0.000,0.000,0.000,0.000,0.000,0.000,0.000,0.000,0.000,0.000,0.000,0.000,0.000,0.000,0.000,0.000,0.000,0.000,0.000,0.000,0.000,0.000,0.000,0.000,0.000,0.000,0.000,0.000,0.000,0.000,0.000,0.000,0.000,0.000,0.000,0.000,0.000,0.000,0.000,0.000,0.000,0.000,0.000,0.000,0.000,0.000,0.000,0.000,0.000,0.000,0.000,0.000,0.000,0.000,0.000,0.000,0.000,0.000,0.000,0.000,0.000,0.000,0.000,0.000,0.000,0.000,0.000,0.000,0.000,0.000,0.000,0.000,0.000,0.000,0.000,0.000,0.000,0.000,0.000
0.000,0.000,0.000,0.000,0.000,0.000,0.000,0.000,0.000,0.000,0.000,0.000,0.000,0.000,0.000,0.000,0.000,0.000,0.000,0.000,0.000,0.000,0.000,0.000,0.000,0.000,0.000,0.000,0.000,0.000,0.000,0.000,0.000,0.000,0.000,0.000,0.000,0.000,0.000,0.000,0.000,0.000,0.000,0.000,0.000,0.000,0.000,0.000,0.000,0.000,0.000,0.000,0.000,0.000,0.000,0.000,0.000,0.000,0.000,0.000,0.000,0.000,0.000,0.000,0.000,0.000,0.000,0.000,0.000,0.000,0.000,0.000,0.000,0.000,0.000,0.000,0.000,0.000,0.000,0.000
0.000,0.000,0.000,0.000,0.000,0.000,0.000,0.000,0.000,0.000,0.000,0.000,0.000,0.000,0.000,0.000,0.000,0.000,0.000,0.000,0.000,0.000,0.000,0.000,0.000,0.000,0.000,0.000,0.000,0.000,0.000,0.000,0.000,0.000,0.000,0.000,0.000,0.000,0.000,0.000,0.000,0.000,0.000,0.000,0.000,0.000,0.000,0.000,0.000,0.000,0.000,0.000,0.000,0.000,0.000,0.000,0.000,0.000,0.000,0.000,0.000,0.000,0.000,0.000,0.000,0.000,0.000,0.000,0.000,0.000,0.000,0.000,0.000,0.000,0.000,0.000,0.000,0.000,0.000,0.000
0.000,0.000,0.000,0.000,0.000,0.000,0.000,0.000,0.000,0.000,0.000,0.000,0.000,0.000,0.000,0.000,0.000,0.000,0.000,0.000,0.000,0.000,0.000,0.000,0.000,0.000,0.000,0.000,0.000,0.000,0.000,0.000,0.000,0.000,0.000,0.000,0.000,0.000,0.000,0.000,0.000,0.000,0.000,0.000,0.000,0.000,0.000,0.000,0.000,0.000,0.000,0.000,0.000,0.000,0.000,0.000,0.000,0.000,0.000,0.000,0.000,0.000,0.000,0.000,0.000,0.000,0.000,0.000,0.000,0.000,0.000,0.000,0.000,0.000,0.000,0.000,0.000,0.000,0.000,0.000
0.000,0.000,0.000,0.000,0.000,0.000,0.000,0.000,0.000,0.000,0.000,1.000,0.000,0.000,0.000,0.000,0.000,0.000,0.000,0.000,0.000,0.000,0.000,0.000,0.000,0.000,0.000,0.000,0.000,0.000,0.000,0.000,0.000,0.000,0.000,0.000,0.000,0.000,0.000,0.000,0.000,0.000,0.000,0.000,0.000,0.000,0.000,0.000,0.000,0.000,0.000,0.000,0.000,0.000,0.000,0.000,0.000,0.000,0.000,0.000,0.000,0.000,0.000,0.000,0.000,0.000,0.000,0.000,0.000,0.000,0.000,0.000,0.000,0.000,0.000,0.000,0.000,0.000,0.000,0.000
0.000,0.000,0.000,0.000,0.000,0.000,0.000,0.000,0.000,0.000,0.000,0.000,0.000,0.000,0.000,0.000,0.000,0.000,0.000,0.000,0.000,0.000,0.000,0.000,0.000,0.000,0.000,0.000,0.000,0.000,0.000,0.000,0.000,0.000,0.000,0.000,0.000,0.000,0.000,0.000,0.000,0.000,0.000,0.000,0.000,0.000,0.000,0.000,0.000,0.000,0.000,0.000,0.000,0.000,0.000,0.000,0.000,0.000,0.000,0.000,0.000,0.000,0.000,0.000,0.000,0.000,0.000,0.000,0.000,0.000,0.000,0.000,0.000,0.000,0.000,0.000,0.000,0.000,0.000,0.000
0.000,0.000,0.000,0.000,0.000,0.000,0.000,0.000,0.000,0.000,0.000,0.000,0.000,0.000,0.000,0.000,0.000,0.000,0.000,0.000,0.000,0.000,0.000,0.000,0.000,0.000,0.000,0.000,0.000,0.000,0.000,0.000,0.000,0.000,0.000,0.000,0.000,0.000,0.000,0.000,0.000,0.000,0.000,0.000,0.000,0.000,0.000,0.000,0.000,0.000,0.000,0.000,0.000,0.000,0.000,0.000,0.000,0.000,0.000,0.000,0.000,0.000,0.000,0.000,0.000,0.000,0.000,0.000,0.000,0.000,0.000,0.000,0.000,0.000,0.000,0.000,0.000,0.000,0.000,0.000
0.000,0.000,0.000,0.000,0.000,0.000,0.000,0.000,0.000,0.000,0.000,0.000,0.000,0.000,0.000,0.000,0.000,0.000,0.000,0.000,0.000,0.000,0.000,0.000,0.000,0.000,0.000,0.000,0.000,0.000,0.000,0.000,0.000,0.000,0.000,0.000,0.000,0.000,0.000,0.000,0.000,0.000,0.000,0.000,0.000,0.000,0.000,0.000,0.000,0.000,0.000,0.000,0.000,0.000,0.000,0.000,0.000,0.000,0.000,0.000,0.000,0.000,0.000,0.000,0.000,0.000,0.000,0.000,0.000,0.000,0.000,0.000,0.000,0.000,0.000,0.000,0.000,0.000,0.000,0.000
0.000,0.000,0.000,0.000,0.000,0.000,0.000,0.000,0.000,0.000,0.000,0.000,0.000,0.000,0.000,0.000,0.000,0.000,0.000,0.000,0.000,0.000,0.000,0.000,0.000,0.000,0.000,0.000,0.000,0.000,0.000,0.000,0.000,0.000,0.000,0.000,0.000,0.000,0.000,0.000,0.000,0.000,0.000,0.000,0.000,0.000,0.000,0.000,0.000,0.000,0.000,0.000,0.000,0.000,0.000,0.000,0.000,0.000,0.000,0.000,0.000,0.000,0.000,0.000,0.000,0.000,0.000,0.000,0.000,0.000,0.000,0.000,0.000,0.000,0.000,0.000,0.000,0.000,0.000,0.000
187.000,191.000,163.000,123.000,105.000,143.000,189.000,129.000,148.000,148.000,132.000,128.000,144.000,120.000,200.000,139.000,146.000,190.000,142.000,116.000,152.000,156.000,144.000,119.000,118.000,138.000,135.000,112.000,194.000,153.000,104.000,199.000,109.000,187.000,117.000,122.000,140.000,112.000,114.000,165.000,190.000,152.000,165.000,112.000,130.000,171.000,167.000,149.000,142.000,164.000,102.000,148.000,136.000,179.000,150.000,172.000,190.000,154.000,181.000,118.000,110.000,171.000,166.000,111.000,183.000,189.000,127.000,179.000,102.000,189.000,190.000,190.000,109.000,157.000,149.000,107.000,109.000,136.000,173.000,118.000
0.000,0.000,0.000,0.000,0.000,0.000,0.000,0.000,0.000,0.000,0.000,0.000,0.000,0.000,0.000,0.000,0.000,0.000,0.000,0.000,0.000,0.000,0.000,0.000,0.000,0.000,0.000,0.000,0.000,0.000,0.000,0.000,0.000,0.000,0.000,0.000,0.000,0.000,0.000,0.000,0.000,0.000,0.000,0.000,0.000,0.000,0.000,0.000,0.000,0.000,0.000,0.000,0.000,0.000,0.000,0.000,0.000,0.000,0.000,0.000,0.000,0.000,0.000,0.000,0.000,0.000,0.000,0.000,0.000,0.000,0.000,0.000,0.000,0.000,0.000,0.000,0.000,0.000,0.000,0.000
211.806
